bird 0.3242 154 86 422 346
bird 0.0594 149 47 249 152
bird 0.0063 181 75 391 252
bird 0.0034 43 16 455 301
bird 0.0024 188 183 388 358
bird 0.0024 167 60 265 128
bird 0.0010 222 205 352 281
bird 0.0010 44 214 92 261
chair 0.0030 370 167 506 377
chair 0.0010 399 289 497 372
person 0.0044 385 128 498 363
person 0.0033 -7 70 430 361
person 0.0028 49 67 91 122
person 0.0024 -2 56 111 262
person 0.0013 7 58 92 142
person 0.0010 -27 76 67 299
pottedplant 0.0160 0 169 115 380
pottedplant 0.0041 9 219 89 331
pottedplant 0.0035 13 218 178 384
pottedplant 0.0030 381 93 499 340
pottedplant 0.0025 9 160 182 328
pottedplant 0.0021 49 247 219 415
pottedplant 0.0021 44 254 144 345
pottedplant 0.0020 8 289 101 376
pottedplant 0.0019 0 24 26 104
pottedplant 0.0018 426 105 520 330
pottedplant 0.0017 453 148 496 214
pottedplant 0.0015 -3 5 66 94
pottedplant 0.0014 84 284 181 378
pottedplant 0.0013 3 177 48 271
pottedplant 0.0011 -11 252 64 350
pottedplant 0.0011 -34 184 83 365
pottedplant 0.0010 43 198 146 288
pottedplant 0.0010 0 46 23 81
pottedplant 0.0010 -49 136 242 411
