aeroplane 0.0021 316 88 333 126
aeroplane 0.0011 294 148 331 173
aeroplane 0.0010 292 134 332 188
boat 0.0273 147 148 286 212
boat 0.0237 216 148 319 216
boat 0.0074 182 167 303 235
boat 0.0045 92 136 240 205
boat 0.0035 132 115 299 236
boat 0.0030 108 167 236 234
boat 0.0029 223 170 251 198
boat 0.0023 234 185 265 210
boat 0.0020 234 174 317 222
boat 0.0015 47 114 233 234
boat 0.0015 204 172 241 195
boat 0.0014 151 173 191 194
boat 0.0013 296 133 331 160
boat 0.0013 204 99 325 243
boat 0.0013 292 119 334 170
boat 0.0011 170 171 200 194
boat 0.0011 124 173 169 193
boat 0.0011 254 135 334 202
boat 0.0010 73 60 360 285
boat 0.0010 95 158 198 203
boat 0.0010 194 169 226 194
train 0.0181 124 148 259 201
train 0.0046 24 68 359 277
train 0.0018 97 111 286 232
