cat 0.0061 162 217 412 331
cat 0.0013 213 238 366 302
chair 0.0027 -1 234 20 341
chair 0.0023 397 145 498 339
chair 0.0022 72 211 346 322
chair 0.0018 185 237 459 336
chair 0.0015 -6 225 66 314
chair 0.0012 0 270 57 330
chair 0.0011 46 228 143 310
chair 0.0011 -4 263 97 336
chair 0.0010 33 199 238 328
diningtable 0.0090 136 243 435 332
diningtable 0.0075 0 292 191 335
diningtable 0.0018 73 227 501 359
person 0.7015 83 30 339 302
person 0.1436 158 39 324 240
person 0.0118 -22 92 368 340
person 0.0024 432 71 513 311
person 0.0020 65 49 281 228
person 0.0019 19 25 168 253
person 0.0016 -31 27 225 303
person 0.0015 208 68 354 263
person 0.0010 392 107 500 327
sofa 0.0109 21 192 478 343
tvmonitor 0.0112 84 0 172 70
tvmonitor 0.0033 46 5 148 67
tvmonitor 0.0020 478 33 501 156
