bottle 0.0081 456 120 492 181
bottle 0.0028 459 136 486 170
bottle 0.0015 141 164 223 253
bottle 0.0015 468 114 499 245
bottle 0.0013 158 175 206 242
bottle 0.0010 138 172 187 246
bottle 0.0010 458 82 495 164
car 0.0138 471 88 498 160
car 0.0054 476 104 498 144
car 0.0025 3 86 103 177
chair 0.0013 456 152 496 292
motorbike 0.4591 12 104 333 384
motorbike 0.0180 94 118 481 368
motorbike 0.0168 16 183 255 363
motorbike 0.0162 42 87 223 346
motorbike 0.0041 -1 72 118 246
motorbike 0.0041 141 138 358 351
motorbike 0.0022 4 201 495 400
person 0.7367 331 3 416 319
person 0.4917 228 49 355 331
person 0.3176 111 78 388 354
person 0.0851 256 13 473 361
person 0.0597 326 79 464 350
person 0.0133 89 70 253 361
person 0.0115 192 58 302 259
person 0.0090 306 2 433 151
person 0.0057 377 76 508 299
person 0.0043 134 60 295 314
person 0.0041 15 53 179 324
person 0.0041 272 27 385 241
person 0.0038 336 -7 450 211
person 0.0037 437 86 511 344
person 0.0034 333 73 368 230
person 0.0023 249 133 389 347
person 0.0023 302 38 582 336
person 0.0017 292 118 348 259
person 0.0016 337 86 407 228
person 0.0015 325 66 354 179
person 0.0014 441 108 504 207
person 0.0012 5 93 96 206
person 0.0012 468 106 500 225
person 0.0011 16 23 328 294
person 0.0011 250 77 333 176
person 0.0010 25 68 102 178
person 0.0010 346 131 449 245
person 0.0010 251 126 335 244
pottedplant 0.0476 -13 143 67 350
pottedplant 0.0354 10 87 103 344
pottedplant 0.0218 48 -15 219 164
pottedplant 0.0201 -5 183 58 311
pottedplant 0.0178 433 5 504 95
pottedplant 0.0087 357 -7 468 51
pottedplant 0.0071 90 82 186 168
pottedplant 0.0069 448 5 498 67
pottedplant 0.0059 392 2 493 79
pottedplant 0.0056 130 22 214 121
pottedplant 0.0048 0 0 54 43
pottedplant 0.0046 425 -13 528 159
pottedplant 0.0041 62 -1 148 102
pottedplant 0.0038 5 16 186 189
pottedplant 0.0038 127 62 218 147
pottedplant 0.0037 470 48 499 168
pottedplant 0.0037 81 28 184 118
pottedplant 0.0036 195 39 243 94
pottedplant 0.0034 -2 -7 27 49
pottedplant 0.0032 89 -2 178 90
pottedplant 0.0032 272 -5 323 49
pottedplant 0.0029 -30 73 66 301
pottedplant 0.0029 384 -2 441 46
pottedplant 0.0028 184 5 254 96
pottedplant 0.0023 -3 -2 25 25
pottedplant 0.0023 -3 -7 64 80
pottedplant 0.0022 430 12 476 60
pottedplant 0.0020 10 182 88 302
pottedplant 0.0019 47 27 123 130
pottedplant 0.0019 96 -34 249 125
pottedplant 0.0018 468 13 503 86
pottedplant 0.0017 207 62 229 94
pottedplant 0.0017 97 25 252 176
pottedplant 0.0017 18 -37 173 129
pottedplant 0.0017 83 62 124 126
pottedplant 0.0016 5 105 103 198
pottedplant 0.0015 8 56 103 151
pottedplant 0.0015 -11 -55 281 200
pottedplant 0.0012 9 4 46 35
pottedplant 0.0012 5 172 52 245
pottedplant 0.0012 -12 127 53 248
pottedplant 0.0012 158 111 207 159
pottedplant 0.0011 231 1 289 41
pottedplant 0.0011 475 77 500 110
pottedplant 0.0010 120 -15 224 50
pottedplant 0.0010 -2 19 27 80
pottedplant 0.0010 -2 152 27 238
pottedplant 0.0010 476 89 497 127
