bicycle 0.0739 222 149 268 188
bicycle 0.0344 316 136 357 177
bird 0.0183 313 132 356 165
bird 0.0046 236 157 277 182
boat 0.0012 479 97 500 175
car 0.0136 481 127 498 167
motorbike 0.0012 198 138 282 185
person 0.4206 270 120 292 151
person 0.1380 229 148 257 178
person 0.0541 318 137 350 162
person 0.0506 232 142 274 182
person 0.0416 281 124 306 149
person 0.0253 479 116 499 178
person 0.0086 283 132 308 155
person 0.0043 479 127 500 242
person 0.0034 265 124 297 163
person 0.0029 306 135 334 156
person 0.0025 274 118 311 153
person 0.0014 268 112 295 138
