bottle 0.1644 391 163 424 286
bottle 0.0155 118 194 202 282
bottle 0.0058 380 175 443 299
bottle 0.0051 396 191 424 339
bottle 0.0047 396 155 434 233
bottle 0.0037 94 175 172 262
bottle 0.0025 214 189 257 258
bottle 0.0018 87 194 128 283
bottle 0.0016 202 177 248 241
bottle 0.0016 415 159 447 259
bottle 0.0012 381 207 415 296
bottle 0.0010 101 186 145 260
cat 0.5063 41 3 457 313
cat 0.0055 237 32 419 233
cat 0.0026 130 39 370 278
cat 0.0018 218 -2 509 262
chair 0.0170 44 172 158 374
chair 0.0108 42 280 143 383
chair 0.0028 52 223 146 327
chair 0.0015 117 205 203 299
diningtable 0.0016 -12 120 436 367
dog 0.4672 16 15 406 302
dog 0.0035 88 52 336 263
person 0.0150 -7 36 354 337
person 0.0013 71 181 105 265
person 0.0010 395 219 425 342
tvmonitor 0.0018 52 312 157 392
