bird 0.0016 -2 123 36 191
bus 0.0039 -1 311 14 407
bus 0.0012 3 313 81 389
car 0.0053 1 278 81 348
car 0.0051 0 335 13 386
car 0.0050 0 355 14 399
car 0.0024 67 233 120 335
car 0.0019 59 307 92 336
car 0.0014 17 294 48 319
car 0.0013 -1 331 16 420
car 0.0011 26 273 107 343
car 0.0011 54 261 133 354
car 0.0011 1 288 93 394
car 0.0011 56 298 97 345
car 0.0010 268 309 355 402
chair 0.0012 266 346 358 407
horse 0.4418 91 118 317 432
horse 0.0034 85 151 214 402
horse 0.0012 159 162 301 389
person 0.8462 149 68 252 278
person 0.1736 86 58 267 421
person 0.0071 183 71 213 102
person 0.0049 176 63 220 108
person 0.0031 169 77 249 163
person 0.0027 0 314 12 366
person 0.0025 104 45 302 290
person 0.0023 106 62 245 214
person 0.0020 188 100 261 233
person 0.0018 339 277 354 409
person 0.0017 164 56 232 145
person 0.0015 341 316 353 366
person 0.0015 134 79 217 184
person 0.0015 215 92 256 154
pottedplant 0.0024 29 87 105 175
pottedplant 0.0013 3 64 132 268
tvmonitor 0.0116 80 235 120 302
