chair 0.6796 282 166 348 279
chair 0.6545 142 170 220 278
chair 0.5692 221 178 291 301
chair 0.4417 337 155 382 235
chair 0.2759 245 178 328 300
chair 0.1417 349 174 389 240
chair 0.0396 402 322 487 380
chair 0.0377 221 167 260 281
chair 0.0313 109 178 245 301
chair 0.0289 276 160 322 258
chair 0.0248 5 292 106 378
chair 0.0230 318 161 353 255
chair 0.0201 274 170 372 316
chair 0.0178 292 150 339 238
chair 0.0175 93 162 183 275
chair 0.0163 446 332 499 374
chair 0.0153 139 198 187 273
chair 0.0141 353 145 389 216
chair 0.0139 167 154 230 268
chair 0.0117 256 183 298 296
chair 0.0105 235 167 283 251
chair 0.0084 335 195 381 244
chair 0.0070 224 167 259 191
chair 0.0066 0 264 29 352
chair 0.0066 299 146 374 244
chair 0.0060 451 352 492 375
chair 0.0055 301 149 428 339
chair 0.0053 283 150 320 210
chair 0.0050 476 279 499 396
chair 0.0049 390 348 505 377
chair 0.0047 317 151 352 211
chair 0.0046 208 222 302 315
chair 0.0046 168 181 273 293
chair 0.0045 373 182 408 235
chair 0.0044 473 350 501 377
chair 0.0041 286 150 315 181
chair 0.0038 411 260 492 388
chair 0.0038 330 188 405 299
chair 0.0037 217 167 262 221
chair 0.0037 414 358 492 375
chair 0.0036 181 193 219 282
chair 0.0034 259 150 294 240
chair 0.0033 124 87 241 290
chair 0.0032 400 147 428 242
chair 0.0032 341 174 373 216
chair 0.0032 399 183 436 319
chair 0.0029 294 138 334 197
chair 0.0029 358 189 386 230
chair 0.0029 338 141 402 223
chair 0.0028 211 158 303 230
chair 0.0026 5 267 111 346
chair 0.0025 292 122 342 180
chair 0.0024 226 229 347 301
chair 0.0024 267 148 292 180
chair 0.0021 205 158 238 290
chair 0.0020 265 166 294 192
chair 0.0019 450 268 498 380
chair 0.0019 323 161 347 197
chair 0.0018 285 161 313 193
chair 0.0017 151 217 210 280
chair 0.0016 -17 232 138 369
chair 0.0016 354 193 392 280
chair 0.0016 393 155 493 389
chair 0.0016 362 169 456 375
chair 0.0015 342 160 372 197
chair 0.0015 238 167 274 192
chair 0.0015 34 332 154 386
chair 0.0015 294 192 339 305
chair 0.0015 175 200 339 333
chair 0.0013 15 162 170 326
chair 0.0013 221 162 265 200
chair 0.0013 298 136 337 161
chair 0.0012 238 200 403 342
chair 0.0012 226 176 254 206
chair 0.0012 381 211 443 332
chair 0.0012 0 258 57 388
chair 0.0012 240 150 320 239
chair 0.0012 44 199 147 288
chair 0.0012 231 158 277 205
chair 0.0012 168 174 231 218
chair 0.0011 128 209 202 288
chair 0.0011 239 114 352 267
chair 0.0011 343 188 372 230
chair 0.0011 302 190 335 227
chair 0.0011 352 296 459 367
chair 0.0011 282 124 358 200
chair 0.0010 311 191 396 248
chair 0.0010 281 123 319 181
chair 0.0010 291 192 376 278
chair 0.0010 93 161 154 226
diningtable 0.2168 205 174 310 302
diningtable 0.0457 105 179 310 296
diningtable 0.0065 208 155 277 265
diningtable 0.0049 180 162 260 287
diningtable 0.0043 225 159 331 259
diningtable 0.0042 5 154 418 334
diningtable 0.0016 191 164 290 226
person 0.0053 309 104 329 141
person 0.0013 305 95 327 126
pottedplant 0.0010 305 96 335 150
train 0.0260 16 38 330 279
train 0.0034 146 24 270 235
train 0.0012 52 57 200 260
tvmonitor 0.1643 172 71 263 146
tvmonitor 0.0173 397 135 428 194
tvmonitor 0.0036 296 113 340 160
tvmonitor 0.0032 300 121 335 149
tvmonitor 0.0027 167 81 238 134
tvmonitor 0.0022 148 24 273 179
tvmonitor 0.0012 358 153 390 182
