bottle 0.0013 374 88 484 189
chair 0.0012 385 107 491 206
diningtable 0.0022 122 54 529 319
person 0.0022 363 79 506 230
pottedplant 0.2466 107 13 391 362
pottedplant 0.1606 105 14 318 243
pottedplant 0.1127 148 67 351 309
pottedplant 0.0180 166 128 312 358
pottedplant 0.0094 158 5 263 82
pottedplant 0.0052 160 205 268 286
pottedplant 0.0038 193 4 302 79
pottedplant 0.0037 198 197 290 290
pottedplant 0.0035 242 52 323 144
pottedplant 0.0030 169 -17 316 169
pottedplant 0.0024 196 177 304 259
pottedplant 0.0022 162 175 259 261
pottedplant 0.0021 247 173 333 258
pottedplant 0.0016 94 73 251 301
pottedplant 0.0016 200 228 298 319
pottedplant 0.0015 240 206 338 281
pottedplant 0.0015 200 149 298 229
pottedplant 0.0013 199 115 298 204
pottedplant 0.0013 163 145 259 231
pottedplant 0.0012 155 117 267 202
pottedplant 0.0011 211 24 361 177
pottedplant 0.0011 53 74 215 243
pottedplant 0.0011 86 114 179 203
pottedplant 0.0010 203 22 295 121
