bottle 0.0022 334 110 375 170
chair 0.2653 0 219 42 304
chair 0.0979 241 198 303 369
chair 0.0218 14 238 51 312
chair 0.0197 0 208 20 309
chair 0.0195 -1 211 74 284
chair 0.0139 342 302 368 406
chair 0.0138 218 169 321 351
chair 0.0102 277 208 336 361
chair 0.0087 48 242 80 273
chair 0.0084 42 245 83 303
chair 0.0072 0 238 77 323
chair 0.0071 301 215 350 365
chair 0.0066 33 243 69 308
chair 0.0057 51 180 85 261
chair 0.0056 0 176 39 271
chair 0.0046 -1 288 101 508
chair 0.0046 47 212 87 269
chair 0.0044 267 190 321 332
chair 0.0041 257 182 347 387
chair 0.0034 29 211 109 277
chair 0.0034 200 200 293 303
chair 0.0032 228 181 304 259
chair 0.0031 204 167 284 250
chair 0.0027 21 240 48 280
chair 0.0027 54 216 148 286
chair 0.0025 203 230 289 343
chair 0.0022 5 300 77 420
chair 0.0022 -1 226 47 367
chair 0.0021 0 222 21 408
chair 0.0021 293 111 373 390
chair 0.0020 60 227 93 255
chair 0.0020 354 297 375 409
chair 0.0019 0 152 19 287
chair 0.0019 98 196 145 251
chair 0.0017 49 255 77 294
chair 0.0017 0 279 43 468
chair 0.0017 52 222 78 260
chair 0.0017 28 213 73 270
chair 0.0017 7 171 63 277
chair 0.0016 50 191 135 254
chair 0.0015 10 230 88 291
chair 0.0015 56 199 77 242
chair 0.0015 0 229 15 287
chair 0.0014 2 269 72 372
chair 0.0014 158 239 273 339
chair 0.0013 268 244 319 389
chair 0.0013 36 235 106 328
chair 0.0013 56 196 95 250
chair 0.0013 54 240 145 325
chair 0.0013 22 254 46 301
chair 0.0011 6 237 35 287
chair 0.0010 183 113 303 323
chair 0.0010 58 245 96 271
chair 0.0010 18 261 56 335
chair 0.0010 32 279 111 371
diningtable 0.0050 -3 264 146 473
person 0.0256 351 238 374 398
person 0.0042 128 184 245 256
person 0.0019 336 249 384 401
person 0.0011 67 142 249 304
pottedplant 0.2339 47 111 107 253
pottedplant 0.2151 198 94 273 196
pottedplant 0.1803 12 98 80 240
pottedplant 0.0648 180 127 264 208
pottedplant 0.0221 187 89 293 258
pottedplant 0.0216 50 118 82 247
pottedplant 0.0187 57 118 101 209
pottedplant 0.0169 31 159 100 246
pottedplant 0.0130 -3 107 45 242
pottedplant 0.0103 -6 118 90 298
pottedplant 0.0091 208 128 291 195
pottedplant 0.0075 31 97 109 190
pottedplant 0.0069 64 119 136 226
pottedplant 0.0066 0 135 18 269
pottedplant 0.0037 227 137 276 188
pottedplant 0.0037 58 178 142 247
pottedplant 0.0036 229 117 276 173
pottedplant 0.0031 -1 84 19 204
pottedplant 0.0030 160 61 281 214
pottedplant 0.0027 210 98 261 154
pottedplant 0.0027 299 109 369 233
pottedplant 0.0025 71 128 109 199
pottedplant 0.0022 16 116 55 210
pottedplant 0.0020 33 101 69 227
pottedplant 0.0019 40 89 161 264
pottedplant 0.0019 64 144 94 179
pottedplant 0.0017 189 127 228 200
pottedplant 0.0016 325 142 350 175
pottedplant 0.0016 253 143 277 181
pottedplant 0.0015 48 109 80 180
pottedplant 0.0015 -18 76 59 281
pottedplant 0.0015 66 85 134 189
pottedplant 0.0015 212 155 262 208
pottedplant 0.0014 237 121 309 225
pottedplant 0.0014 324 121 348 166
pottedplant 0.0013 221 167 254 196
pottedplant 0.0013 283 63 381 279
pottedplant 0.0012 1 103 39 188
pottedplant 0.0012 0 149 37 256
pottedplant 0.0011 15 43 122 226
pottedplant 0.0010 -20 86 49 187
pottedplant 0.0010 236 148 269 182
sofa 0.5190 47 214 273 354
sofa 0.0627 -1 149 318 349
sofa 0.0137 19 220 355 507
sofa 0.0081 96 232 234 327
sofa 0.0055 80 208 236 291
sofa 0.0046 88 142 284 299
sofa 0.0037 73 251 301 389
tvmonitor 0.0142 345 221 369 378
tvmonitor 0.0024 353 141 375 259
tvmonitor 0.0015 353 66 374 148
tvmonitor 0.0011 307 149 371 253
tvmonitor 0.0011 298 220 351 377
