bus 0.6499 6 34 493 340
bus 0.0061 127 83 373 290
bus 0.0029 -33 10 304 307
car 0.4825 26 62 473 370
car 0.0077 -30 23 300 351
car 0.0040 213 12 262 33
car 0.0027 122 161 379 331
person 0.0684 431 215 460 286
person 0.0090 0 103 23 174
person 0.0071 7 83 40 195
person 0.0055 67 77 100 143
person 0.0053 438 218 458 257
person 0.0018 3 103 20 142
person 0.0017 424 204 452 276
person 0.0016 91 122 122 149
person 0.0015 74 102 96 140
person 0.0013 223 88 258 157
person 0.0013 73 80 99 108
person 0.0012 52 75 87 145
person 0.0012 125 92 217 171
pottedplant 0.0011 479 96 501 208
train 0.4762 41 -2 535 319
train 0.0077 103 -4 473 207
train 0.0025 169 51 408 264
