bird 0.0021 402 119 463 158
bottle 0.0017 371 141 409 220
bottle 0.0013 415 147 453 241
bus 0.0119 411 130 476 239
bus 0.0092 47 196 82 248
bus 0.0064 63 202 104 243
bus 0.0040 115 208 169 242
bus 0.0028 108 195 236 239
bus 0.0026 32 197 67 245
bus 0.0020 74 203 180 245
bus 0.0016 23 193 111 252
car 0.6044 0 232 48 276
car 0.5001 104 221 142 247
car 0.1503 91 223 125 247
car 0.0637 70 213 100 236
car 0.0452 54 237 80 271
car 0.0420 54 209 78 235
car 0.0407 19 234 73 272
car 0.0378 6 247 45 280
car 0.0358 183 214 218 235
car 0.0334 98 209 148 243
car 0.0282 264 222 290 246
car 0.0254 146 215 181 235
car 0.0245 164 215 203 234
car 0.0233 121 216 162 237
car 0.0229 118 226 162 245
car 0.0197 87 218 132 255
car 0.0189 72 223 101 251
car 0.0162 -9 237 65 290
car 0.0159 200 215 241 235
car 0.0147 37 208 63 234
car 0.0122 -5 237 31 271
car 0.0088 145 224 179 245
car 0.0081 56 224 82 255
car 0.0074 92 216 125 239
car 0.0058 36 227 65 254
car 0.0055 72 215 178 256
car 0.0048 52 213 86 267
car 0.0045 164 225 201 245
car 0.0044 185 224 220 244
car 0.0039 27 249 66 275
car 0.0035 282 223 309 246
car 0.0023 110 220 169 250
car 0.0022 0 210 25 236
car 0.0020 7 229 46 251
car 0.0019 30 216 72 262
car 0.0019 9 212 43 233
car 0.0018 141 205 186 240
car 0.0018 203 224 240 244
car 0.0012 101 222 143 276
car 0.0012 0 226 26 253
car 0.0012 196 205 247 240
car 0.0011 71 235 96 270
car 0.0010 2 213 111 274
person 0.0578 248 218 269 250
person 0.0070 228 212 252 240
person 0.0043 429 174 463 244
person 0.0024 472 169 500 250
person 0.0020 476 208 498 241
person 0.0016 408 181 494 245
person 0.0013 232 220 254 249
person 0.0011 401 116 472 247
pottedplant 0.0175 305 189 325 228
pottedplant 0.0089 241 124 313 236
pottedplant 0.0052 407 119 471 210
pottedplant 0.0044 384 35 493 224
pottedplant 0.0035 303 207 327 235
pottedplant 0.0025 404 72 478 187
pottedplant 0.0024 280 183 318 237
pottedplant 0.0024 222 161 260 230
pottedplant 0.0023 226 182 256 239
pottedplant 0.0017 254 150 301 240
pottedplant 0.0016 360 83 447 176
pottedplant 0.0014 236 146 278 244
pottedplant 0.0013 300 159 329 234
pottedplant 0.0012 280 213 314 237
train 0.0020 409 118 487 246
tvmonitor 0.0012 475 123 501 234
