bottle 0.0529 359 225 396 310
bottle 0.0210 86 110 122 162
bottle 0.0105 444 291 496 332
bottle 0.0105 453 298 488 326
bottle 0.0071 373 234 405 299
bottle 0.0069 476 296 498 330
bottle 0.0048 336 286 377 365
bottle 0.0045 339 215 406 319
bottle 0.0036 123 59 156 131
bottle 0.0031 384 231 403 271
bottle 0.0029 334 241 377 352
bottle 0.0027 379 248 404 287
bottle 0.0025 331 329 384 372
bottle 0.0025 363 248 390 289
bottle 0.0020 437 306 501 364
bottle 0.0015 319 233 352 356
bottle 0.0013 330 227 380 306
bottle 0.0011 312 277 353 342
car 0.0010 452 255 490 275
chair 0.0468 115 174 309 370
chair 0.0427 210 170 272 220
chair 0.0218 241 168 326 261
chair 0.0161 188 165 308 333
chair 0.0159 285 230 363 320
chair 0.0143 270 176 385 243
chair 0.0119 316 200 400 302
chair 0.0100 -4 172 126 365
chair 0.0080 283 206 324 328
chair 0.0071 291 190 377 290
chair 0.0070 205 137 277 227
chair 0.0063 252 217 329 324
chair 0.0059 101 269 323 383
chair 0.0058 254 171 405 322
chair 0.0053 -17 233 219 364
chair 0.0046 -7 303 142 376
chair 0.0036 171 299 320 373
chair 0.0033 1 230 63 359
chair 0.0031 209 217 297 324
chair 0.0029 0 183 56 302
chair 0.0026 0 167 25 306
chair 0.0024 -12 157 62 388
chair 0.0021 319 204 358 301
chair 0.0020 437 291 507 373
chair 0.0018 194 259 306 347
chair 0.0017 217 294 359 365
chair 0.0016 303 272 338 348
chair 0.0015 293 190 334 314
chair 0.0014 234 263 344 342
chair 0.0013 164 154 257 223
chair 0.0013 16 328 174 377
chair 0.0012 244 180 306 231
chair 0.0011 97 296 249 369
chair 0.0010 0 211 22 350
chair 0.0010 199 328 380 381
diningtable 0.0102 261 228 465 374
diningtable 0.0083 278 277 526 382
diningtable 0.0081 278 327 455 379
diningtable 0.0065 82 205 493 398
diningtable 0.0055 331 294 468 372
diningtable 0.0037 181 228 389 377
diningtable 0.0028 430 301 505 370
diningtable 0.0021 299 299 410 376
diningtable 0.0016 398 263 495 347
diningtable 0.0015 384 328 505 379
diningtable 0.0014 308 256 412 348
diningtable 0.0012 345 350 521 379
diningtable 0.0010 197 249 609 411
person 0.7386 3 135 182 345
person 0.4100 254 157 301 227
person 0.1737 93 165 250 325
person 0.1598 125 157 206 274
person 0.0677 236 164 325 220
person 0.0494 -10 141 356 348
person 0.0161 210 144 305 220
person 0.0100 51 137 218 301
person 0.0079 120 144 301 298
person 0.0039 0 9 29 148
person 0.0038 -12 112 71 320
person 0.0036 41 166 148 269
person 0.0032 476 248 500 341
person 0.0027 2 117 21 154
person 0.0022 244 169 313 276
person 0.0018 228 152 349 285
person 0.0015 261 172 294 216
person 0.0015 123 156 165 233
person 0.0014 0 147 24 271
person 0.0013 -4 104 130 281
pottedplant 0.0162 124 65 157 153
pottedplant 0.0112 350 196 400 249
pottedplant 0.0075 201 127 239 148
pottedplant 0.0063 314 178 398 267
pottedplant 0.0037 407 199 489 291
pottedplant 0.0029 337 192 405 284
pottedplant 0.0019 356 196 393 222
pottedplant 0.0019 361 205 392 237
pottedplant 0.0019 439 30 524 112
pottedplant 0.0018 376 211 409 263
pottedplant 0.0017 373 126 508 307
pottedplant 0.0013 320 185 390 231
pottedplant 0.0013 112 66 174 177
pottedplant 0.0012 361 176 445 258
pottedplant 0.0012 194 120 245 157
pottedplant 0.0012 395 166 489 263
sofa 0.2922 12 165 257 381
sofa 0.0095 -7 270 278 378
sofa 0.0056 39 213 383 389
tvmonitor 0.2519 301 173 370 219
tvmonitor 0.0121 -2 139 52 220
tvmonitor 0.0068 287 176 385 238
tvmonitor 0.0059 312 180 360 209
tvmonitor 0.0013 -1 124 25 233
