bottle 0.7246 168 66 200 179
bottle 0.4031 361 45 392 172
bottle 0.3605 283 62 316 125
bottle 0.3439 297 70 330 173
bottle 0.3036 299 62 330 125
bottle 0.2691 243 84 281 162
bottle 0.2571 208 88 238 157
bottle 0.2536 246 151 280 238
bottle 0.2511 322 54 351 132
bottle 0.2022 339 52 368 164
bottle 0.2001 358 82 395 219
bottle 0.1932 203 118 238 243
bottle 0.1817 284 70 313 173
bottle 0.1744 88 79 179 240
bottle 0.1636 110 73 140 172
bottle 0.1496 128 81 165 164
bottle 0.1451 221 156 252 234
bottle 0.1388 322 62 355 183
bottle 0.1168 212 94 287 218
bottle 0.1123 169 67 202 122
bottle 0.0810 261 152 290 236
bottle 0.0678 376 65 404 180
bottle 0.0649 182 62 213 183
bottle 0.0549 101 70 165 188
bottle 0.0537 102 110 143 160
bottle 0.0522 284 65 349 179
bottle 0.0504 144 74 176 171
bottle 0.0476 333 86 409 177
bottle 0.0408 322 4 409 192
bottle 0.0352 135 76 204 179
bottle 0.0345 326 70 347 117
bottle 0.0324 222 80 254 137
bottle 0.0323 362 8 395 120
bottle 0.0313 258 91 292 152
bottle 0.0282 123 68 159 120
bottle 0.0270 131 76 155 109
bottle 0.0209 306 84 326 132
bottle 0.0201 151 55 215 163
bottle 0.0192 285 84 308 131
bottle 0.0183 172 83 193 134
bottle 0.0165 211 99 232 146
bottle 0.0158 191 86 249 218
bottle 0.0147 305 58 368 186
bottle 0.0141 225 89 256 212
bottle 0.0121 110 116 139 153
bottle 0.0117 244 80 275 108
bottle 0.0107 284 115 314 186
bottle 0.0105 299 9 331 118
bottle 0.0102 344 71 365 117
bottle 0.0097 175 58 195 102
bottle 0.0096 320 49 391 167
bottle 0.0094 112 66 143 118
bottle 0.0094 305 59 328 102
bottle 0.0090 169 109 205 218
bottle 0.0090 222 82 297 165
bottle 0.0089 316 76 424 241
bottle 0.0089 190 134 216 256
bottle 0.0086 253 84 327 168
bottle 0.0086 240 68 280 120
bottle 0.0084 286 99 307 146
bottle 0.0082 280 141 311 247
bottle 0.0080 174 132 247 236
bottle 0.0079 112 88 134 128
bottle 0.0076 332 10 368 118
bottle 0.0076 186 106 317 268
bottle 0.0069 116 57 229 208
bottle 0.0066 207 69 237 120
bottle 0.0065 228 172 249 218
bottle 0.0062 346 36 404 151
bottle 0.0061 258 72 343 143
bottle 0.0060 127 67 154 98
bottle 0.0057 364 70 385 117
bottle 0.0054 262 93 291 208
bottle 0.0053 324 12 351 116
bottle 0.0052 265 101 289 142
bottle 0.0050 170 58 231 186
bottle 0.0049 154 98 214 202
bottle 0.0049 140 97 279 228
bottle 0.0048 288 56 309 103
bottle 0.0047 281 60 355 127
bottle 0.0047 296 113 331 190
bottle 0.0047 204 152 273 237
bottle 0.0040 365 99 387 147
bottle 0.0037 102 97 143 203
bottle 0.0035 329 83 348 134
bottle 0.0031 114 98 133 149
bottle 0.0029 171 110 194 163
bottle 0.0029 126 97 163 235
bottle 0.0028 248 115 344 201
bottle 0.0028 119 114 300 317
bottle 0.0028 61 105 144 214
bottle 0.0027 380 21 407 137
bottle 0.0026 140 68 180 120
bottle 0.0026 266 87 290 128
bottle 0.0025 76 103 172 169
bottle 0.0025 133 85 156 127
bottle 0.0024 294 154 337 235
bottle 0.0024 141 99 176 231
bottle 0.0024 250 170 272 220
bottle 0.0023 238 189 278 253
bottle 0.0023 181 108 217 222
bottle 0.0023 247 86 271 130
bottle 0.0021 327 100 348 147
bottle 0.0021 279 126 351 233
bottle 0.0021 229 116 250 156
bottle 0.0021 134 98 157 147
bottle 0.0020 329 -4 375 76
bottle 0.0020 265 56 293 130
bottle 0.0019 91 59 195 130
bottle 0.0019 249 98 272 148
bottle 0.0018 72 93 107 183
bottle 0.0018 344 100 364 146
bottle 0.0018 290 130 341 199
bottle 0.0018 287 19 316 111
bottle 0.0017 247 142 336 230
bottle 0.0017 227 80 251 113
bottle 0.0017 365 59 388 100
bottle 0.0016 338 98 369 203
bottle 0.0016 227 164 295 253
bottle 0.0016 250 129 272 172
bottle 0.0015 382 97 403 149
bottle 0.0015 375 115 406 216
bottle 0.0013 148 77 175 112
bottle 0.0013 246 68 273 97
bottle 0.0013 230 131 251 173
bottle 0.0013 87 144 156 243
bottle 0.0013 86 109 248 267
bottle 0.0012 189 87 211 131
bottle 0.0012 329 140 410 225
bottle 0.0012 213 83 365 241
bottle 0.0011 228 100 249 145
bottle 0.0011 267 157 288 204
bottle 0.0011 288 128 308 175
bottle 0.0011 306 113 326 162
bottle 0.0011 97 166 174 266
bottle 0.0010 267 73 288 113
bottle 0.0010 89 102 123 173
bottle 0.0010 315 141 352 217
chair 0.0560 409 -15 492 216
chair 0.0081 5 51 96 258
chair 0.0058 -10 45 62 270
chair 0.0046 419 70 489 187
chair 0.0046 0 91 58 225
chair 0.0045 358 159 398 223
chair 0.0018 72 83 104 219
chair 0.0011 70 101 147 227
chair 0.0010 391 32 473 154
diningtable 0.1893 71 146 504 342
diningtable 0.0167 -33 88 456 285
diningtable 0.0117 197 175 450 320
diningtable 0.0067 60 210 362 332
diningtable 0.0033 60 126 285 305
diningtable 0.0030 213 121 431 250
diningtable 0.0026 158 111 341 318
diningtable 0.0018 257 143 383 221
diningtable 0.0012 -4 201 426 401
diningtable 0.0012 262 139 466 294
diningtable 0.0010 306 180 427 247
diningtable 0.0010 -69 129 339 358
person 0.0728 323 0 392 99
person 0.0225 292 -4 367 95
person 0.0168 336 -3 369 105
person 0.0151 361 4 397 95
person 0.0134 292 0 330 101
person 0.0120 246 4 330 85
person 0.0083 322 -12 406 156
person 0.0073 -9 -8 104 218
person 0.0048 378 1 502 156
person 0.0042 371 -2 406 130
person 0.0033 257 -1 392 147
person 0.0029 399 21 492 125
person 0.0024 477 63 501 208
person 0.0017 318 -1 354 102
person 0.0013 339 -10 409 83
person 0.0010 358 3 449 83
person 0.0010 358 -5 399 49
person 0.0010 233 -9 338 158
