cat 0.0079 353 136 467 226
cat 0.0034 304 134 446 200
cat 0.0010 -12 133 137 301
chair 0.0015 0 161 122 327
chair 0.0014 11 197 100 292
diningtable 0.0012 -20 133 443 355
dog 0.1286 53 90 201 233
dog 0.1031 78 106 184 201
dog 0.0514 317 147 468 211
dog 0.0191 314 122 481 243
dog 0.0170 120 106 202 173
dog 0.0101 131 89 199 215
dog 0.0066 6 137 183 292
dog 0.0032 309 126 426 204
dog 0.0022 264 132 391 197
dog 0.0015 -32 43 301 274
dog 0.0013 215 120 435 252
dog 0.0010 79 143 187 236
person 0.0045 111 77 236 231
person 0.0030 -1 68 424 364
person 0.0026 58 11 441 247
person 0.0013 193 117 305 199
person 0.0010 40 127 226 305
pottedplant 0.0234 408 83 500 188
pottedplant 0.0035 446 121 499 178
pottedplant 0.0029 476 74 500 200
pottedplant 0.0023 437 109 506 209
sofa 0.1570 -4 99 503 332
sofa 0.0082 -62 38 408 277
sofa 0.0030 163 152 413 336
sofa 0.0024 144 83 355 227
sofa 0.0014 150 116 426 261
sofa 0.0014 83 -4 492 264
tvmonitor 0.0093 445 4 499 66
tvmonitor 0.0069 403 74 499 171
tvmonitor 0.0010 434 5 510 93
