bottle 0.0018 166 333 236 373
bottle 0.0014 116 309 170 368
chair 0.0804 27 242 318 368
chair 0.0381 316 289 416 373
chair 0.0177 122 275 363 378
chair 0.0173 171 291 308 385
chair 0.0156 283 296 381 377
chair 0.0151 290 186 444 358
chair 0.0127 350 289 451 368
chair 0.0071 251 276 306 319
chair 0.0066 301 247 412 343
chair 0.0065 254 277 339 372
chair 0.0058 96 271 252 333
chair 0.0050 348 250 438 343
chair 0.0047 278 260 377 350
chair 0.0042 346 284 403 363
chair 0.0040 146 328 353 375
chair 0.0040 367 300 411 375
chair 0.0035 317 262 487 391
chair 0.0030 190 272 310 344
chair 0.0028 313 301 357 377
chair 0.0028 17 205 252 341
chair 0.0025 307 212 338 294
chair 0.0024 65 288 197 372
chair 0.0021 113 237 230 317
chair 0.0019 254 327 375 376
chair 0.0018 -1 204 20 328
chair 0.0018 199 240 303 315
chair 0.0017 5 257 105 352
chair 0.0016 229 270 320 325
chair 0.0016 303 331 371 373
chair 0.0014 133 285 270 361
chair 0.0012 188 242 387 364
chair 0.0012 386 265 499 342
chair 0.0012 386 296 496 365
chair 0.0012 -15 234 135 372
chair 0.0011 334 303 376 374
chair 0.0011 369 257 418 335
chair 0.0010 302 119 414 313
chair 0.0010 158 202 341 345
diningtable 0.0871 12 268 332 379
diningtable 0.0068 281 272 450 380
diningtable 0.0020 78 326 269 380
diningtable 0.0016 252 239 405 366
diningtable 0.0015 98 285 248 369
diningtable 0.0010 -9 182 355 364
person 0.0048 78 306 207 372
person 0.0011 -1 244 20 373
sofa 0.0800 69 279 353 376
sofa 0.0053 12 221 409 383
tvmonitor 0.3270 318 96 392 172
tvmonitor 0.0106 414 74 485 110
tvmonitor 0.0097 302 82 371 178
tvmonitor 0.0079 383 79 506 292
tvmonitor 0.0043 431 130 509 243
tvmonitor 0.0026 296 71 415 197
tvmonitor 0.0017 424 80 478 103
tvmonitor 0.0014 399 123 503 208
