cow 0.0023 -73 15 267 316
dog 0.4824 10 19 489 312
dog 0.0053 -24 50 294 331
dog 0.0016 182 67 391 265
person 0.0013 -23 60 65 269
pottedplant 0.0162 12 289 119 337
pottedplant 0.0084 48 252 141 336
pottedplant 0.0075 12 252 103 339
pottedplant 0.0066 17 225 174 362
pottedplant 0.0055 355 107 529 275
pottedplant 0.0042 57 293 115 332
pottedplant 0.0039 58 288 155 337
pottedplant 0.0029 449 270 500 329
pottedplant 0.0027 82 257 183 328
pottedplant 0.0025 -23 256 62 333
pottedplant 0.0017 74 293 191 348
pottedplant 0.0016 436 253 525 335
pottedplant 0.0014 -18 251 127 388
pottedplant 0.0014 -18 193 133 345
pottedplant 0.0012 95 293 153 333
pottedplant 0.0011 396 203 490 282
pottedplant 0.0011 265 199 465 337
pottedplant 0.0011 43 228 145 305
pottedplant 0.0010 400 141 560 294
sheep 0.0596 -9 3 67 234
sheep 0.0456 0 32 106 249
sheep 0.0120 23 45 165 236
sheep 0.0105 50 80 300 253
sheep 0.0067 -23 24 294 307
sheep 0.0040 136 72 365 259
sheep 0.0028 -5 70 59 197
sheep 0.0017 2 59 87 174
sheep 0.0012 -60 8 176 272
sheep 0.0011 153 132 347 301
sheep 0.0010 48 92 141 188
