bicycle 0.0040 196 274 275 367
bicycle 0.0010 226 272 286 395
bird 0.0282 224 260 258 334
bird 0.0060 220 256 269 376
bird 0.0050 237 274 274 355
bird 0.0044 248 281 288 350
bird 0.0029 230 252 280 307
bird 0.0026 229 272 252 320
bird 0.0019 228 258 256 297
bird 0.0010 199 230 259 365
bird 0.0010 211 239 275 319
bottle 0.0039 115 126 152 198
car 0.0042 247 -8 335 50
car 0.0016 281 -3 368 60
car 0.0012 290 0 331 22
car 0.0012 305 0 345 19
train 0.0210 223 271 294 359
train 0.0030 194 248 324 403
