aeroplane 0.0018 97 102 392 473
boat 0.4247 5 397 64 475
boat 0.1423 303 436 340 463
boat 0.0890 293 405 360 475
boat 0.0747 305 407 342 462
boat 0.0544 14 372 55 458
boat 0.0455 308 418 338 452
boat 0.0428 68 58 305 441
boat 0.0338 334 436 375 461
boat 0.0336 262 400 348 464
boat 0.0336 289 427 333 470
boat 0.0321 96 55 212 291
boat 0.0261 148 320 339 483
boat 0.0187 13 418 59 447
boat 0.0162 93 232 338 495
boat 0.0140 311 438 366 459
boat 0.0128 334 424 372 449
boat 0.0108 0 434 17 473
boat 0.0088 331 426 377 470
boat 0.0086 76 46 182 372
boat 0.0080 353 421 377 453
boat 0.0063 191 398 298 489
boat 0.0063 318 422 356 450
boat 0.0058 351 433 378 461
boat 0.0053 112 107 261 393
boat 0.0048 278 438 311 466
boat 0.0048 7 436 64 460
boat 0.0046 22 409 71 458
boat 0.0045 3 329 69 459
boat 0.0043 -1 422 47 473
boat 0.0040 197 438 295 505
boat 0.0040 297 417 325 454
boat 0.0040 298 362 327 467
boat 0.0035 263 442 300 467
boat 0.0035 113 302 262 492
boat 0.0030 234 352 308 471
boat 0.0029 260 459 301 482
boat 0.0028 111 310 162 478
boat 0.0028 217 422 312 483
boat 0.0028 40 9 219 413
boat 0.0026 8 422 90 476
boat 0.0024 123 456 153 483
boat 0.0024 5 432 37 465
boat 0.0022 -2 419 21 483
boat 0.0021 294 376 355 459
boat 0.0021 45 436 84 460
boat 0.0020 239 426 353 475
boat 0.0019 20 394 49 433
boat 0.0019 80 229 181 495
boat 0.0018 170 440 263 509
boat 0.0018 98 175 220 472
boat 0.0018 181 465 320 507
boat 0.0017 244 457 288 480
boat 0.0017 122 158 197 271
boat 0.0016 275 453 309 480
boat 0.0016 28 439 72 463
boat 0.0016 88 357 165 458
boat 0.0015 348 407 378 462
boat 0.0013 -19 316 101 487
boat 0.0013 277 360 343 470
boat 0.0013 29 371 67 459
boat 0.0012 312 396 336 438
boat 0.0012 46 423 83 449
boat 0.0012 0 449 17 485
boat 0.0012 259 431 304 476
boat 0.0012 336 359 370 472
boat 0.0012 139 395 235 493
boat 0.0012 203 361 340 510
boat 0.0012 117 103 195 244
boat 0.0011 235 458 270 484
boat 0.0010 117 357 198 454
boat 0.0010 222 445 339 492
boat 0.0010 129 477 173 498
boat 0.0010 154 160 220 269
boat 0.0010 270 439 379 498
train 0.0963 74 88 299 487
train 0.0066 119 134 255 443
