bottle 0.0017 277 283 315 368
cat 0.7308 169 47 406 384
cat 0.0754 349 282 438 368
cat 0.0082 154 53 353 267
cat 0.0051 120 -4 455 264
cat 0.0038 187 180 388 355
cat 0.0020 233 113 404 317
cat 0.0010 223 172 350 262
chair 0.0124 -6 63 65 310
chair 0.0054 11 31 104 340
chair 0.0034 0 225 26 335
chair 0.0028 13 308 183 372
chair 0.0015 -3 157 63 288
chair 0.0012 23 109 161 321
chair 0.0012 59 322 226 380
chair 0.0011 0 152 25 291
chair 0.0010 7 207 89 325
diningtable 0.0023 30 304 217 373
dog 0.0413 365 283 438 377
dog 0.0039 318 291 427 371
dog 0.0010 279 275 455 376
person 0.0950 50 -28 148 344
person 0.0838 -4 20 62 295
person 0.0316 12 1 100 313
person 0.0235 61 2 200 261
person 0.0121 -11 -23 205 340
person 0.0086 52 -6 147 158
person 0.0049 29 4 317 370
person 0.0038 128 2 233 98
person 0.0038 64 1 98 157
person 0.0037 110 -2 238 205
person 0.0030 190 -2 252 107
person 0.0026 15 -8 93 96
person 0.0023 -13 -33 64 187
person 0.0021 0 31 25 154
person 0.0020 53 32 92 182
person 0.0019 150 -4 268 147
person 0.0018 86 -1 180 93
person 0.0018 67 -8 114 79
person 0.0015 0 2 20 126
person 0.0014 195 0 246 15
person 0.0013 110 46 236 328
person 0.0011 59 -16 208 121
person 0.0010 47 2 127 96
person 0.0010 0 54 57 191
person 0.0010 -5 0 66 90
sofa 0.0032 36 321 213 383
sofa 0.0018 22 277 243 382
