aeroplane 0.0010 199 52 314 77
bus 0.0049 -4 71 109 225
bus 0.0018 -16 109 60 224
car 0.0055 -2 127 51 212
car 0.0030 2 165 44 219
car 0.0014 -1 166 24 219
car 0.0010 4 158 78 213
chair 0.0027 412 104 432 199
chair 0.0010 381 86 436 171
person 0.0881 199 82 218 163
person 0.0051 201 89 215 117
person 0.0016 125 168 157 216
person 0.0015 140 173 172 212
person 0.0010 335 165 376 196
train 0.7842 51 32 446 223
train 0.5174 -25 67 324 226
train 0.0086 76 61 286 197
train 0.0077 148 60 350 194
train 0.0056 23 65 210 193
train 0.0010 204 101 293 156
train 0.0010 179 99 255 158
