aeroplane 0.0036 104 11 471 269
aeroplane 0.0010 279 127 315 147
bird 0.0061 359 137 385 160
boat 0.3473 365 200 412 248
boat 0.1117 415 159 443 180
boat 0.0556 374 209 408 238
boat 0.0386 356 207 428 262
boat 0.0373 372 222 411 249
boat 0.0166 364 208 393 239
boat 0.0138 359 146 386 168
boat 0.0065 394 162 438 179
boat 0.0062 360 211 400 258
boat 0.0050 361 223 394 249
boat 0.0047 325 196 346 226
boat 0.0042 376 198 406 227
boat 0.0040 320 134 348 159
boat 0.0036 321 180 349 242
boat 0.0036 410 142 446 181
boat 0.0035 95 25 480 307
boat 0.0028 359 192 400 235
boat 0.0020 355 141 390 175
boat 0.0019 303 133 336 156
boat 0.0016 303 127 334 148
boat 0.0016 325 185 350 211
boat 0.0015 375 150 491 192
boat 0.0014 335 186 415 254
boat 0.0013 314 128 354 165
boat 0.0013 397 153 435 173
boat 0.0012 362 199 395 225
boat 0.0012 198 83 378 250
boat 0.0012 370 237 414 256
pottedplant 0.0108 63 37 208 246
pottedplant 0.0107 43 -9 303 290
pottedplant 0.0019 90 70 177 162
train 0.0108 47 -2 376 283
