bicycle 0.7313 176 186 381 357
bicycle 0.0095 235 228 401 377
bicycle 0.0086 142 209 291 346
bicycle 0.0071 212 222 353 328
bicycle 0.0032 161 226 256 333
bicycle 0.0023 177 246 323 350
bicycle 0.0022 252 263 381 357
car 0.0235 22 85 75 100
car 0.0222 43 85 85 103
car 0.0123 233 159 286 174
car 0.0109 118 70 169 87
car 0.0098 1 84 54 101
car 0.0052 97 70 150 87
car 0.0035 -1 79 23 107
car 0.0034 137 70 185 87
car 0.0031 65 84 101 103
car 0.0026 220 158 262 174
car 0.0023 63 76 190 110
car 0.0023 91 83 156 101
car 0.0022 -2 74 58 110
car 0.0021 163 68 199 86
car 0.0019 16 78 82 108
car 0.0013 18 87 74 124
car 0.0012 80 85 130 102
car 0.0010 -2 55 25 131
person 0.9426 213 139 354 347
person 0.0496 235 69 357 261
person 0.0060 246 49 275 73
person 0.0019 166 55 410 321
person 0.0010 244 108 345 213
pottedplant 0.0100 229 -11 327 56
pottedplant 0.0079 254 -7 303 51
pottedplant 0.0061 235 -8 284 52
pottedplant 0.0032 180 17 213 85
pottedplant 0.0031 189 46 212 81
pottedplant 0.0028 216 28 269 73
pottedplant 0.0028 195 -4 284 79
pottedplant 0.0022 236 -2 281 19
pottedplant 0.0017 216 -1 263 17
pottedplant 0.0014 251 28 301 72
pottedplant 0.0013 212 0 267 43
pottedplant 0.0012 197 52 241 73
pottedplant 0.0010 273 -7 321 51
