boat 0.0025 284 237 366 279
bottle 0.0168 199 276 217 325
bottle 0.0041 337 437 375 506
bottle 0.0024 197 236 221 320
bottle 0.0024 180 282 209 318
bottle 0.0021 80 437 164 500
bottle 0.0013 0 399 21 509
car 0.0075 0 448 16 497
car 0.0013 -2 469 19 500
chair 0.0247 304 319 374 467
chair 0.0115 236 301 369 490
chair 0.0108 1 440 125 499
chair 0.0100 342 306 372 482
chair 0.0088 295 385 368 492
chair 0.0064 331 296 376 439
chair 0.0052 352 350 374 510
chair 0.0048 82 436 219 502
chair 0.0041 172 437 318 499
chair 0.0031 259 232 365 287
chair 0.0028 339 300 375 374
chair 0.0027 241 222 366 430
chair 0.0025 124 362 309 509
chair 0.0019 8 466 117 502
chair 0.0014 270 389 343 502
chair 0.0013 331 356 374 502
chair 0.0011 264 331 343 473
diningtable 0.0073 55 448 203 509
diningtable 0.0040 90 440 242 500
dog 0.0837 78 245 235 404
dog 0.0456 94 282 219 369
dog 0.0174 70 309 188 403
dog 0.0136 64 272 204 449
dog 0.0082 60 287 145 386
dog 0.0070 140 263 295 477
dog 0.0057 129 263 205 334
dog 0.0052 86 261 158 375
dog 0.0038 147 308 227 409
dog 0.0029 40 238 170 412
dog 0.0029 172 272 216 328
dog 0.0027 162 292 269 380
dog 0.0020 176 309 253 419
dog 0.0014 17 213 242 515
dog 0.0013 122 290 209 418
dog 0.0010 184 335 257 467
dog 0.0010 161 259 225 339
person 0.7690 81 152 238 361
person 0.0598 103 152 329 501
person 0.0370 189 251 357 490
person 0.0222 178 318 312 489
person 0.0125 109 212 256 441
person 0.0089 108 222 208 348
person 0.0068 354 307 374 480
person 0.0035 90 303 285 493
person 0.0034 330 285 373 426
person 0.0032 97 189 218 312
person 0.0023 356 287 374 385
person 0.0016 8 145 251 431
person 0.0012 231 311 301 475
person 0.0012 199 336 285 467
person 0.0011 359 308 375 360
person 0.0010 0 24 16 71
pottedplant 0.0032 137 50 166 76
pottedplant 0.0025 138 39 164 65
sofa 0.0101 74 210 358 518
tvmonitor 0.0050 290 226 370 285
tvmonitor 0.0017 301 383 338 479
tvmonitor 0.0017 263 268 346 384
tvmonitor 0.0012 291 239 372 330
