car 0.0108 1 271 20 302
car 0.0034 228 77 285 111
car 0.0028 226 80 259 106
car 0.0016 1 263 25 290
car 0.0015 0 255 25 318
chair 0.0275 41 253 155 333
chair 0.0171 46 244 233 338
chair 0.0031 101 263 237 328
chair 0.0010 6 254 108 326
person 0.1074 366 268 389 302
person 0.0086 209 199 233 228
person 0.0040 370 261 406 311
person 0.0038 378 269 402 302
person 0.0036 361 258 398 299
person 0.0033 167 186 201 264
person 0.0015 227 199 251 226
person 0.0015 203 192 239 234
person 0.0012 208 211 234 235
train 0.6912 165 92 317 289
train 0.1266 126 46 373 285
train 0.0023 185 149 307 237
