car 0.0037 480 157 499 192
chair 0.0173 473 178 499 297
chair 0.0131 385 214 498 285
chair 0.0064 147 214 427 319
chair 0.0050 358 232 453 305
chair 0.0041 66 265 202 326
chair 0.0038 356 212 512 318
chair 0.0032 458 191 493 310
chair 0.0032 262 214 465 325
chair 0.0028 243 182 409 310
chair 0.0024 192 261 307 330
chair 0.0022 381 261 497 333
chair 0.0022 151 265 270 334
chair 0.0021 366 186 415 236
chair 0.0020 278 204 379 288
chair 0.0016 319 209 407 285
chair 0.0015 377 318 442 334
chair 0.0014 29 243 239 339
chair 0.0014 311 232 422 315
chair 0.0013 268 234 388 314
chair 0.0011 411 184 447 234
chair 0.0010 238 213 342 280
diningtable 0.0038 377 294 506 336
diningtable 0.0035 356 194 520 294
diningtable 0.0014 34 189 465 348
person 0.3078 411 165 444 211
person 0.0285 386 159 407 188
person 0.0278 473 191 499 309
person 0.0239 463 159 485 188
person 0.0206 461 75 491 196
person 0.0178 471 171 499 252
person 0.0152 461 156 492 244
person 0.0090 476 83 499 187
person 0.0077 403 167 433 227
person 0.0070 405 159 424 194
person 0.0042 477 151 499 221
person 0.0041 464 167 485 202
person 0.0033 475 196 501 230
person 0.0033 55 129 85 193
person 0.0031 479 90 497 130
person 0.0031 419 161 440 193
person 0.0030 56 157 78 191
person 0.0022 399 153 430 198
person 0.0022 76 159 97 190
person 0.0021 391 161 471 215
person 0.0019 472 243 499 330
person 0.0018 151 252 177 280
person 0.0018 387 144 405 182
person 0.0017 67 120 99 202
person 0.0014 419 175 439 222
person 0.0012 481 165 498 205
person 0.0012 379 111 414 187
person 0.0012 458 41 491 154
person 0.0012 385 3 407 33
pottedplant 0.0034 458 154 492 194
pottedplant 0.0018 478 143 501 205
pottedplant 0.0010 -1 102 23 168
train 0.7945 83 103 334 231
train 0.0337 5 36 340 247
train 0.0055 130 127 294 210
train 0.0019 94 67 480 267
train 0.0017 -17 89 137 248
train 0.0012 28 90 246 243
