cat 0.6045 202 132 353 335
cat 0.0384 162 106 414 356
cat 0.0029 103 177 323 333
cat 0.0028 221 182 346 281
cat 0.0012 94 192 482 376
chair 0.0399 42 94 209 315
chair 0.0214 31 33 181 257
chair 0.0035 21 118 106 341
chair 0.0035 15 151 177 356
chair 0.0029 103 66 234 285
chair 0.0023 -19 71 140 282
chair 0.0017 -5 117 350 342
chair 0.0015 34 172 97 289
person 0.0065 -5 88 274 373
tvmonitor 0.4963 31 37 171 163
tvmonitor 0.3368 82 50 169 151
tvmonitor 0.0089 -14 20 138 177
tvmonitor 0.0046 474 5 501 86
tvmonitor 0.0033 13 47 107 145
tvmonitor 0.0017 35 33 152 106
tvmonitor 0.0014 456 0 495 92
