bicycle 0.0091 239 148 289 191
bottle 0.0205 402 190 434 258
bottle 0.0052 92 207 124 291
bottle 0.0033 129 138 164 206
bottle 0.0020 136 169 154 205
bottle 0.0013 148 168 174 198
bottle 0.0011 403 214 427 257
chair 0.0048 6 231 89 343
chair 0.0038 316 137 353 205
chair 0.0038 30 205 225 325
chair 0.0038 194 263 314 328
chair 0.0036 120 228 213 309
chair 0.0030 253 149 294 192
chair 0.0028 261 261 384 329
chair 0.0026 252 132 342 211
chair 0.0023 292 136 341 204
chair 0.0017 156 259 256 332
chair 0.0016 158 227 259 313
chair 0.0015 304 289 428 340
chair 0.0015 -4 262 65 335
chair 0.0014 114 261 221 330
chair 0.0012 347 135 439 233
chair 0.0012 70 235 190 302
chair 0.0012 -1 291 52 335
chair 0.0010 0 287 97 335
cow 0.0020 325 60 386 102
diningtable 0.1665 103 155 472 329
diningtable 0.0256 87 208 336 332
diningtable 0.0156 185 213 465 327
diningtable 0.0109 146 152 354 293
diningtable 0.0074 66 228 509 358
diningtable 0.0070 164 244 409 346
diningtable 0.0052 -65 188 411 347
diningtable 0.0023 183 230 317 307
diningtable 0.0022 273 158 453 329
diningtable 0.0012 231 184 346 252
person 0.9032 5 86 163 347
person 0.8221 282 94 347 201
person 0.6153 233 110 287 181
person 0.4847 243 103 337 191
person 0.4069 432 22 505 208
person 0.3819 349 109 437 211
person 0.2304 336 99 407 196
person 0.1110 434 62 508 320
person 0.0619 381 83 500 256
person 0.0496 136 135 206 198
person 0.0442 258 86 383 207
person 0.0334 175 94 196 126
person 0.0295 475 115 499 252
person 0.0260 347 119 469 260
person 0.0253 33 117 55 149
person 0.0226 0 114 18 155
person 0.0192 438 92 502 231
person 0.0187 2 105 22 140
person 0.0180 0 114 23 228
person 0.0173 0 103 22 167
person 0.0160 26 72 160 219
person 0.0156 17 117 40 149
person 0.0151 246 102 283 145
person 0.0151 5 125 44 196
person 0.0141 8 111 46 158
person 0.0123 322 82 350 110
person 0.0122 45 112 224 320
person 0.0116 350 147 452 224
person 0.0112 353 61 384 132
person 0.0109 255 131 295 188
person 0.0109 316 76 358 116
person 0.0102 -1 186 124 343
person 0.0098 28 108 58 162
person 0.0094 -11 76 65 307
person 0.0092 336 67 403 164
person 0.0090 2 129 20 166
person 0.0075 410 107 482 218
person 0.0075 290 95 332 148
person 0.0075 331 97 375 170
person 0.0073 473 44 500 197
person 0.0069 15 127 38 162
person 0.0069 33 106 56 138
person 0.0062 262 110 289 135
person 0.0059 251 109 293 160
person 0.0059 314 89 391 154
person 0.0057 318 95 363 145
person 0.0051 246 114 273 150
person 0.0046 351 92 396 150
person 0.0045 322 63 361 100
person 0.0045 277 80 367 147
person 0.0041 304 93 327 123
person 0.0040 318 111 360 185
person 0.0040 455 117 487 277
person 0.0039 376 152 507 333
person 0.0038 217 130 299 188
person 0.0037 439 41 501 150
person 0.0037 -1 167 22 305
person 0.0036 322 95 353 119
person 0.0034 272 120 328 197
person 0.0034 285 96 315 121
person 0.0032 322 54 397 131
person 0.0031 432 105 470 190
person 0.0031 325 120 351 147
person 0.0030 228 108 262 185
person 0.0030 370 106 415 163
person 0.0026 327 56 351 87
person 0.0026 392 1 500 180
person 0.0025 263 144 289 176
person 0.0024 264 98 288 124
person 0.0024 34 96 59 122
person 0.0023 262 118 288 149
person 0.0023 277 101 324 170
person 0.0022 333 73 380 147
person 0.0022 188 105 209 131
person 0.0022 348 120 399 223
person 0.0020 13 109 37 138
person 0.0020 268 69 379 125
person 0.0019 248 96 275 124
person 0.0019 476 170 501 302
person 0.0019 313 57 427 184
person 0.0018 1 137 18 180
person 0.0017 1 113 61 210
person 0.0017 362 168 441 264
person 0.0017 239 160 340 218
person 0.0017 360 93 389 123
person 0.0015 440 117 469 253
person 0.0015 475 9 499 130
person 0.0014 418 59 488 171
person 0.0014 93 133 193 210
person 0.0013 210 118 367 268
person 0.0012 436 111 466 136
person 0.0012 357 70 385 94
person 0.0012 284 106 312 133
person 0.0011 388 116 431 181
person 0.0011 242 127 276 164
person 0.0011 68 88 186 250
person 0.0011 81 150 121 245
person 0.0010 428 95 473 150
person 0.0010 360 76 383 115
person 0.0010 114 101 227 237
person 0.0010 410 105 457 189
person 0.0010 282 89 322 130
person 0.0010 47 93 148 189
pottedplant 0.0248 470 246 499 328
pottedplant 0.0028 89 43 119 66
pottedplant 0.0025 477 256 498 294
pottedplant 0.0022 478 203 501 320
pottedplant 0.0021 475 268 500 305
pottedplant 0.0019 439 233 502 343
pottedplant 0.0016 88 36 118 60
pottedplant 0.0013 84 38 125 75
pottedplant 0.0012 0 0 29 66
