car 0.8749 52 165 154 218
car 0.8126 239 165 423 229
car 0.4814 166 153 203 178
car 0.3286 395 135 500 179
car 0.0598 376 153 415 178
car 0.0352 176 157 218 175
car 0.0188 290 180 453 234
car 0.0169 228 168 336 218
car 0.0139 343 138 462 182
car 0.0121 71 152 101 174
car 0.0098 322 131 503 175
car 0.0070 2 156 51 173
car 0.0069 28 155 65 172
car 0.0058 33 139 160 234
car 0.0057 0 151 24 175
car 0.0033 -4 162 140 225
car 0.0032 160 166 204 185
car 0.0023 454 153 494 173
car 0.0023 60 154 119 208
car 0.0022 478 149 500 180
car 0.0019 305 178 369 233
car 0.0019 137 146 227 185
car 0.0016 77 182 134 204
car 0.0014 128 157 160 177
car 0.0012 316 132 423 184
car 0.0012 348 158 460 214
car 0.0011 285 167 348 224
car 0.0011 447 139 492 161
car 0.0011 376 144 412 165
car 0.0010 377 149 440 179
person 0.1189 342 152 372 183
person 0.0707 152 156 181 178
person 0.0676 264 155 293 179
person 0.0269 243 156 277 175
person 0.0171 352 155 396 177
person 0.0156 281 156 309 179
person 0.0112 228 163 252 198
person 0.0088 259 166 297 190
person 0.0079 321 156 353 181
person 0.0072 357 164 392 188
person 0.0066 338 160 378 199
person 0.0056 229 155 254 182
person 0.0048 282 166 312 190
person 0.0040 389 154 430 177
person 0.0034 154 163 176 190
person 0.0033 319 168 353 190
person 0.0030 257 150 300 184
person 0.0020 301 156 333 179
person 0.0020 235 158 284 202
person 0.0018 227 176 255 207
person 0.0017 297 170 338 190
person 0.0013 240 164 278 191
person 0.0013 224 166 260 215
person 0.0011 147 151 188 183
person 0.0010 202 157 239 175
pottedplant 0.0029 479 141 502 219
pottedplant 0.0029 482 175 499 213
pottedplant 0.0011 480 160 500 200
