bottle 0.0023 121 296 171 355
chair 0.0062 154 294 262 373
chair 0.0039 2 272 62 378
chair 0.0038 59 329 114 374
chair 0.0033 82 288 194 371
chair 0.0021 4 291 96 368
chair 0.0014 76 325 211 376
chair 0.0011 3 263 104 347
chair 0.0011 78 331 126 372
chair 0.0010 24 293 159 372
chair 0.0010 114 294 231 378
diningtable 0.0041 -34 273 226 379
diningtable 0.0010 -16 231 132 375
person 0.9002 443 261 497 385
person 0.1553 436 248 474 370
person 0.0324 193 206 246 266
person 0.0076 405 231 493 378
person 0.0062 473 278 500 370
person 0.0051 453 287 485 330
person 0.0040 440 253 492 313
person 0.0034 111 138 136 163
person 0.0029 184 206 259 295
person 0.0024 452 302 486 344
person 0.0017 55 136 81 167
person 0.0016 72 137 98 166
person 0.0011 457 251 481 279
person 0.0010 47 122 90 179
pottedplant 0.0040 96 302 193 371
pottedplant 0.0023 350 230 400 304
pottedplant 0.0013 341 254 377 308
pottedplant 0.0010 154 180 178 208
train 0.2347 -31 91 377 340
train 0.0061 79 121 497 367
train 0.0045 60 131 284 304
train 0.0016 148 137 348 294
train 0.0012 123 178 221 259
