bird 0.0021 390 0 436 16
bird 0.0012 396 -2 440 39
bottle 0.0013 398 21 432 93
car 0.0338 240 175 405 301
chair 0.0035 76 1 134 111
chair 0.0017 0 54 106 228
chair 0.0010 54 101 88 216
horse 0.4402 100 86 322 253
horse 0.0661 104 64 470 268
horse 0.0067 194 85 375 254
person 0.0478 211 158 273 265
person 0.0247 0 -5 22 94
person 0.0222 317 0 358 113
person 0.0079 107 93 256 281
person 0.0067 398 -7 429 96
person 0.0047 -13 1 69 229
person 0.0036 315 1 362 40
person 0.0027 263 144 297 201
person 0.0026 175 148 319 272
person 0.0023 320 -1 400 78
person 0.0021 205 142 298 233
person 0.0020 169 129 202 266
person 0.0018 332 0 368 90
person 0.0015 240 160 272 283
person 0.0014 267 12 299 103
person 0.0014 64 16 135 110
person 0.0013 287 -1 366 76
person 0.0012 2 1 19 40
person 0.0012 337 2 367 33
person 0.0012 179 150 224 246
person 0.0012 303 8 337 104
person 0.0010 275 5 311 110
person 0.0010 80 7 129 82
person 0.0010 449 1 491 88
pottedplant 0.0058 398 2 489 72
pottedplant 0.0015 436 -3 517 77
train 0.0075 147 60 505 269
tvmonitor 0.0036 480 125 503 221
tvmonitor 0.0032 367 96 418 146
tvmonitor 0.0017 374 29 502 202
