bicycle 0.0037 1 49 49 91
bicycle 0.0012 -2 44 28 92
car 0.8645 196 58 455 230
car 0.6591 404 72 499 117
car 0.0549 471 50 501 116
car 0.0263 398 38 497 96
car 0.0211 430 50 503 120
car 0.0195 472 77 500 138
car 0.0099 401 61 435 129
car 0.0090 475 54 501 88
car 0.0079 403 62 456 107
car 0.0063 422 82 482 106
car 0.0045 477 89 499 124
car 0.0039 246 105 406 177
car 0.0025 387 58 480 112
car 0.0024 437 76 510 152
car 0.0024 451 36 497 107
car 0.0022 353 81 461 149
car 0.0020 409 76 449 140
car 0.0018 449 84 493 110
car 0.0018 276 42 445 196
car 0.0018 425 84 481 131
car 0.0018 392 81 442 162
car 0.0017 366 98 446 183
car 0.0017 240 126 410 206
car 0.0017 442 86 500 125
car 0.0012 337 65 463 222
car 0.0011 375 60 455 131
car 0.0011 470 23 501 95
car 0.0010 379 5 509 121
chair 0.0064 444 215 490 255
person 0.0122 401 54 430 112
person 0.0100 29 41 58 96
person 0.0063 9 58 42 83
person 0.0057 405 56 427 84
person 0.0021 1 54 23 85
