car 0.0144 -5 120 30 146
car 0.0085 -4 113 27 138
car 0.0061 2 113 48 136
car 0.0016 -3 115 52 152
cow 0.5492 288 157 448 270
cow 0.0989 153 158 206 234
cow 0.0667 350 164 433 273
cow 0.0304 313 147 419 243
cow 0.0052 209 129 521 303
cow 0.0011 209 106 276 201
horse 0.0187 351 155 432 261
person 0.9508 78 112 181 374
person 0.0119 87 182 170 307
person 0.0100 20 122 248 368
person 0.0043 143 134 208 246
person 0.0023 87 133 176 239
person 0.0022 163 157 251 226
person 0.0019 211 126 298 193
person 0.0015 126 126 157 206
person 0.0011 124 137 157 165
sheep 0.0864 293 162 343 202
sheep 0.0059 282 156 324 206
sheep 0.0051 285 167 317 197
sheep 0.0036 320 163 348 196
sheep 0.0031 288 166 379 263
sheep 0.0028 276 136 317 193
sheep 0.0021 245 158 417 280
sheep 0.0019 298 175 332 207
sheep 0.0016 281 178 316 203
sheep 0.0014 279 163 359 220
sheep 0.0013 222 112 266 193
sheep 0.0013 310 172 357 215
sheep 0.0013 283 148 308 183
