chair 0.0096 234 14 354 68
chair 0.0072 475 20 499 136
chair 0.0053 113 -4 231 38
chair 0.0047 236 30 344 108
chair 0.0038 234 -10 344 50
chair 0.0033 114 8 233 70
chair 0.0033 154 -9 268 40
chair 0.0020 9 220 186 374
chair 0.0017 96 -10 243 157
chair 0.0013 220 -3 355 142
chair 0.0013 157 4 268 82
chair 0.0010 11 281 97 375
chair 0.0010 453 28 496 157
chair 0.0010 123 26 226 115
diningtable 0.0010 -36 198 382 404
person 0.8900 334 87 493 346
person 0.8049 167 163 339 378
person 0.8037 0 103 188 385
person 0.1844 384 160 496 377
person 0.0623 437 160 502 385
person 0.0196 11 122 335 366
person 0.0123 438 270 500 382
person 0.0079 321 225 492 369
person 0.0078 0 153 31 322
person 0.0068 428 86 519 348
person 0.0056 32 176 231 366
person 0.0042 284 81 445 296
person 0.0042 471 236 500 383
person 0.0041 65 205 434 398
person 0.0036 368 58 507 267
person 0.0032 396 288 497 372
person 0.0029 -14 138 71 351
person 0.0028 211 133 364 302
person 0.0028 352 265 525 383
person 0.0024 116 128 307 305
person 0.0024 452 208 493 382
person 0.0023 410 205 489 344
person 0.0021 474 181 500 322
person 0.0019 0 223 26 366
person 0.0019 473 53 500 189
person 0.0017 5 187 40 346
person 0.0017 56 86 212 288
person 0.0017 -106 91 223 341
person 0.0017 356 298 472 377
person 0.0016 475 118 499 270
person 0.0012 -4 186 58 304
person 0.0012 424 249 518 402
person 0.0012 353 257 456 354
person 0.0010 236 211 334 338
person 0.0010 435 20 514 239
pottedplant 0.0015 295 202 338 275
tvmonitor 0.0014 242 3 354 41
