bicycle 0.0027 59 258 307 513
bicycle 0.0024 110 293 256 477
car 0.0119 3 236 63 315
car 0.0117 2 263 70 352
car 0.0079 -1 205 62 287
car 0.0055 61 346 93 369
car 0.0044 53 349 83 372
car 0.0018 24 260 93 365
car 0.0018 5 226 115 397
car 0.0014 284 345 315 369
car 0.0010 24 229 90 331
chair 0.0013 280 179 321 305
horse 0.4384 68 146 250 479
horse 0.0012 109 251 259 444
person 0.8027 79 138 235 344
person 0.1867 112 119 199 299
person 0.0237 95 116 270 439
person 0.0027 105 137 168 266
person 0.0020 126 126 205 221
person 0.0015 149 132 257 351
person 0.0014 112 212 205 335
person 0.0010 141 147 226 262
pottedplant 0.0010 227 304 293 397
tvmonitor 0.0017 -5 198 48 292
tvmonitor 0.0016 0 206 40 261
