bottle 0.0707 131 225 164 307
bottle 0.0256 209 281 240 338
bottle 0.0223 27 243 59 318
bottle 0.0180 109 207 138 267
bottle 0.0179 115 216 133 259
bottle 0.0166 91 207 122 267
bottle 0.0128 206 243 235 318
bottle 0.0123 164 203 195 329
bottle 0.0101 147 228 176 304
bottle 0.0094 126 209 168 265
bottle 0.0093 17 226 50 307
bottle 0.0071 74 219 96 257
bottle 0.0066 96 234 118 269
bottle 0.0062 -1 245 27 317
bottle 0.0057 114 231 134 270
bottle 0.0055 305 235 329 269
bottle 0.0045 67 211 100 262
bottle 0.0041 295 236 333 292
bottle 0.0036 58 220 78 255
bottle 0.0033 246 241 273 267
bottle 0.0030 210 275 231 317
bottle 0.0029 19 232 40 271
bottle 0.0028 136 241 155 293
bottle 0.0028 66 226 98 306
bottle 0.0026 113 206 133 244
bottle 0.0025 132 218 158 257
bottle 0.0023 303 247 327 283
bottle 0.0023 326 231 345 271
bottle 0.0021 28 220 62 283
bottle 0.0020 15 185 41 289
bottle 0.0019 34 244 55 290
bottle 0.0019 52 229 86 303
bottle 0.0019 49 309 81 336
bottle 0.0018 153 244 171 290
bottle 0.0018 0 277 23 314
bottle 0.0017 56 276 77 314
bottle 0.0017 57 234 80 268
bottle 0.0016 267 239 293 268
bottle 0.0015 -1 213 23 290
bottle 0.0013 48 265 83 324
bottle 0.0013 287 235 312 268
bottle 0.0013 266 248 290 282
bottle 0.0012 322 230 356 300
bottle 0.0012 35 233 58 271
bottle 0.0012 322 220 347 281
bottle 0.0011 72 234 96 267
bottle 0.0011 53 208 84 264
bottle 0.0011 0 261 21 303
bottle 0.0011 134 229 156 275
bottle 0.0010 159 262 196 324
chair 0.3209 391 281 493 380
chair 0.1454 370 250 458 369
chair 0.0343 357 325 465 379
chair 0.0209 346 193 472 366
chair 0.0152 399 325 504 379
chair 0.0145 282 306 384 373
chair 0.0064 431 302 508 374
chair 0.0063 381 238 489 319
chair 0.0059 328 294 460 384
chair 0.0051 437 238 503 362
chair 0.0048 469 203 501 330
chair 0.0046 470 279 500 396
chair 0.0038 363 349 501 377
chair 0.0031 302 287 420 373
chair 0.0031 -2 190 23 285
chair 0.0026 272 326 453 379
chair 0.0025 452 231 498 329
chair 0.0024 305 326 371 376
chair 0.0023 2 322 50 382
chair 0.0022 405 280 458 369
chair 0.0022 0 295 26 382
chair 0.0019 447 322 499 381
chair 0.0018 401 357 464 375
chair 0.0017 417 251 527 400
chair 0.0015 389 261 437 359
chair 0.0011 395 195 486 297
chair 0.0010 267 346 405 382
diningtable 0.2483 -27 222 373 381
diningtable 0.1546 179 236 399 374
diningtable 0.0658 41 256 457 405
diningtable 0.0592 -11 269 279 394
diningtable 0.0280 247 245 480 371
diningtable 0.0183 0 215 187 344
diningtable 0.0114 63 185 283 360
diningtable 0.0105 271 252 383 355
diningtable 0.0084 131 223 521 381
diningtable 0.0059 133 197 367 355
diningtable 0.0047 55 302 289 416
diningtable 0.0041 26 211 164 277
diningtable 0.0034 272 240 380 311
diningtable 0.0029 217 228 361 323
diningtable 0.0028 235 249 342 356
diningtable 0.0027 29 294 152 370
diningtable 0.0023 69 256 199 347
diningtable 0.0023 6 292 100 366
diningtable 0.0022 185 290 318 370
diningtable 0.0022 133 327 289 390
diningtable 0.0020 106 222 179 309
diningtable 0.0019 23 234 161 315
diningtable 0.0017 106 265 241 343
diningtable 0.0014 62 291 199 375
diningtable 0.0013 64 326 205 390
diningtable 0.0012 148 289 269 374
diningtable 0.0011 136 240 230 320
diningtable 0.0010 145 284 355 430
diningtable 0.0010 152 244 270 304
diningtable 0.0010 -40 254 309 465
person 0.9261 332 94 407 281
person 0.9187 290 93 359 273
person 0.8931 381 82 497 286
person 0.8549 23 85 111 242
person 0.8370 132 161 206 262
person 0.7772 116 89 204 212
person 0.7226 213 150 305 265
person 0.4093 185 92 250 210
person 0.3512 171 103 264 279
person 0.3243 252 91 326 275
person 0.0860 276 94 350 206
person 0.0779 208 99 281 213
person 0.0594 362 103 453 316
person 0.0420 72 75 132 231
person 0.0420 179 145 266 241
person 0.0262 98 83 188 285
person 0.0220 152 158 242 258
person 0.0200 478 111 501 248
person 0.0182 472 157 499 262
person 0.0153 114 106 133 142
person 0.0128 295 112 341 247
person 0.0107 236 108 335 169
person 0.0105 354 113 395 276
person 0.0101 111 163 226 318
person 0.0101 153 165 206 223
person 0.0092 107 93 180 181
person 0.0087 53 89 117 184
person 0.0086 19 120 38 157
person 0.0086 347 100 394 173
person 0.0086 341 95 378 151
person 0.0075 396 96 472 235
person 0.0071 111 124 179 249
person 0.0069 312 132 426 356
person 0.0065 192 99 250 150
person 0.0065 278 111 317 247
person 0.0063 281 106 324 171
person 0.0061 111 91 140 212
person 0.0057 197 151 241 235
person 0.0051 127 196 215 286
person 0.0051 87 88 165 216
person 0.0044 172 167 226 248
person 0.0043 238 117 275 214
person 0.0043 114 120 134 152
person 0.0043 232 148 281 241
person 0.0040 338 98 376 261
person 0.0039 78 120 124 207
person 0.0033 297 78 586 296
person 0.0033 242 106 272 167
person 0.0030 188 107 217 137
person 0.0028 314 116 356 241
person 0.0027 430 111 523 318
person 0.0026 213 96 261 152
person 0.0025 176 100 227 147
person 0.0023 180 165 320 317
person 0.0022 195 86 279 161
person 0.0021 245 133 270 164
person 0.0021 205 203 309 274
person 0.0021 15 113 39 192
person 0.0018 260 145 303 243
person 0.0018 345 100 370 140
person 0.0018 168 79 202 192
person 0.0017 19 128 36 172
person 0.0017 420 186 527 364
person 0.0017 211 165 268 249
person 0.0016 421 72 517 248
person 0.0016 106 145 219 213
person 0.0016 247 117 268 154
person 0.0015 297 98 335 151
person 0.0015 29 122 166 307
person 0.0015 119 142 168 216
person 0.0015 263 101 295 200
person 0.0014 145 82 217 190
person 0.0014 327 88 391 214
person 0.0014 44 96 83 235
person 0.0014 435 133 505 241
person 0.0013 435 220 504 332
person 0.0013 399 156 484 276
person 0.0012 320 145 351 271
person 0.0012 247 147 270 182
person 0.0012 140 81 189 135
person 0.0012 317 153 393 262
person 0.0012 80 93 127 179
person 0.0012 360 106 443 214
person 0.0011 336 190 408 297
person 0.0011 480 157 499 203
person 0.0011 126 64 215 144
person 0.0011 155 93 245 155
person 0.0011 453 114 498 216
person 0.0010 136 116 186 212
person 0.0010 167 165 196 195
person 0.0010 27 96 68 236
person 0.0010 176 143 219 218
person 0.0010 319 99 411 168
person 0.0010 456 167 496 251
person 0.0010 302 104 329 139
tvmonitor 0.0082 474 92 500 210
tvmonitor 0.0013 50 -2 199 73
tvmonitor 0.0010 437 73 501 202
