bicycle 0.6136 308 38 496 151
bicycle 0.0198 297 54 439 133
bicycle 0.0144 330 84 481 170
bicycle 0.0011 376 57 487 130
car 0.0030 273 26 323 43
car 0.0027 10 -22 336 283
car 0.0025 -22 41 141 216
car 0.0023 295 24 337 43
car 0.0021 305 -1 441 49
car 0.0016 269 -7 385 39
car 0.0011 10 138 43 167
car 0.0010 96 -2 247 40
car 0.0010 2 127 50 173
chair 0.0030 98 18 169 124
chair 0.0025 93 27 158 67
chair 0.0023 129 34 168 123
chair 0.0022 0 12 187 190
chair 0.0017 86 54 181 141
chair 0.0011 274 -1 328 45
chair 0.0011 129 16 165 80
chair 0.0010 100 36 149 59
motorbike 0.7709 3 38 496 335
motorbike 0.0227 -14 57 361 257
motorbike 0.0146 93 99 323 272
motorbike 0.0123 154 88 421 287
motorbike 0.0059 48 68 229 249
motorbike 0.0051 57 173 141 258
motorbike 0.0048 211 162 437 321
motorbike 0.0033 89 88 189 173
motorbike 0.0016 54 145 146 230
motorbike 0.0016 194 91 533 338
motorbike 0.0014 24 104 178 268
person 0.8540 325 16 471 136
person 0.2235 351 -4 453 98
person 0.0347 144 5 175 32
person 0.0085 331 1 379 18
person 0.0061 354 0 392 18
person 0.0058 293 -17 452 116
person 0.0049 383 24 486 128
person 0.0046 319 3 422 92
person 0.0044 4 35 190 225
person 0.0028 218 0 258 19
person 0.0022 123 58 166 159
person 0.0021 329 29 376 103
person 0.0020 87 3 165 90
person 0.0017 0 112 27 190
person 0.0017 319 0 357 20
person 0.0017 93 117 123 179
person 0.0017 346 0 398 42
person 0.0016 207 -2 239 19
person 0.0016 102 100 146 173
person 0.0015 339 128 454 309
person 0.0014 471 20 500 137
person 0.0014 358 3 390 34
person 0.0012 349 14 399 85
person 0.0012 408 0 455 94
person 0.0011 357 -6 470 52
person 0.0011 428 0 475 15
person 0.0010 150 16 171 49
person 0.0010 124 7 167 33
pottedplant 0.0034 61 0 105 45
pottedplant 0.0031 98 1 152 18
pottedplant 0.0014 53 -3 84 48
pottedplant 0.0014 58 1 78 40
pottedplant 0.0013 65 0 106 18
pottedplant 0.0012 77 34 100 64
pottedplant 0.0012 74 14 95 57
tvmonitor 0.0076 3 0 127 197
tvmonitor 0.0017 -2 2 53 43
tvmonitor 0.0013 8 20 103 123
tvmonitor 0.0010 -2 49 63 155
