bus 0.0014 86 202 489 439
car 0.0015 59 190 440 452
chair 0.0497 411 183 498 270
chair 0.0077 406 147 496 247
chair 0.0076 477 150 499 272
chair 0.0033 -13 233 112 364
chair 0.0029 119 204 162 286
chair 0.0029 193 150 238 200
chair 0.0020 106 228 145 296
chair 0.0020 -3 216 94 314
chair 0.0016 6 246 50 316
chair 0.0010 425 160 477 233
chair 0.0010 430 120 506 271
motorbike 0.0381 176 125 394 326
motorbike 0.0189 129 89 447 418
person 0.0011 339 224 366 300
person 0.0011 345 234 362 292
pottedplant 0.0028 185 160 219 196
pottedplant 0.0024 180 139 228 189
sofa 0.0035 0 219 96 344
train 0.0049 -2 125 111 382
train 0.0013 125 0 450 374
train 0.0011 87 182 180 269
tvmonitor 0.0064 119 201 161 260
tvmonitor 0.0036 -3 133 30 190
tvmonitor 0.0019 125 212 157 249
