chair 0.6118 29 121 183 265
chair 0.0200 62 120 275 261
chair 0.0088 50 143 155 244
chair 0.0061 83 127 173 209
chair 0.0044 148 78 280 252
chair 0.0042 177 43 223 95
chair 0.0029 41 121 133 223
chair 0.0026 179 42 268 92
chair 0.0021 8 148 107 238
chair 0.0017 170 117 249 215
chair 0.0016 142 118 176 203
chair 0.0016 113 150 231 233
chair 0.0015 190 31 305 97
chair 0.0014 151 105 351 274
chair 0.0013 178 23 400 157
chair 0.0012 175 45 259 127
chair 0.0012 20 125 105 207
chair 0.0011 170 75 254 157
chair 0.0011 154 29 268 201
chair 0.0010 393 89 490 292
diningtable 0.0062 9 110 335 271
person 0.0013 436 108 518 322
person 0.0010 381 64 497 268
sofa 0.3149 143 5 433 275
sofa 0.0099 216 123 437 257
sofa 0.0025 28 92 394 289
sofa 0.0013 238 40 414 242
