car 0.8024 27 84 395 315
car 0.0254 59 89 286 255
car 0.0091 171 112 396 276
car 0.0027 400 182 429 208
car 0.0022 88 76 164 184
car 0.0015 116 96 248 167
person 0.9256 20 33 103 301
person 0.1800 4 26 123 196
person 0.0079 1 44 27 186
person 0.0058 93 89 120 174
person 0.0051 26 91 96 244
person 0.0023 32 85 149 310
person 0.0022 -62 38 179 299
person 0.0019 25 24 108 135
person 0.0016 -18 60 75 274
person 0.0016 97 123 115 167
person 0.0012 4 114 43 204
person 0.0011 8 40 41 160
person 0.0010 46 55 127 164
pottedplant 0.0014 1 117 27 203
sheep 0.0011 400 191 427 216
