chair 0.4738 191 139 322 202
chair 0.3675 184 129 264 210
chair 0.3445 198 149 292 221
chair 0.2831 238 131 317 192
chair 0.2777 204 159 297 319
chair 0.2530 179 131 225 209
chair 0.1623 4 261 108 332
chair 0.1126 116 118 166 172
chair 0.0736 232 140 288 200
chair 0.0662 275 145 318 200
chair 0.0563 177 116 247 174
chair 0.0556 0 229 92 320
chair 0.0479 356 114 403 178
chair 0.0351 254 143 308 199
chair 0.0345 219 118 258 179
chair 0.0342 215 138 266 204
chair 0.0262 336 124 410 205
chair 0.0254 229 103 251 134
chair 0.0252 280 119 311 175
chair 0.0239 284 121 311 150
chair 0.0185 169 122 200 174
chair 0.0176 179 122 218 172
chair 0.0174 297 116 338 201
chair 0.0144 201 114 237 157
chair 0.0139 188 122 216 147
chair 0.0138 2 30 102 197
chair 0.0136 225 97 254 142
chair 0.0127 263 144 297 174
chair 0.0117 1 211 44 288
chair 0.0110 114 118 142 173
chair 0.0106 185 111 219 131
chair 0.0102 204 121 233 149
chair 0.0101 237 122 277 174
chair 0.0100 -2 218 27 303
chair 0.0089 0 177 26 269
chair 0.0089 315 178 362 246
chair 0.0084 259 124 302 168
chair 0.0077 188 169 258 257
chair 0.0076 195 140 241 229
chair 0.0072 225 131 251 162
chair 0.0069 167 135 202 207
chair 0.0069 331 145 396 241
chair 0.0067 0 65 58 177
chair 0.0065 284 128 308 162
chair 0.0060 261 123 299 144
chair 0.0057 2 165 43 259
chair 0.0056 243 105 269 134
chair 0.0055 1 111 47 180
chair 0.0055 183 196 257 289
chair 0.0054 206 109 236 131
chair 0.0053 226 107 257 161
chair 0.0050 3 229 48 318
chair 0.0049 339 164 377 206
chair 0.0049 201 117 301 177
chair 0.0046 118 201 302 329
chair 0.0046 137 120 181 175
chair 0.0043 472 113 501 177
chair 0.0042 361 161 388 185
chair 0.0042 310 206 502 319
chair 0.0040 359 114 427 202
chair 0.0040 144 132 219 195
chair 0.0038 229 119 252 147
chair 0.0036 301 132 333 158
chair 0.0035 239 158 281 184
chair 0.0035 -15 215 205 325
chair 0.0035 131 113 216 175
chair 0.0035 12 180 81 293
chair 0.0035 291 158 336 210
chair 0.0034 0 78 22 189
chair 0.0034 204 200 374 330
chair 0.0033 204 216 279 307
chair 0.0033 181 131 216 158
chair 0.0032 339 257 461 326
chair 0.0032 384 219 490 318
chair 0.0032 29 261 152 325
chair 0.0030 236 98 273 143
chair 0.0029 241 145 276 174
chair 0.0028 242 121 273 147
chair 0.0027 275 183 378 247
chair 0.0027 264 131 298 157
chair 0.0026 -22 166 68 321
chair 0.0024 110 91 144 153
chair 0.0024 8 292 119 329
chair 0.0024 207 207 243 291
chair 0.0023 164 233 262 307
chair 0.0023 112 110 140 136
chair 0.0022 332 171 372 251
chair 0.0022 319 206 406 281
chair 0.0021 183 103 222 142
chair 0.0020 2 100 108 284
chair 0.0020 249 264 405 324
chair 0.0020 346 230 460 308
chair 0.0020 319 189 357 282
chair 0.0020 124 130 158 163
chair 0.0019 285 143 311 176
chair 0.0019 243 131 272 160
chair 0.0019 277 149 311 243
chair 0.0019 -7 38 64 239
chair 0.0019 12 91 93 190
chair 0.0018 164 124 202 144
chair 0.0018 479 115 501 148
chair 0.0018 235 177 320 259
chair 0.0017 300 123 330 147
chair 0.0017 343 163 374 187
chair 0.0017 354 150 394 194
chair 0.0016 358 169 384 200
chair 0.0016 166 112 199 132
chair 0.0015 263 234 389 308
chair 0.0015 384 260 502 329
chair 0.0015 288 171 440 314
chair 0.0015 126 110 158 130
chair 0.0014 161 127 276 252
chair 0.0014 314 121 349 172
chair 0.0014 283 155 362 228
chair 0.0014 315 232 417 309
chair 0.0014 125 118 157 149
chair 0.0014 284 154 311 192
chair 0.0014 263 161 299 234
chair 0.0013 369 151 446 233
chair 0.0013 260 150 330 216
chair 0.0013 358 145 395 171
chair 0.0013 234 226 332 313
chair 0.0012 115 93 139 123
chair 0.0012 475 129 501 160
chair 0.0012 26 232 156 303
chair 0.0012 107 128 178 201
chair 0.0011 356 122 398 146
chair 0.0011 201 102 238 141
chair 0.0011 102 79 175 156
chair 0.0010 277 115 353 179
chair 0.0010 321 295 486 334
chair 0.0010 -12 250 70 333
chair 0.0010 216 172 265 252
chair 0.0010 26 29 154 199
chair 0.0010 315 159 363 211
chair 0.0010 220 158 263 187
chair 0.0010 281 110 313 135
chair 0.0010 19 236 71 312
chair 0.0010 315 116 412 264
chair 0.0010 144 112 180 131
chair 0.0010 220 146 260 173
chair 0.0010 183 98 215 119
diningtable 0.2778 202 128 315 194
diningtable 0.0102 204 213 443 328
diningtable 0.0090 6 207 262 329
diningtable 0.0033 159 125 284 212
diningtable 0.0022 164 162 489 322
diningtable 0.0012 251 247 476 333
pottedplant 0.0280 229 96 252 124
pottedplant 0.0062 226 89 255 132
pottedplant 0.0011 206 45 237 66
sofa 0.3985 373 157 500 329
sofa 0.0294 374 174 496 257
sofa 0.0214 388 199 491 282
sofa 0.0157 366 116 506 264
sofa 0.0027 389 152 493 232
sofa 0.0021 353 206 468 274
sofa 0.0013 324 128 559 357
tvmonitor 0.0236 479 105 501 137
tvmonitor 0.0110 175 73 218 116
tvmonitor 0.0051 186 71 212 99
tvmonitor 0.0030 111 55 148 112
tvmonitor 0.0024 182 81 214 108
tvmonitor 0.0021 112 83 140 106
