bicycle 0.4153 63 29 513 302
bicycle 0.0101 -3 -13 350 245
bicycle 0.0043 13 33 181 248
bicycle 0.0021 275 73 452 263
bicycle 0.0019 174 68 402 265
bird 0.0011 281 76 353 114
bottle 0.0064 255 0 300 16
bottle 0.0017 0 28 20 59
bottle 0.0015 -1 12 21 48
car 0.0039 -16 12 129 218
car 0.0037 -4 91 64 200
car 0.0024 122 0 300 35
car 0.0012 -2 106 23 211
chair 0.0692 303 -1 404 42
chair 0.0086 384 3 432 58
chair 0.0066 392 8 492 62
chair 0.0040 353 3 455 64
chair 0.0036 370 -2 420 42
chair 0.0034 274 74 370 153
chair 0.0032 389 0 437 13
chair 0.0030 402 6 456 55
chair 0.0028 262 10 392 52
chair 0.0027 330 62 470 272
chair 0.0027 10 4 158 56
chair 0.0026 8 16 184 217
chair 0.0023 124 5 316 55
chair 0.0022 340 -7 464 42
chair 0.0020 242 5 279 26
chair 0.0019 123 29 166 80
chair 0.0018 406 0 458 13
chair 0.0018 220 -4 359 38
chair 0.0017 143 20 176 92
chair 0.0017 -4 112 56 211
chair 0.0016 385 -10 481 49
chair 0.0015 382 35 502 246
chair 0.0013 370 0 416 15
chair 0.0013 100 8 245 62
chair 0.0010 269 0 323 14
chair 0.0010 280 -39 447 69
diningtable 0.0011 65 -11 511 242
diningtable 0.0010 168 0 305 37
person 0.0200 -1 1 55 40
person 0.0046 17 0 174 37
person 0.0039 0 0 26 60
person 0.0035 -8 8 66 224
person 0.0033 -18 2 115 38
person 0.0030 14 8 176 58
person 0.0029 133 0 195 15
person 0.0028 -16 0 64 70
person 0.0021 131 0 185 34
person 0.0018 104 -2 187 68
person 0.0018 160 0 204 17
person 0.0017 0 98 25 192
person 0.0017 0 54 58 178
person 0.0014 102 0 147 17
person 0.0014 141 -1 178 66
person 0.0013 0 11 25 129
person 0.0012 105 6 145 28
person 0.0010 10 -1 47 20
person 0.0010 86 -1 205 37
tvmonitor 0.0021 -12 7 129 176
