car 0.0023 142 399 170 418
chair 0.0104 105 227 133 254
chair 0.0036 -1 86 76 282
chair 0.0032 138 215 170 265
chair 0.0027 114 228 145 253
chair 0.0025 131 228 158 255
chair 0.0025 105 244 163 325
chair 0.0021 0 279 43 404
chair 0.0017 67 337 159 425
chair 0.0016 6 121 66 248
chair 0.0015 96 233 165 286
chair 0.0015 126 252 157 298
chair 0.0012 111 222 147 263
chair 0.0011 144 211 167 241
chair 0.0011 110 237 151 280
diningtable 0.0634 7 216 218 418
diningtable 0.0018 35 315 191 432
person 0.0042 0 344 67 412
person 0.0024 9 293 56 424
pottedplant 0.3121 72 202 117 249
pottedplant 0.1588 36 233 189 413
pottedplant 0.0534 78 212 109 242
pottedplant 0.0491 60 209 128 272
pottedplant 0.0333 55 183 121 249
pottedplant 0.0241 11 262 63 379
pottedplant 0.0194 90 215 122 239
pottedplant 0.0167 10 221 117 423
pottedplant 0.0123 47 249 126 318
pottedplant 0.0085 35 211 99 274
pottedplant 0.0067 21 222 153 360
pottedplant 0.0059 30 235 87 328
pottedplant 0.0057 75 218 150 282
pottedplant 0.0048 8 234 67 336
pottedplant 0.0044 52 268 122 371
pottedplant 0.0041 92 227 121 253
pottedplant 0.0040 94 309 182 400
pottedplant 0.0040 79 260 148 375
pottedplant 0.0038 32 260 94 360
pottedplant 0.0038 59 134 117 238
pottedplant 0.0032 71 210 95 239
pottedplant 0.0031 108 196 130 224
pottedplant 0.0026 79 182 142 256
pottedplant 0.0024 42 224 120 295
pottedplant 0.0024 106 216 133 240
pottedplant 0.0023 76 247 150 314
pottedplant 0.0023 128 301 197 400
pottedplant 0.0023 94 269 231 429
pottedplant 0.0022 80 223 109 254
pottedplant 0.0021 79 197 108 227
pottedplant 0.0020 103 344 174 426
pottedplant 0.0018 85 222 127 260
pottedplant 0.0018 135 270 193 366
pottedplant 0.0018 31 172 92 265
pottedplant 0.0017 68 216 101 268
pottedplant 0.0015 38 96 133 271
pottedplant 0.0014 105 271 171 367
pottedplant 0.0014 62 230 100 284
pottedplant 0.0012 10 279 51 337
pottedplant 0.0012 103 183 133 235
pottedplant 0.0012 -13 204 84 368
pottedplant 0.0012 -39 194 166 440
pottedplant 0.0011 26 303 97 399
pottedplant 0.0010 86 188 128 232
tvmonitor 0.0023 274 185 316 317
