bicycle 0.0012 275 114 312 151
chair 0.0059 130 121 163 173
chair 0.0058 143 120 180 171
chair 0.0045 157 127 205 164
chair 0.0011 182 126 215 165
chair 0.0010 81 120 187 169
person 0.0409 212 123 232 151
person 0.0187 210 130 230 159
person 0.0174 229 119 246 153
person 0.0087 282 121 309 148
person 0.0083 191 127 211 164
person 0.0047 328 117 346 147
person 0.0035 269 119 292 146
person 0.0028 229 133 249 165
person 0.0017 207 117 239 155
person 0.0016 223 112 251 159
person 0.0013 188 125 213 149
person 0.0011 303 121 330 144
sheep 0.1207 244 156 268 184
sheep 0.0799 227 142 264 180
sheep 0.0739 228 156 259 184
sheep 0.0139 241 149 270 177
