bottle 0.0884 89 77 115 155
bottle 0.0172 76 79 108 157
bottle 0.0039 78 105 97 160
bus 0.4571 38 91 461 441
bus 0.0033 93 162 329 373
car 0.8417 8 77 491 393
car 0.0496 37 22 461 261
car 0.0481 398 124 434 148
car 0.0419 401 131 431 159
car 0.0204 433 126 475 150
car 0.0176 409 132 448 157
car 0.0152 449 135 488 157
car 0.0147 132 53 374 167
car 0.0144 109 120 391 351
car 0.0140 476 151 500 272
car 0.0085 390 113 494 172
car 0.0083 410 124 452 148
car 0.0053 423 128 479 163
car 0.0051 415 125 488 199
car 0.0051 159 75 343 144
car 0.0028 476 146 500 180
car 0.0028 438 125 499 267
car 0.0019 163 45 335 122
car 0.0016 403 118 458 154
car 0.0014 444 138 497 192
car 0.0013 480 187 499 237
car 0.0013 443 129 492 167
car 0.0012 481 172 500 221
car 0.0011 473 129 501 198
car 0.0010 474 133 500 161
car 0.0010 379 85 505 259
chair 0.0027 198 46 244 64
chair 0.0026 373 51 408 151
diningtable 0.0014 179 51 338 124
person 0.0272 207 -5 303 54
person 0.0108 136 -1 288 44
person 0.0089 240 -9 309 80
person 0.0079 203 0 241 21
person 0.0076 160 4 322 70
person 0.0057 225 8 348 71
person 0.0035 216 0 262 19
person 0.0029 455 121 480 153
person 0.0021 232 2 289 68
person 0.0017 193 54 380 114
person 0.0017 233 -1 285 18
person 0.0014 105 0 144 19
person 0.0013 270 0 318 49
person 0.0010 215 -3 267 46
