bottle 0.0022 4 0 45 74
bottle 0.0021 187 2 223 64
bottle 0.0017 192 -4 247 49
cat 0.4983 169 176 483 371
cat 0.4794 11 93 175 234
cat 0.0047 -13 134 197 287
cat 0.0037 25 135 147 223
cat 0.0030 75 139 180 232
cat 0.0021 73 106 426 382
cat 0.0019 5 113 116 206
cat 0.0019 -82 68 198 306
cat 0.0015 252 173 467 317
cat 0.0015 243 207 408 280
chair 0.0027 392 59 494 143
chair 0.0018 170 -5 275 52
chair 0.0016 373 13 507 178
chair 0.0014 388 14 475 113
chair 0.0012 214 2 266 45
chair 0.0012 204 5 301 73
chair 0.0011 350 65 459 141
diningtable 0.0015 213 6 437 137
person 0.0205 42 1 457 315
person 0.0130 0 -4 192 109
person 0.0079 1 3 106 80
person 0.0051 127 2 218 87
person 0.0050 255 0 301 19
person 0.0042 -2 -3 62 99
person 0.0038 93 -2 245 151
person 0.0038 241 0 281 45
person 0.0034 238 0 281 19
person 0.0033 -1 -3 27 76
person 0.0031 50 1 198 41
person 0.0031 60 7 205 87
person 0.0025 255 0 295 42
person 0.0024 21 -3 148 73
person 0.0022 13 12 178 185
person 0.0016 102 -2 242 42
person 0.0016 170 325 196 350
person 0.0015 99 18 175 125
person 0.0012 1 -4 112 43
person 0.0012 2 0 52 47
person 0.0011 -23 -14 74 159
pottedplant 0.0389 388 -6 488 93
pottedplant 0.0216 364 -7 464 50
pottedplant 0.0146 332 -2 386 41
pottedplant 0.0134 353 1 457 77
pottedplant 0.0077 310 3 422 78
pottedplant 0.0066 386 -1 442 16
pottedplant 0.0059 288 -3 443 40
pottedplant 0.0058 348 0 394 20
pottedplant 0.0051 346 6 392 60
pottedplant 0.0047 328 -10 458 27
pottedplant 0.0042 364 0 422 16
pottedplant 0.0038 370 -1 509 146
pottedplant 0.0029 386 0 440 72
pottedplant 0.0026 355 3 387 37
pottedplant 0.0025 278 -15 451 115
pottedplant 0.0023 359 20 451 118
pottedplant 0.0018 340 -8 400 27
pottedplant 0.0018 286 0 344 18
pottedplant 0.0018 339 4 377 35
pottedplant 0.0016 283 -2 346 40
pottedplant 0.0015 404 4 457 67
pottedplant 0.0013 392 5 435 31
pottedplant 0.0011 378 -6 449 23
pottedplant 0.0011 362 0 426 42
pottedplant 0.0011 355 17 387 49
pottedplant 0.0010 423 0 479 15
tvmonitor 0.0040 264 -2 385 40
tvmonitor 0.0017 196 -6 301 48
tvmonitor 0.0011 128 0 199 15
