bottle 0.0017 225 110 249 140
bottle 0.0015 385 111 410 139
chair 0.1950 331 207 378 266
chair 0.1477 394 230 497 322
chair 0.1210 472 194 501 254
chair 0.0528 403 214 451 260
chair 0.0470 79 184 343 360
chair 0.0308 472 200 500 331
chair 0.0210 372 211 414 263
chair 0.0206 437 106 502 213
chair 0.0195 7 285 100 376
chair 0.0182 438 209 501 325
chair 0.0174 452 201 494 271
chair 0.0124 -1 272 61 379
chair 0.0109 477 213 500 259
chair 0.0086 429 94 513 275
chair 0.0083 481 190 500 231
chair 0.0081 433 248 507 369
chair 0.0063 371 249 448 361
chair 0.0056 397 279 487 372
chair 0.0054 361 206 431 326
chair 0.0051 385 224 435 276
chair 0.0051 179 233 317 310
chair 0.0045 370 216 455 273
chair 0.0042 41 294 140 373
chair 0.0042 381 228 451 320
chair 0.0034 351 214 396 258
chair 0.0034 415 169 484 269
chair 0.0032 415 176 446 244
chair 0.0032 318 195 364 253
chair 0.0031 -10 322 105 381
chair 0.0028 240 181 340 258
chair 0.0026 288 175 377 260
chair 0.0025 391 199 439 252
chair 0.0023 438 168 501 249
chair 0.0019 391 222 431 339
chair 0.0017 378 231 418 331
chair 0.0017 427 234 478 327
chair 0.0014 189 201 381 342
chair 0.0014 -2 295 26 381
chair 0.0014 418 135 491 232
chair 0.0013 316 211 432 261
chair 0.0013 36 328 154 380
chair 0.0012 37 329 101 375
chair 0.0012 254 141 402 292
chair 0.0012 47 263 141 349
chair 0.0011 233 206 345 289
chair 0.0011 146 264 278 335
chair 0.0010 450 224 527 337
chair 0.0010 109 132 313 310
chair 0.0010 474 249 503 369
chair 0.0010 452 195 525 254
chair 0.0010 71 293 188 371
chair 0.0010 459 206 487 240
diningtable 0.2706 392 230 497 369
diningtable 0.0041 31 249 468 411
diningtable 0.0022 125 269 375 394
diningtable 0.0011 270 234 459 368
diningtable 0.0010 138 294 286 368
person 0.2177 -1 257 54 358
person 0.0733 12 60 333 372
person 0.0160 0 237 30 380
person 0.0074 -1 245 31 315
person 0.0073 5 250 86 369
person 0.0055 54 153 292 344
person 0.0024 -6 246 64 319
person 0.0020 0 248 23 284
person 0.0012 479 351 500 378
person 0.0012 -11 76 129 300
person 0.0011 0 259 24 298
pottedplant 0.0907 37 256 89 303
pottedplant 0.0177 4 240 106 306
pottedplant 0.0123 33 263 65 294
pottedplant 0.0096 48 262 80 295
pottedplant 0.0052 7 246 84 344
pottedplant 0.0031 47 254 85 283
pottedplant 0.0028 25 261 69 328
pottedplant 0.0022 20 245 75 291
pottedplant 0.0020 29 256 66 280
pottedplant 0.0013 -13 204 127 344
sofa 0.1091 51 169 371 376
train 0.0023 12 47 182 268
tvmonitor 0.0128 -5 77 60 183
tvmonitor 0.0112 -8 38 124 221
tvmonitor 0.0074 438 111 499 247
tvmonitor 0.0011 477 104 500 254
