aeroplane 0.4975 409 120 460 153
aeroplane 0.0507 426 127 469 149
aeroplane 0.0076 416 136 450 158
aeroplane 0.0064 416 111 451 140
aeroplane 0.0048 398 126 435 147
aeroplane 0.0041 430 113 466 138
aeroplane 0.0025 422 105 471 145
aeroplane 0.0023 68 151 507 395
aeroplane 0.0019 413 113 493 157
aeroplane 0.0019 412 129 456 166
aeroplane 0.0010 392 97 470 152
chair 0.0118 3 60 108 313
chair 0.0038 -9 97 67 335
chair 0.0026 121 194 378 353
chair 0.0018 4 87 91 186
chair 0.0010 -1 153 60 282
person 0.0071 71 99 428 389
sofa 0.0043 59 157 440 389
tvmonitor 0.0056 -1 183 59 307
