bicycle 0.0377 119 149 213 209
bicycle 0.0023 143 164 259 218
bicycle 0.0019 149 158 215 203
bicycle 0.0018 -56 53 403 320
bicycle 0.0011 174 170 229 212
bicycle 0.0010 165 144 276 213
bicycle 0.0010 136 164 190 219
boat 0.1523 0 107 500 323
boat 0.0175 111 53 541 263
boat 0.0122 141 154 434 276
boat 0.0080 228 141 327 225
boat 0.0065 200 93 451 226
boat 0.0061 181 120 385 258
boat 0.0053 312 152 436 206
boat 0.0025 398 112 490 194
boat 0.0024 30 123 237 306
boat 0.0020 217 178 358 246
boat 0.0018 79 175 342 307
boat 0.0017 381 69 500 236
boat 0.0016 269 132 458 295
boat 0.0013 267 149 384 218
boat 0.0012 348 130 461 190
boat 0.0010 304 111 499 257
boat 0.0010 275 48 453 206
person 0.8887 130 112 198 216
person 0.8666 417 61 487 190
person 0.8476 240 111 318 193
person 0.3312 138 92 186 182
person 0.1180 303 128 332 204
person 0.0607 474 43 499 200
person 0.0346 217 108 343 221
person 0.0297 115 101 177 204
person 0.0179 237 128 287 201
person 0.0161 116 85 220 224
person 0.0146 449 66 489 177
person 0.0135 274 126 326 202
person 0.0128 419 57 476 130
person 0.0128 240 144 315 209
person 0.0101 453 325 499 379
person 0.0077 152 113 206 187
person 0.0075 473 306 497 374
person 0.0070 415 54 453 186
person 0.0048 146 117 176 153
person 0.0047 478 318 496 360
person 0.0046 417 55 456 106
person 0.0038 187 123 291 205
person 0.0038 436 110 474 188
person 0.0027 426 9 513 198
person 0.0026 273 118 380 204
person 0.0025 209 100 303 174
person 0.0022 156 118 250 202
person 0.0021 248 116 308 160
person 0.0021 308 138 356 196
person 0.0019 384 117 405 156
person 0.0019 422 59 450 94
person 0.0018 460 56 514 188
person 0.0016 448 100 480 201
person 0.0016 305 156 330 199
person 0.0015 195 138 238 194
person 0.0015 120 92 203 159
person 0.0014 219 131 262 197
person 0.0014 127 98 167 172
person 0.0013 184 134 224 197
person 0.0013 479 100 499 143
person 0.0011 378 110 411 161
person 0.0011 261 178 295 204
person 0.0011 144 149 180 180
person 0.0010 303 138 328 170
person 0.0010 457 164 484 191
person 0.0010 234 359 288 374
