bicycle 0.5832 199 149 280 222
bicycle 0.3313 94 162 161 263
bicycle 0.2140 282 135 358 202
bicycle 0.1290 220 132 265 235
bicycle 0.0113 169 129 271 240
bicycle 0.0060 66 168 149 251
bicycle 0.0035 304 147 369 192
bicycle 0.0030 194 134 245 208
bicycle 0.0019 147 147 257 217
bicycle 0.0015 33 147 167 276
bicycle 0.0013 236 129 274 214
car 0.0092 480 127 500 165
dog 0.0037 97 161 183 259
horse 0.2012 80 155 171 261
motorbike 0.6131 384 97 473 168
motorbike 0.5106 289 122 373 202
motorbike 0.4549 192 103 288 229
motorbike 0.2056 76 145 171 252
motorbike 0.0702 352 132 468 182
motorbike 0.0222 317 118 478 172
motorbike 0.0031 351 93 445 175
motorbike 0.0031 299 133 431 184
motorbike 0.0030 332 110 492 210
motorbike 0.0018 -30 96 300 284
motorbike 0.0016 378 116 445 172
person 0.9332 92 82 170 257
person 0.8764 295 90 360 188
person 0.8020 203 88 276 205
person 0.7014 399 71 461 171
person 0.2470 182 92 260 236
person 0.2187 407 67 449 124
person 0.1968 377 85 452 157
person 0.1089 400 59 439 154
person 0.1019 310 82 353 133
person 0.0380 84 78 172 167
person 0.0369 479 100 500 169
person 0.0173 298 82 342 160
person 0.0136 481 114 498 154
person 0.0086 239 83 271 108
person 0.0083 197 114 237 202
person 0.0077 189 93 224 201
person 0.0070 290 120 343 197
person 0.0067 318 85 347 110
person 0.0065 230 78 275 115
person 0.0060 61 111 152 263
person 0.0053 87 153 130 243
person 0.0049 35 66 159 220
person 0.0044 241 90 282 201
person 0.0041 182 70 261 164
person 0.0035 196 84 279 135
person 0.0030 402 67 495 149
person 0.0025 478 109 500 233
person 0.0024 415 102 446 135
person 0.0023 98 99 149 218
person 0.0021 231 92 281 150
person 0.0020 218 97 292 169
person 0.0019 417 70 444 97
person 0.0018 481 90 498 128
person 0.0018 285 99 317 192
person 0.0018 100 161 148 256
person 0.0017 71 91 146 175
person 0.0015 477 38 499 152
person 0.0014 118 101 169 217
person 0.0013 425 110 470 155
person 0.0013 127 149 166 221
person 0.0012 259 102 337 177
person 0.0012 364 64 451 125
person 0.0012 414 88 445 125
person 0.0011 414 75 446 111
person 0.0010 222 74 368 211
person 0.0010 262 133 293 155
