bicycle 0.0051 237 256 311 332
bottle 0.0010 73 238 88 285
chair 0.0035 119 247 147 274
chair 0.0026 61 228 85 287
chair 0.0017 -1 221 19 300
chair 0.0013 128 243 164 307
chair 0.0012 115 239 179 314
chair 0.0010 130 266 163 328
horse 0.6374 176 225 252 334
horse 0.1309 145 234 236 319
horse 0.0150 208 231 275 327
horse 0.0073 124 226 197 294
horse 0.0045 104 200 182 282
horse 0.0044 115 188 268 323
horse 0.0035 22 137 360 361
horse 0.0031 191 238 230 315
horse 0.0013 131 194 212 287
horse 0.0011 180 218 297 351
person 0.9018 13 176 55 334
person 0.5456 244 229 301 329
person 0.0800 261 233 292 324
person 0.0240 287 221 308 332
person 0.0220 223 220 277 341
person 0.0137 18 246 51 348
person 0.0129 216 187 233 225
person 0.0090 212 190 237 249
person 0.0077 238 153 283 332
person 0.0077 261 191 310 336
person 0.0058 242 204 276 321
person 0.0055 125 185 145 223
person 0.0048 272 201 298 323
person 0.0047 241 258 279 331
person 0.0040 241 157 262 287
person 0.0034 27 183 58 301
person 0.0034 187 204 207 237
person 0.0033 289 178 306 216
person 0.0030 0 173 59 272
person 0.0028 120 187 152 250
person 0.0027 135 186 154 222
person 0.0025 198 203 223 235
person 0.0023 316 212 332 310
person 0.0021 115 209 154 272
person 0.0019 128 224 166 293
person 0.0019 275 218 323 337
person 0.0018 5 185 31 335
person 0.0013 81 182 106 255
person 0.0012 243 180 259 225
person 0.0011 235 213 266 310
person 0.0011 319 229 330 292
person 0.0011 246 170 272 274
person 0.0011 53 198 125 297
pottedplant 0.0075 86 179 101 223
pottedplant 0.0025 82 172 105 229
pottedplant 0.0023 314 162 332 203
pottedplant 0.0020 77 179 92 223
pottedplant 0.0017 311 145 333 220
pottedplant 0.0010 73 167 98 236
train 0.0055 14 154 215 269
train 0.0029 56 179 173 260
train 0.0012 -31 120 260 301
