bird 0.2630 243 81 336 286
bird 0.1105 237 128 355 231
bird 0.0072 205 126 365 356
bird 0.0025 250 161 347 256
bird 0.0010 220 121 296 252
bottle 0.0019 -16 77 65 296
bottle 0.0016 50 270 83 353
cat 0.0033 195 60 322 261
chair 0.0063 0 101 108 329
chair 0.0021 -5 126 58 248
chair 0.0017 449 147 494 241
chair 0.0017 -4 273 64 372
chair 0.0012 472 161 500 254
chair 0.0011 194 31 323 126
person 0.0521 19 330 120 379
person 0.0055 429 170 462 242
person 0.0053 43 326 205 380
person 0.0050 71 332 128 378
person 0.0030 31 356 98 375
person 0.0028 223 15 349 253
person 0.0024 35 269 104 378
person 0.0019 -5 172 126 373
person 0.0018 53 355 119 375
person 0.0015 -10 41 120 275
person 0.0015 51 271 86 373
person 0.0013 -33 55 66 258
person 0.0013 45 121 148 366
person 0.0011 -4 300 100 374
person 0.0010 -2 258 19 388
pottedplant 0.0095 20 300 113 373
pottedplant 0.0059 51 269 137 352
pottedplant 0.0045 5 38 50 149
pottedplant 0.0024 10 22 103 238
pottedplant 0.0014 13 50 99 148
pottedplant 0.0013 56 278 110 370
pottedplant 0.0010 23 237 159 379
