aeroplane 0.0067 95 138 184 209
aeroplane 0.0054 22 46 257 299
aeroplane 0.0049 66 85 213 259
boat 0.0257 47 179 233 311
boat 0.0130 63 222 268 349
boat 0.0106 110 242 221 324
boat 0.0104 90 201 189 289
boat 0.0089 5 184 326 389
boat 0.0084 148 283 235 357
boat 0.0079 147 248 287 322
boat 0.0056 127 175 304 326
boat 0.0056 61 87 321 334
boat 0.0038 316 164 333 203
boat 0.0030 169 214 267 289
boat 0.0026 228 241 309 327
boat 0.0024 260 151 339 215
boat 0.0024 65 255 202 335
boat 0.0022 117 243 266 397
boat 0.0016 268 86 330 237
boat 0.0015 156 220 325 359
boat 0.0015 299 170 328 198
boat 0.0014 298 185 330 211
boat 0.0014 264 152 324 268
boat 0.0014 311 186 335 213
boat 0.0013 196 254 301 341
boat 0.0011 210 108 326 310
boat 0.0010 240 64 346 280
boat 0.0010 296 152 331 214
person 0.0260 124 206 200 291
person 0.0148 182 220 210 294
person 0.0094 143 209 236 288
person 0.0088 169 223 202 293
person 0.0016 87 193 180 285
person 0.0012 42 -57 340 326
person 0.0012 66 217 200 298
person 0.0011 127 210 164 272
person 0.0010 183 261 210 292
tvmonitor 0.0029 -6 22 40 155
tvmonitor 0.0015 17 35 161 234
