boat 0.2123 48 42 451 314
boat 0.0641 299 129 505 291
boat 0.0339 87 131 333 280
boat 0.0195 124 110 529 355
boat 0.0169 171 100 404 256
boat 0.0117 13 155 174 206
boat 0.0096 26 175 160 237
boat 0.0082 -19 136 366 329
boat 0.0078 -7 152 195 262
boat 0.0071 30 202 165 260
boat 0.0063 16 127 254 235
boat 0.0060 195 113 284 175
boat 0.0052 100 173 241 244
boat 0.0040 110 141 232 218
boat 0.0039 15 146 111 213
boat 0.0039 201 31 277 148
boat 0.0038 124 219 240 264
boat 0.0031 270 170 384 242
boat 0.0030 24 217 244 359
boat 0.0028 27 174 239 286
boat 0.0027 179 17 322 174
boat 0.0026 206 139 297 218
boat 0.0025 223 49 263 158
boat 0.0022 77 228 193 296
boat 0.0019 147 223 217 259
boat 0.0019 143 196 279 270
boat 0.0017 221 152 432 314
boat 0.0017 104 202 141 224
boat 0.0016 259 106 470 251
boat 0.0015 190 260 307 321
boat 0.0014 27 159 70 179
boat 0.0014 235 57 276 149
boat 0.0014 79 158 205 213
boat 0.0013 50 190 200 234
boat 0.0013 81 67 264 233
boat 0.0013 44 159 87 178
boat 0.0013 14 188 486 386
boat 0.0012 204 89 296 160
boat 0.0012 103 213 142 234
boat 0.0012 236 169 341 244
boat 0.0011 148 165 274 248
boat 0.0010 232 143 344 219
boat 0.0010 236 117 341 188
boat 0.0010 -60 88 330 267
boat 0.0010 -3 290 115 352
boat 0.0010 157 223 266 294
boat 0.0010 214 109 268 152
boat 0.0010 37 227 152 290
chair 0.0010 1 256 57 365
person 0.0287 277 225 318 280
person 0.0123 296 218 334 290
person 0.0080 281 224 314 251
person 0.0072 383 132 406 157
person 0.0018 299 215 330 237
person 0.0017 286 215 314 241
person 0.0013 345 198 372 226
person 0.0013 366 208 510 367
tvmonitor 0.0022 301 255 408 309
