car 0.8179 -7 71 507 303
car 0.0168 146 95 430 281
car 0.0151 195 13 532 304
car 0.0122 70 123 351 309
car 0.0095 395 73 508 142
car 0.0022 36 211 58 239
car 0.0018 1 203 48 243
car 0.0017 318 44 479 217
car 0.0015 398 79 484 179
car 0.0010 403 83 455 132
car 0.0010 402 93 429 122
chair 0.0018 402 0 494 84
person 0.0158 2 211 22 242
person 0.0058 403 81 429 109
person 0.0024 9 210 41 239
person 0.0010 399 70 433 118
pottedplant 0.0135 442 -3 502 103
pottedplant 0.0126 449 37 498 92
pottedplant 0.0096 131 96 162 123
pottedplant 0.0028 196 38 238 120
pottedplant 0.0024 129 89 166 150
pottedplant 0.0023 145 96 174 126
pottedplant 0.0022 470 16 503 112
pottedplant 0.0021 458 52 488 82
pottedplant 0.0021 134 87 181 132
pottedplant 0.0013 397 26 494 113
