bottle 0.0198 178 285 248 381
bottle 0.0016 181 245 252 346
chair 0.0284 48 443 208 498
chair 0.0144 167 285 250 388
chair 0.0093 31 418 183 488
chair 0.0089 167 312 310 492
chair 0.0083 195 445 294 504
chair 0.0060 224 313 308 436
chair 0.0045 50 368 266 506
chair 0.0035 114 437 258 501
chair 0.0022 163 355 267 447
chair 0.0021 156 465 288 506
chair 0.0020 201 342 286 475
chair 0.0019 7 440 151 499
chair 0.0017 191 395 298 497
chair 0.0017 227 351 319 465
chair 0.0014 36 462 179 506
chair 0.0013 185 324 305 404
diningtable 0.0021 41 443 203 499
diningtable 0.0016 38 219 393 507
person 0.7630 159 -14 385 439
person 0.0090 163 0 327 260
person 0.0076 281 76 376 422
person 0.0073 169 60 267 438
person 0.0033 22 441 122 503
person 0.0032 78 111 352 462
person 0.0016 157 -14 332 137
person 0.0015 232 31 370 315
person 0.0012 17 374 189 506
pottedplant 0.0053 15 428 60 481
pottedplant 0.0037 26 440 75 493
pottedplant 0.0031 2 408 86 488
pottedplant 0.0023 20 437 51 470
sofa 0.0026 8 277 308 528
