bottle 0.0096 268 165 289 197
bottle 0.0075 286 170 315 249
bottle 0.0065 269 176 293 206
bottle 0.0055 295 171 332 221
bottle 0.0049 318 163 352 230
bottle 0.0029 340 152 369 240
bottle 0.0014 264 167 298 217
bottle 0.0012 286 175 311 215
bottle 0.0010 304 189 326 230
car 0.0046 477 144 501 273
cat 0.2592 87 228 163 333
cat 0.0030 68 215 208 342
cat 0.0013 58 249 150 344
cat 0.0011 17 238 185 360
chair 0.0031 191 292 309 369
chair 0.0029 0 193 22 308
chair 0.0025 71 199 276 353
chair 0.0021 -3 243 59 359
chair 0.0020 149 240 349 371
chair 0.0018 195 257 381 400
chair 0.0017 250 261 347 331
chair 0.0016 234 266 322 381
chair 0.0013 10 286 99 372
chair 0.0012 179 102 260 204
chair 0.0011 -2 13 20 116
chair 0.0011 261 296 392 371
chair 0.0010 120 172 299 320
diningtable 0.0015 29 198 469 405
person 0.3848 298 12 507 420
person 0.1978 317 160 483 376
person 0.0968 373 21 498 353
person 0.0171 -8 15 65 301
person 0.0163 291 74 443 361
person 0.0121 338 27 484 229
person 0.0020 1 106 106 324
person 0.0018 0 117 24 243
person 0.0017 0 38 24 176
person 0.0017 -1 -10 23 82
person 0.0015 156 109 497 380
person 0.0013 245 149 413 338
person 0.0011 18 59 169 311
person 0.0011 0 168 24 280
person 0.0010 476 110 500 250
pottedplant 0.0059 0 1 57 42
pottedplant 0.0045 7 -8 91 52
pottedplant 0.0017 7 162 84 285
sofa 0.0016 3 168 342 378
tvmonitor 0.6675 46 44 207 218
tvmonitor 0.0730 -19 40 129 215
tvmonitor 0.0431 217 100 262 147
tvmonitor 0.0279 77 67 182 186
tvmonitor 0.0256 3 25 264 290
tvmonitor 0.0250 -13 10 69 244
tvmonitor 0.0159 182 89 253 183
tvmonitor 0.0061 3 74 107 179
tvmonitor 0.0031 -1 59 60 195
tvmonitor 0.0013 48 106 145 207
tvmonitor 0.0011 64 223 106 282
tvmonitor 0.0011 0 26 26 130
tvmonitor 0.0010 56 69 158 149
