aeroplane 0.0062 184 109 314 154
aeroplane 0.0041 198 127 317 171
aeroplane 0.0014 241 122 312 157
aeroplane 0.0011 211 130 266 151
aeroplane 0.0010 200 123 275 155
car 0.7474 3 156 496 332
car 0.0981 133 179 440 314
car 0.0548 25 180 327 314
car 0.0203 19 207 118 263
car 0.0131 0 204 26 300
car 0.0090 181 163 320 214
car 0.0084 -6 95 429 280
car 0.0069 200 138 242 157
car 0.0041 139 156 283 218
car 0.0039 252 139 306 157
car 0.0035 -16 177 132 314
car 0.0027 229 140 290 157
car 0.0024 87 135 336 251
car 0.0018 201 130 245 151
car 0.0017 272 140 319 157
car 0.0015 39 205 149 283
car 0.0013 65 205 111 248
car 0.0013 0 231 23 274
car 0.0011 30 217 239 322
car 0.0010 207 140 269 157
car 0.0010 144 174 262 212
person 0.0299 163 183 203 208
person 0.0193 126 184 162 207
person 0.0161 178 182 220 208
person 0.0077 140 184 184 205
person 0.0036 201 182 243 208
person 0.0031 217 183 261 207
person 0.0021 0 174 23 300
