bottle 0.0029 0 322 44 384
bottle 0.0017 0 329 14 380
bottle 0.0014 5 335 35 372
bottle 0.0010 25 316 45 360
chair 0.0010 300 -2 378 99
dog 0.0554 38 321 223 491
dog 0.0235 122 357 194 465
dog 0.0048 43 297 332 507
dog 0.0036 101 352 223 510
dog 0.0028 88 391 178 488
dog 0.0010 76 319 184 408
person 0.8919 32 -42 342 389
person 0.2630 16 138 358 515
person 0.1173 6 292 131 501
person 0.0178 1 57 259 440
person 0.0148 133 56 299 366
person 0.0147 -5 50 95 373
person 0.0110 151 41 395 458
person 0.0110 -29 283 232 521
person 0.0077 277 128 381 451
person 0.0075 122 197 424 530
person 0.0057 103 258 273 474
person 0.0035 300 12 367 102
person 0.0035 -2 177 92 472
person 0.0033 0 329 77 480
person 0.0027 322 79 388 423
person 0.0025 289 35 373 312
person 0.0023 359 280 375 467
person 0.0021 -1 309 19 436
person 0.0021 81 138 237 433
person 0.0020 -16 230 58 499
person 0.0020 20 23 127 327
person 0.0019 8 316 120 394
person 0.0018 63 23 254 239
person 0.0017 152 310 334 493
person 0.0017 59 39 202 380
person 0.0017 323 -17 390 288
person 0.0017 32 300 109 422
person 0.0015 359 193 374 402
person 0.0013 162 200 326 462
person 0.0012 -2 292 45 437
person 0.0011 204 105 342 396
