bicycle 0.0741 96 61 403 311
bicycle 0.0026 273 79 369 298
bird 0.0013 0 68 44 121
bottle 0.0314 37 142 235 346
bottle 0.0195 241 238 282 328
bottle 0.0102 56 118 77 155
bottle 0.0078 57 103 77 143
bottle 0.0062 112 105 132 145
bottle 0.0028 70 124 99 151
bottle 0.0025 50 99 82 148
bottle 0.0023 178 357 223 375
bottle 0.0020 145 340 179 370
bottle 0.0019 276 134 380 350
bottle 0.0019 -39 107 78 324
bottle 0.0018 84 199 184 289
bottle 0.0016 136 332 187 373
bottle 0.0015 85 229 183 319
bottle 0.0014 192 280 239 339
bottle 0.0012 106 101 137 168
bottle 0.0010 46 119 86 181
bottle 0.0010 183 341 215 370
chair 0.2398 382 208 502 352
chair 0.0321 144 89 213 174
chair 0.0169 176 78 325 246
chair 0.0104 161 102 251 209
chair 0.0068 123 92 207 209
chair 0.0059 408 206 493 300
chair 0.0049 148 92 209 127
chair 0.0032 205 99 295 212
chair 0.0025 278 176 385 368
chair 0.0025 288 256 378 350
chair 0.0019 353 225 468 320
chair 0.0019 384 290 498 377
chair 0.0015 262 66 389 251
chair 0.0015 264 116 377 324
chair 0.0014 141 83 284 286
chair 0.0014 369 204 420 271
chair 0.0014 152 92 247 155
chair 0.0014 362 256 510 391
chair 0.0012 297 218 368 331
chair 0.0012 283 219 446 384
chair 0.0011 172 98 222 146
diningtable 0.0093 6 57 262 373
diningtable 0.0066 -12 219 434 383
diningtable 0.0032 126 264 373 392
diningtable 0.0031 4 92 188 285
diningtable 0.0019 245 262 485 395
diningtable 0.0012 182 299 318 366
motorbike 0.0419 83 83 416 348
motorbike 0.0099 195 105 381 326
person 0.0188 -24 69 217 362
person 0.0038 7 110 54 186
person 0.0037 -19 52 60 265
person 0.0018 0 88 47 153
person 0.0017 197 74 378 245
person 0.0014 -11 45 56 157
pottedplant 0.0015 12 183 183 365
pottedplant 0.0013 242 96 282 120
sofa 0.2832 376 215 500 377
sofa 0.0127 402 211 502 294
tvmonitor 0.0025 198 -4 281 103
tvmonitor 0.0020 450 358 495 376
tvmonitor 0.0015 299 183 367 304
tvmonitor 0.0011 233 98 286 142
