car 0.2442 -57 226 403 377
car 0.0371 3 234 264 363
car 0.0339 360 141 506 289
car 0.0307 0 138 423 350
car 0.0267 61 273 359 389
car 0.0221 382 175 497 260
car 0.0039 89 169 332 313
car 0.0027 367 190 506 358
car 0.0022 390 229 495 305
car 0.0022 106 204 469 398
car 0.0018 180 268 319 330
car 0.0016 136 296 285 371
car 0.0014 64 297 204 376
car 0.0014 8 234 109 308
car 0.0014 137 205 284 277
chair 0.0012 403 246 491 363
person 0.9197 63 112 132 208
person 0.7664 286 100 344 202
person 0.5030 1 158 62 286
person 0.4794 57 155 129 258
person 0.4463 7 169 87 253
person 0.4369 168 39 271 217
person 0.3286 151 66 333 238
person 0.3234 2 131 47 197
person 0.3103 311 208 412 284
person 0.0992 -2 138 62 219
person 0.0987 165 164 203 222
person 0.0920 1 128 26 227
person 0.0761 278 134 367 222
person 0.0734 17 162 73 227
person 0.0548 476 195 500 282
person 0.0509 261 164 305 221
person 0.0463 84 175 174 259
person 0.0457 117 164 166 222
person 0.0377 12 134 39 169
person 0.0365 341 209 456 289
person 0.0354 70 93 108 210
person 0.0323 0 144 25 183
person 0.0285 0 193 22 310
person 0.0254 291 88 337 159
person 0.0246 371 191 412 255
person 0.0244 260 112 334 211
person 0.0234 273 193 454 301
person 0.0205 227 149 432 283
person 0.0204 316 184 418 259
person 0.0193 0 129 32 177
person 0.0169 86 136 164 243
person 0.0158 108 156 151 229
person 0.0149 256 158 336 229
person 0.0148 89 160 331 274
person 0.0147 481 214 499 257
person 0.0143 379 187 487 290
person 0.0126 273 181 357 267
person 0.0110 193 175 309 263
person 0.0110 201 58 281 193
person 0.0108 78 169 124 246
person 0.0105 246 174 331 265
person 0.0103 254 124 409 243
person 0.0102 -10 152 110 276
person 0.0102 433 190 478 257
person 0.0099 71 97 104 151
person 0.0097 380 180 402 213
person 0.0092 -19 123 76 256
person 0.0085 381 188 404 227
person 0.0080 294 90 373 187
person 0.0072 59 143 211 281
person 0.0069 345 191 401 256
person 0.0067 19 199 68 271
person 0.0066 449 206 493 267
person 0.0063 95 54 403 263
person 0.0063 1 155 22 200
person 0.0063 152 181 270 256
person 0.0058 135 171 190 217
person 0.0054 198 148 305 230
person 0.0052 114 181 227 257
person 0.0052 123 148 217 228
person 0.0051 193 233 460 379
person 0.0051 364 204 422 272
person 0.0050 -8 128 506 303
person 0.0050 276 211 361 289
person 0.0049 10 151 179 336
person 0.0047 316 219 488 384
person 0.0042 231 81 361 237
person 0.0040 167 163 197 199
person 0.0039 162 148 264 224
person 0.0039 14 119 101 207
person 0.0038 334 202 383 276
person 0.0037 355 194 394 219
person 0.0035 477 210 500 350
person 0.0033 0 172 20 215
person 0.0032 25 145 107 244
person 0.0031 75 106 130 165
person 0.0031 1 112 45 164
person 0.0029 53 91 208 234
person 0.0029 12 123 38 154
person 0.0028 52 164 79 191
person 0.0025 322 180 345 213
person 0.0025 320 191 351 221
person 0.0024 338 193 373 221
person 0.0024 354 172 447 261
person 0.0024 -17 165 78 319
person 0.0023 299 129 334 169
person 0.0023 439 194 470 223
person 0.0023 439 198 502 291
person 0.0023 11 215 54 286
person 0.0022 0 84 26 159
person 0.0022 1 214 20 259
person 0.0022 32 163 65 191
person 0.0021 309 99 355 175
person 0.0021 32 151 63 179
person 0.0021 332 184 384 232
person 0.0020 1 227 18 278
person 0.0020 440 205 467 236
person 0.0019 0 119 25 151
person 0.0019 390 196 436 250
person 0.0018 379 201 407 241
person 0.0018 243 142 312 222
person 0.0018 459 207 484 238
person 0.0017 80 88 162 213
person 0.0017 289 176 347 239
person 0.0017 19 143 72 191
person 0.0016 284 89 321 186
person 0.0016 -1 219 22 371
person 0.0016 313 184 358 229
person 0.0015 42 153 88 203
person 0.0015 374 172 408 221
person 0.0014 40 177 91 239
person 0.0014 0 188 20 229
person 0.0014 32 140 63 167
person 0.0013 40 191 135 283
person 0.0013 86 115 258 254
person 0.0013 52 153 79 181
person 0.0012 312 195 358 252
person 0.0012 349 201 396 300
person 0.0011 417 226 447 251
person 0.0011 107 126 148 205
person 0.0011 32 175 63 209
person 0.0011 50 119 89 182
person 0.0010 266 150 292 180
person 0.0010 398 237 430 263
person 0.0010 168 58 265 152
pottedplant 0.0237 312 151 412 228
pottedplant 0.0148 372 72 503 250
pottedplant 0.0122 355 117 453 199
pottedplant 0.0112 319 120 413 204
pottedplant 0.0107 475 173 500 273
pottedplant 0.0099 300 115 504 266
pottedplant 0.0090 333 173 386 218
pottedplant 0.0089 394 115 492 201
pottedplant 0.0080 390 150 502 228
pottedplant 0.0076 336 35 474 230
pottedplant 0.0072 470 155 502 234
pottedplant 0.0072 348 152 392 209
pottedplant 0.0070 324 82 404 182
pottedplant 0.0067 282 89 451 231
pottedplant 0.0055 404 76 480 186
pottedplant 0.0047 435 51 506 165
pottedplant 0.0045 468 44 501 143
pottedplant 0.0039 362 81 444 179
pottedplant 0.0037 354 149 446 233
pottedplant 0.0036 340 180 374 210
pottedplant 0.0029 340 141 382 191
pottedplant 0.0028 346 162 371 197
pottedplant 0.0026 0 15 29 143
pottedplant 0.0026 359 162 384 199
pottedplant 0.0025 444 180 493 236
pottedplant 0.0024 369 98 419 176
pottedplant 0.0023 480 200 498 243
pottedplant 0.0023 429 166 505 251
pottedplant 0.0023 357 178 390 208
pottedplant 0.0022 413 42 532 217
pottedplant 0.0018 342 136 373 163
pottedplant 0.0016 370 140 417 190
pottedplant 0.0016 345 148 372 179
pottedplant 0.0016 253 30 553 286
pottedplant 0.0013 376 19 510 186
pottedplant 0.0012 427 174 484 220
pottedplant 0.0012 432 112 507 210
pottedplant 0.0011 319 67 410 138
pottedplant 0.0011 350 106 398 168
pottedplant 0.0011 387 101 435 173
pottedplant 0.0010 475 178 501 212
pottedplant 0.0010 429 77 473 170
