bottle 0.0022 31 -3 67 37
bottle 0.0020 1 -2 48 41
bottle 0.0012 37 -3 61 21
chair 0.0049 243 177 483 302
chair 0.0026 363 47 500 89
person 0.8563 20 9 324 324
person 0.0147 -33 57 227 326
person 0.0114 114 67 303 316
person 0.0101 71 26 505 306
person 0.0046 78 38 265 241
person 0.0022 41 131 380 352
person 0.0021 -2 70 112 262
person 0.0014 6 134 190 300
person 0.0014 -7 186 125 341
tvmonitor 0.0056 245 168 478 281
tvmonitor 0.0021 206 14 524 267
tvmonitor 0.0020 297 190 433 255
tvmonitor 0.0017 328 111 385 155
