car 0.0042 325 -7 459 22
car 0.0027 336 -3 413 20
cat 0.0030 29 7 219 63
cat 0.0028 -3 5 111 69
motorbike 0.7238 118 98 458 332
motorbike 0.0563 159 167 417 321
motorbike 0.0057 259 136 462 284
motorbike 0.0042 155 86 349 287
motorbike 0.0016 357 165 445 268
person 0.5643 206 35 446 283
person 0.0238 241 47 415 217
person 0.0165 337 103 454 271
person 0.0132 108 14 393 304
person 0.0107 338 0 410 17
person 0.0051 171 51 339 269
person 0.0051 276 50 367 145
person 0.0046 175 -1 225 15
person 0.0043 308 -2 423 39
person 0.0039 -3 -1 119 41
person 0.0027 165 108 200 164
person 0.0022 388 0 436 15
person 0.0021 120 -9 281 25
person 0.0020 43 -3 222 39
person 0.0018 173 103 192 142
person 0.0015 75 0 135 15
person 0.0014 352 118 456 205
person 0.0014 214 0 266 19
person 0.0013 207 -3 367 40
person 0.0013 251 0 305 16
person 0.0013 193 0 248 17
person 0.0012 247 52 337 148
person 0.0011 228 0 291 17
person 0.0011 153 0 211 15
person 0.0011 269 0 325 15
