bottle 0.0071 173 229 266 319
bottle 0.0056 138 205 289 334
bottle 0.0053 329 189 372 260
bottle 0.0046 192 194 221 279
bottle 0.0045 236 228 272 321
bottle 0.0042 71 18 101 65
bottle 0.0037 195 216 237 312
bottle 0.0024 190 257 296 330
bottle 0.0020 175 198 234 327
bottle 0.0018 226 211 263 338
bottle 0.0017 107 4 147 60
bottle 0.0016 167 202 264 285
bottle 0.0014 198 258 236 315
chair 0.0227 303 118 502 313
chair 0.0116 37 294 157 334
chair 0.0054 -8 69 68 312
chair 0.0031 41 196 141 332
chair 0.0021 442 164 508 269
chair 0.0019 426 130 518 302
chair 0.0019 -3 263 115 331
chair 0.0010 2 138 120 344
chair 0.0010 401 170 492 263
diningtable 0.0029 -18 181 441 354
diningtable 0.0020 167 232 410 353
person 0.8583 123 39 376 345
person 0.6215 15 14 157 318
person 0.3722 307 26 498 306
person 0.0701 49 21 297 311
person 0.0626 -10 38 70 292
person 0.0500 182 48 470 283
person 0.0496 80 19 187 313
person 0.0303 120 -1 209 178
person 0.0133 171 0 203 62
person 0.0132 371 60 500 270
person 0.0131 101 4 179 71
person 0.0101 152 61 345 225
person 0.0080 428 73 518 312
person 0.0077 131 1 214 75
person 0.0075 -4 22 120 218
person 0.0070 163 -1 211 42
person 0.0066 -12 -18 205 250
person 0.0048 164 128 331 305
person 0.0040 38 105 142 329
person 0.0033 181 0 219 19
person 0.0029 113 -1 181 117
person 0.0027 0 185 22 314
person 0.0025 184 0 211 32
person 0.0021 475 48 499 168
person 0.0017 9 8 104 63
person 0.0015 111 83 232 298
person 0.0015 12 3 174 181
person 0.0014 112 107 540 325
person 0.0014 -10 131 67 352
person 0.0014 101 -23 244 106
person 0.0013 191 2 254 33
person 0.0013 137 -2 185 43
person 0.0013 48 2 142 71
person 0.0012 173 11 197 51
person 0.0011 99 0 150 15
person 0.0010 82 -6 184 43
person 0.0010 138 -4 225 47
person 0.0010 -1 144 20 277
person 0.0010 201 0 243 19
sofa 0.0021 223 13 505 269
tvmonitor 0.0258 82 200 160 297
tvmonitor 0.0077 55 210 135 323
tvmonitor 0.0024 414 1 456 41
tvmonitor 0.0016 96 217 151 280
tvmonitor 0.0013 420 8 448 33
