bottle 0.0026 165 164 194 190
cat 0.1906 388 307 498 355
cat 0.0105 399 271 487 349
cat 0.0103 327 304 487 366
cat 0.0064 261 293 467 372
cat 0.0043 267 266 460 334
cat 0.0019 291 237 506 375
cat 0.0014 412 296 524 350
chair 0.3064 196 232 466 377
chair 0.1271 1 229 61 332
chair 0.0793 189 300 296 372
chair 0.0261 2 176 60 302
chair 0.0261 152 328 271 376
chair 0.0254 0 191 22 313
chair 0.0226 -3 189 99 356
chair 0.0197 190 326 324 381
chair 0.0172 26 241 62 322
chair 0.0126 141 194 209 287
chair 0.0089 1 253 24 335
chair 0.0064 160 278 335 379
chair 0.0046 225 124 256 146
chair 0.0039 1 258 19 304
chair 0.0038 196 264 302 355
chair 0.0031 134 97 191 145
chair 0.0025 33 188 164 356
chair 0.0018 164 87 202 155
chair 0.0017 58 222 139 331
chair 0.0017 7 171 59 241
chair 0.0016 144 219 284 389
chair 0.0014 -18 228 73 368
chair 0.0013 11 261 47 353
chair 0.0013 160 248 245 371
chair 0.0012 240 265 412 348
chair 0.0012 127 184 220 256
chair 0.0012 174 324 228 379
chair 0.0011 282 331 448 378
chair 0.0011 248 333 308 374
chair 0.0011 0 229 17 276
chair 0.0011 27 270 65 344
chair 0.0010 252 293 404 369
dog 0.0019 377 310 523 360
person 0.0460 360 7 397 33
person 0.0081 369 5 410 30
person 0.0022 30 123 57 152
person 0.0019 373 0 409 21
person 0.0017 356 0 397 21
person 0.0017 327 145 344 188
person 0.0014 363 18 391 47
person 0.0012 21 106 44 141
person 0.0010 297 112 330 133
pottedplant 0.0177 10 181 51 205
pottedplant 0.0085 6 175 57 214
pottedplant 0.0030 14 170 49 197
pottedplant 0.0029 153 164 179 194
sofa 0.1383 227 248 495 361
sofa 0.0070 171 166 482 379
tvmonitor 0.1003 316 66 356 118
tvmonitor 0.0223 301 65 334 124
tvmonitor 0.0081 82 65 121 116
tvmonitor 0.0071 156 203 206 267
tvmonitor 0.0057 135 196 221 274
tvmonitor 0.0043 237 136 357 192
tvmonitor 0.0036 278 113 317 132
tvmonitor 0.0031 304 75 330 113
tvmonitor 0.0014 286 64 316 124
tvmonitor 0.0012 88 65 116 97
tvmonitor 0.0011 25 79 60 140
