bottle 0.0035 10 87 187 276
bottle 0.0018 390 207 428 268
bottle 0.0017 27 166 144 249
bottle 0.0010 158 168 207 222
car 0.0013 94 5 252 65
car 0.0012 60 -26 286 110
chair 0.0598 243 122 413 318
chair 0.0451 277 165 463 373
chair 0.0317 253 145 344 337
chair 0.0264 256 241 489 359
chair 0.0131 202 136 277 252
chair 0.0117 146 112 267 324
chair 0.0093 195 81 301 296
chair 0.0083 217 156 288 277
chair 0.0067 18 243 147 292
chair 0.0048 118 237 294 374
chair 0.0039 138 160 220 267
chair 0.0037 163 164 247 259
chair 0.0036 241 148 320 272
chair 0.0027 117 237 230 304
chair 0.0025 184 155 321 325
chair 0.0020 218 271 436 381
chair 0.0020 110 90 246 283
chair 0.0018 51 245 218 299
chair 0.0018 276 110 380 208
chair 0.0017 237 139 281 250
chair 0.0016 248 226 344 316
chair 0.0015 213 65 367 255
chair 0.0015 159 193 262 296
chair 0.0015 204 112 297 212
chair 0.0013 228 289 349 370
chair 0.0013 248 110 331 205
chair 0.0013 128 33 289 229
chair 0.0012 89 193 262 347
chair 0.0012 185 295 305 371
chair 0.0011 129 195 226 296
chair 0.0011 287 291 451 367
chair 0.0010 147 262 273 349
diningtable 0.0023 -40 205 309 398
diningtable 0.0012 78 49 422 324
person 0.6545 17 13 180 243
person 0.3960 379 44 503 328
person 0.1866 347 34 463 274
person 0.1221 314 162 489 393
person 0.0892 476 33 500 155
person 0.0343 242 22 487 352
person 0.0305 0 27 135 183
person 0.0139 427 84 510 351
person 0.0068 389 39 475 175
person 0.0061 40 52 145 157
person 0.0056 477 67 500 235
person 0.0050 477 -25 499 126
person 0.0046 7 5 262 310
person 0.0037 451 15 497 144
person 0.0032 422 26 518 233
person 0.0029 474 166 500 309
person 0.0026 379 31 450 127
person 0.0025 24 63 111 181
person 0.0024 -1 33 23 181
person 0.0020 435 45 507 159
person 0.0020 418 79 481 223
person 0.0017 235 37 423 228
person 0.0016 431 69 473 175
person 0.0014 449 77 496 168
person 0.0011 473 226 499 364
sofa 0.0021 43 -11 379 270
sofa 0.0019 288 95 518 394
tvmonitor 0.0485 16 273 258 377
tvmonitor 0.0296 136 0 286 41
tvmonitor 0.0043 141 296 279 371
tvmonitor 0.0036 25 297 173 370
tvmonitor 0.0029 81 325 264 378
tvmonitor 0.0029 102 277 319 376
tvmonitor 0.0028 132 -7 270 26
tvmonitor 0.0024 118 10 305 65
tvmonitor 0.0019 73 -3 252 46
