aeroplane 0.0010 230 260 287 274
chair 0.0013 2 17 62 110
person 0.6899 220 112 296 219
person 0.0050 256 113 299 218
person 0.0041 218 124 269 202
person 0.0037 231 111 279 193
person 0.0030 246 120 347 211
tvmonitor 0.6083 193 91 364 230
tvmonitor 0.2087 215 113 310 211
tvmonitor 0.0083 223 96 345 169
tvmonitor 0.0066 224 137 343 224
tvmonitor 0.0051 197 107 240 167
tvmonitor 0.0050 158 53 418 263
tvmonitor 0.0048 155 133 344 285
tvmonitor 0.0027 201 94 302 178
tvmonitor 0.0025 143 81 293 233
tvmonitor 0.0021 176 110 261 203
tvmonitor 0.0015 300 151 340 206
tvmonitor 0.0014 263 106 332 143
tvmonitor 0.0013 192 176 303 247
tvmonitor 0.0012 7 0 49 18
tvmonitor 0.0010 0 29 52 99
