bicycle 0.0808 160 171 426 365
bicycle 0.0072 29 148 472 397
bicycle 0.0052 178 168 338 325
bicycle 0.0016 209 186 297 302
car 0.0017 0 150 24 178
car 0.0011 313 141 359 158
chair 0.0011 367 170 502 320
motorbike 0.4348 200 177 453 362
person 0.5886 226 167 417 329
person 0.0599 324 155 399 279
person 0.0145 270 173 381 264
person 0.0086 209 168 297 274
person 0.0072 196 117 532 373
person 0.0061 239 165 335 267
person 0.0056 316 159 406 228
person 0.0044 172 154 336 293
person 0.0023 298 181 372 296
person 0.0021 190 167 304 222
person 0.0015 227 166 346 224
person 0.0014 251 227 402 320
person 0.0013 267 163 386 223
tvmonitor 0.0033 389 203 490 287
