bottle 0.0011 5 98 46 233
chair 0.3827 406 199 488 306
chair 0.1202 349 194 431 310
chair 0.0410 472 214 501 288
chair 0.0239 478 248 499 286
chair 0.0224 -4 124 62 248
chair 0.0167 442 223 497 283
chair 0.0131 144 176 255 266
chair 0.0111 29 220 104 329
chair 0.0079 0 107 108 312
chair 0.0076 376 211 450 319
chair 0.0065 45 229 130 360
chair 0.0060 0 182 65 291
chair 0.0060 211 190 441 346
chair 0.0053 410 171 488 270
chair 0.0048 0 141 104 238
chair 0.0047 398 120 500 314
chair 0.0047 328 222 416 319
chair 0.0042 42 194 144 297
chair 0.0036 473 172 500 275
chair 0.0036 395 250 507 303
chair 0.0035 477 231 499 274
chair 0.0031 -16 142 61 346
chair 0.0031 0 198 26 305
chair 0.0029 428 195 512 279
chair 0.0028 404 226 461 306
chair 0.0027 -4 302 104 371
chair 0.0025 453 168 483 248
chair 0.0024 227 304 325 372
chair 0.0024 71 161 281 282
chair 0.0023 234 264 344 344
chair 0.0022 5 229 89 360
chair 0.0022 90 251 130 339
chair 0.0021 478 206 499 241
chair 0.0020 3 152 49 265
chair 0.0019 77 265 192 335
chair 0.0018 -1 218 51 283
chair 0.0018 42 295 150 365
chair 0.0016 127 267 370 381
chair 0.0014 64 297 206 369
chair 0.0014 30 236 247 355
chair 0.0014 354 179 454 261
chair 0.0012 452 215 526 286
chair 0.0012 92 219 195 313
chair 0.0012 74 248 139 368
chair 0.0012 398 199 431 279
chair 0.0011 421 207 479 269
chair 0.0010 405 131 487 241
chair 0.0010 403 212 456 265
diningtable 0.0014 15 247 483 412
person 0.0157 -9 102 111 268
person 0.0095 416 103 493 213
person 0.0082 207 297 244 348
person 0.0067 396 76 495 289
person 0.0064 212 293 235 329
person 0.0021 430 69 509 250
person 0.0015 0 85 58 231
person 0.0014 222 295 250 324
person 0.0010 -1 119 26 240
pottedplant 0.0411 146 275 255 344
pottedplant 0.0179 147 300 275 359
pottedplant 0.0058 143 326 276 377
pottedplant 0.0040 153 281 212 337
pottedplant 0.0033 170 296 226 349
pottedplant 0.0027 90 278 326 376
pottedplant 0.0025 172 277 226 318
pottedplant 0.0025 129 272 236 322
pottedplant 0.0022 110 276 216 344
pottedplant 0.0020 183 283 217 311
pottedplant 0.0014 182 295 218 321
pottedplant 0.0012 161 310 211 362
pottedplant 0.0012 142 285 190 333
sofa 0.2007 15 175 407 371
sofa 0.1361 144 176 431 317
sofa 0.0449 50 205 296 344
sofa 0.0219 49 129 450 303
sofa 0.0203 92 252 330 361
sofa 0.0101 27 160 165 323
sofa 0.0031 109 237 232 309
sofa 0.0015 144 239 280 305
sofa 0.0011 184 235 318 315
tvmonitor 0.0232 224 -15 359 160
tvmonitor 0.0138 243 23 337 119
tvmonitor 0.0067 139 49 218 152
tvmonitor 0.0025 121 22 235 179
tvmonitor 0.0022 155 36 199 122
tvmonitor 0.0019 237 58 338 143
tvmonitor 0.0011 132 23 196 135
tvmonitor 0.0011 270 37 321 123
