aeroplane 0.1230 132 41 520 257
aeroplane 0.0244 143 47 213 114
aeroplane 0.0215 25 90 475 299
aeroplane 0.0203 63 43 144 104
aeroplane 0.0072 111 76 140 95
aeroplane 0.0061 45 23 138 135
aeroplane 0.0037 79 49 167 122
aeroplane 0.0033 105 63 148 107
aeroplane 0.0019 166 51 231 120
aeroplane 0.0019 24 -6 474 213
aeroplane 0.0015 109 98 136 118
aeroplane 0.0012 130 26 280 137
aeroplane 0.0011 59 72 149 122
aeroplane 0.0010 273 70 454 230
aeroplane 0.0010 115 84 136 111
bird 0.0465 54 45 131 117
bird 0.0318 186 57 220 114
bird 0.0180 14 133 85 196
bird 0.0018 36 136 96 175
bird 0.0014 97 52 149 97
boat 0.0089 63 36 144 94
boat 0.0012 214 71 440 226
chair 0.0011 171 112 247 187
diningtable 0.0142 -17 34 440 264
motorbike 0.0012 -19 128 444 306
person 0.0022 189 47 216 105
person 0.0014 157 -19 494 227
person 0.0013 1 103 99 238
pottedplant 0.0019 44 97 145 157
pottedplant 0.0018 55 59 134 140
pottedplant 0.0016 41 32 146 169
