cat 0.0026 191 -1 384 95
chair 0.0061 303 0 445 26
chair 0.0027 234 4 335 61
chair 0.0019 -1 83 125 205
chair 0.0016 403 0 464 26
chair 0.0014 5 96 109 144
chair 0.0014 458 88 494 185
chair 0.0013 310 4 438 42
chair 0.0012 40 99 306 184
chair 0.0012 436 115 468 194
chair 0.0011 188 139 313 181
dog 0.0038 254 0 335 65
person 0.5313 12 4 486 203
person 0.0335 336 92 418 180
person 0.0309 132 59 369 185
person 0.0058 217 71 430 172
person 0.0033 334 69 472 178
person 0.0033 -3 84 109 237
person 0.0032 -54 30 324 215
person 0.0027 106 -3 237 25
person 0.0024 333 94 413 140
person 0.0023 0 82 27 171
person 0.0022 372 52 505 192
person 0.0016 354 98 441 159
person 0.0016 64 62 284 186
person 0.0014 473 95 499 178
person 0.0014 10 80 176 207
person 0.0014 267 77 368 123
person 0.0013 233 72 342 128
person 0.0012 199 53 528 192
person 0.0012 223 62 350 108
person 0.0011 227 94 347 154
person 0.0010 274 64 381 108
pottedplant 0.0031 108 -1 148 27
pottedplant 0.0028 113 0 180 25
sofa 0.2047 -14 81 514 240
sofa 0.0348 0 -1 422 172
sofa 0.0087 99 -1 320 93
sofa 0.0038 69 108 357 210
sofa 0.0037 4 124 417 271
sofa 0.0028 92 0 272 27
sofa 0.0019 163 157 414 242
