bottle 0.0015 336 226 371 306
car 0.7841 37 37 539 299
car 0.4849 272 38 326 75
car 0.3271 254 34 295 80
car 0.3098 247 31 322 89
car 0.3028 315 35 487 151
car 0.3004 25 36 66 58
car 0.2705 24 46 68 66
car 0.2694 368 30 499 95
car 0.1622 371 28 488 65
car 0.1503 183 40 228 71
car 0.1472 183 37 223 58
car 0.1397 227 35 253 59
car 0.0890 284 32 338 64
car 0.0881 206 35 234 61
car 0.0681 368 38 497 197
car 0.0469 299 40 331 71
car 0.0433 18 33 43 61
car 0.0283 77 17 205 168
car 0.0277 382 44 484 131
car 0.0226 281 35 320 59
car 0.0218 221 23 337 72
car 0.0214 333 37 460 83
car 0.0205 20 31 403 203
car 0.0189 251 25 399 66
car 0.0175 72 43 272 190
car 0.0174 219 28 261 64
car 0.0170 267 32 381 86
car 0.0167 335 37 374 59
car 0.0165 200 42 235 67
car 0.0157 -33 65 381 270
car 0.0135 140 13 513 221
car 0.0134 259 51 472 182
car 0.0125 323 36 353 61
car 0.0123 96 14 173 111
car 0.0102 338 45 371 67
car 0.0100 420 63 483 105
car 0.0096 404 36 463 54
car 0.0084 88 32 157 138
car 0.0084 168 72 408 263
car 0.0081 394 36 429 58
car 0.0071 163 35 196 59
car 0.0066 235 50 324 128
car 0.0058 328 30 380 64
car 0.0054 303 42 428 92
car 0.0053 152 28 200 65
car 0.0049 34 23 100 106
car 0.0047 148 39 255 75
car 0.0046 342 69 463 158
car 0.0044 3 29 91 64
car 0.0042 127 30 218 100
car 0.0040 406 43 493 102
car 0.0040 354 35 388 58
car 0.0037 364 42 426 79
car 0.0037 230 7 419 123
car 0.0037 210 39 306 93
car 0.0035 173 55 265 115
car 0.0034 49 37 126 140
car 0.0034 445 32 494 53
car 0.0033 212 30 355 156
car 0.0032 35 13 140 173
car 0.0031 185 25 295 67
car 0.0030 374 36 413 54
car 0.0029 232 31 282 64
car 0.0028 17 19 40 48
car 0.0027 381 31 445 64
car 0.0027 346 39 395 77
car 0.0026 410 68 489 150
car 0.0025 20 19 109 71
car 0.0023 100 48 226 120
car 0.0023 123 26 239 66
car 0.0021 16 37 49 73
car 0.0021 309 50 424 124
car 0.0019 154 44 343 192
car 0.0019 427 25 477 44
car 0.0018 82 19 185 69
car 0.0017 95 82 331 253
car 0.0013 318 36 358 74
car 0.0012 450 24 493 43
car 0.0012 317 23 433 68
car 0.0012 227 21 252 49
car 0.0011 160 12 262 67
car 0.0011 283 79 448 149
car 0.0010 92 4 255 133
car 0.0010 358 56 390 81
car 0.0010 270 52 382 123
car 0.0010 260 54 290 84
car 0.0010 181 49 224 92
motorbike 0.0041 30 35 173 192
motorbike 0.0014 52 47 121 145
motorbike 0.0011 144 90 508 349
person 0.7196 148 19 182 74
person 0.4597 109 19 140 70
person 0.1840 68 14 105 125
person 0.1462 65 20 102 70
person 0.1285 121 21 157 69
person 0.1101 92 21 128 67
person 0.0559 238 35 287 75
person 0.0345 262 38 289 77
person 0.0345 85 14 118 126
person 0.0221 154 16 177 50
person 0.0218 50 16 125 103
person 0.0209 94 17 117 51
person 0.0195 46 23 82 70
person 0.0159 324 42 351 68
person 0.0159 254 38 292 99
person 0.0142 110 17 136 51
person 0.0118 57 18 79 44
person 0.0112 76 15 98 47
person 0.0092 245 40 277 71
person 0.0087 111 9 136 33
person 0.0087 126 17 202 76
person 0.0085 51 28 78 59
person 0.0085 240 36 275 58
person 0.0084 104 21 144 118
person 0.0072 48 42 80 68
person 0.0054 130 42 159 67
person 0.0045 85 19 163 71
person 0.0042 206 45 286 134
person 0.0041 95 39 117 72
person 0.0037 147 26 182 115
person 0.0036 264 31 292 61
person 0.0035 241 41 284 127
person 0.0034 94 9 117 35
person 0.0022 128 20 157 48
person 0.0020 150 10 176 34
person 0.0014 74 23 136 145
person 0.0014 49 32 87 104
person 0.0014 169 19 190 49
person 0.0013 243 25 275 44
person 0.0011 81 54 124 139
pottedplant 0.0015 15 5 44 58
pottedplant 0.0011 16 8 41 38
