aeroplane 0.4564 11 98 488 233
aeroplane 0.1075 102 112 397 221
aeroplane 0.0228 40 87 302 200
aeroplane 0.0089 207 84 441 210
aeroplane 0.0065 319 78 433 163
aeroplane 0.0039 176 136 320 203
aeroplane 0.0019 89 150 193 223
aeroplane 0.0017 344 91 448 145
aeroplane 0.0017 226 191 255 212
aeroplane 0.0016 205 44 523 238
aeroplane 0.0013 265 272 445 333
aeroplane 0.0012 137 172 263 226
aeroplane 0.0012 237 192 281 210
aeroplane 0.0011 347 112 465 167
aeroplane 0.0010 -6 16 429 213
boat 0.0093 -7 144 129 295
boat 0.0036 23 164 167 217
boat 0.0028 9 174 102 267
boat 0.0023 378 219 447 255
boat 0.0021 2 125 190 253
boat 0.0014 77 187 191 246
boat 0.0013 -3 173 56 266
boat 0.0013 -16 104 71 280
boat 0.0011 6 155 106 229
boat 0.0010 360 217 392 236
bus 0.0182 25 201 101 299
bus 0.0087 98 223 154 275
bus 0.0011 86 198 163 274
car 0.1373 175 234 228 269
car 0.0794 407 239 449 256
car 0.0589 192 280 305 322
car 0.0560 412 113 489 159
car 0.0410 332 241 373 260
car 0.0303 406 120 465 152
car 0.0247 179 250 222 270
car 0.0242 271 294 477 329
car 0.0240 441 126 497 162
car 0.0150 308 242 366 261
car 0.0097 452 240 495 255
car 0.0096 390 238 438 257
car 0.0086 118 254 165 275
car 0.0080 165 250 205 269
car 0.0076 271 228 316 245
car 0.0074 229 254 495 339
car 0.0070 373 289 490 334
car 0.0063 474 131 500 160
car 0.0051 473 106 500 163
car 0.0043 261 231 373 267
car 0.0043 398 234 456 260
car 0.0039 474 237 502 256
car 0.0033 284 242 350 258
car 0.0029 212 276 441 325
car 0.0029 194 240 242 256
car 0.0029 182 230 223 248
car 0.0026 226 198 255 218
car 0.0023 201 200 240 218
car 0.0023 424 241 476 255
car 0.0015 159 243 212 274
car 0.0014 106 251 145 277
car 0.0014 417 135 486 155
car 0.0013 311 250 361 268
car 0.0013 307 276 499 327
car 0.0013 201 251 235 270
car 0.0012 333 250 375 268
car 0.0012 347 241 400 256
car 0.0012 194 229 248 245
car 0.0010 410 134 454 155
car 0.0010 451 121 489 150
car 0.0010 0 262 24 290
car 0.0010 262 188 293 207
chair 0.0280 220 284 295 322
chair 0.0140 199 288 313 332
chair 0.0059 302 292 503 333
chair 0.0035 4 140 44 206
chair 0.0027 1 165 47 231
chair 0.0024 387 289 495 336
chair 0.0012 0 145 26 203
chair 0.0011 0 154 25 241
person 0.0036 184 291 215 313
pottedplant 0.0410 162 283 201 322
pottedplant 0.0050 222 226 256 245
pottedplant 0.0013 168 279 196 303
sofa 0.0291 212 281 301 324
train 0.0128 8 164 101 319
tvmonitor 0.0063 7 109 49 162
tvmonitor 0.0055 67 114 108 178
tvmonitor 0.0040 53 103 145 179
tvmonitor 0.0016 90 106 128 165
tvmonitor 0.0012 14 135 45 159
tvmonitor 0.0010 20 79 175 204
