bottle 0.0010 115 193 136 229
car 0.8333 407 201 497 304
car 0.8267 305 201 403 248
car 0.1962 413 206 446 234
car 0.0392 284 208 349 238
car 0.0106 419 167 521 331
car 0.0104 394 201 439 240
car 0.0085 381 196 487 246
car 0.0057 478 208 501 237
car 0.0054 346 209 406 238
car 0.0050 325 198 458 245
car 0.0049 364 201 417 241
car 0.0046 247 212 408 259
car 0.0037 437 163 504 275
car 0.0035 354 200 398 220
car 0.0030 303 213 369 235
car 0.0029 392 152 503 288
car 0.0029 399 199 430 226
car 0.0023 286 183 388 238
car 0.0022 409 180 494 262
car 0.0019 326 209 384 238
car 0.0018 416 203 451 270
car 0.0012 374 199 409 224
car 0.0012 212 195 368 241
car 0.0012 472 193 502 253
car 0.0011 422 185 475 238
car 0.0010 478 195 499 227
car 0.0010 433 208 466 233
motorbike 0.0037 -5 19 64 107
motorbike 0.0015 22 35 65 91
person 0.0715 284 205 309 241
person 0.0128 1 15 20 52
person 0.0101 -5 13 60 136
person 0.0085 267 207 296 232
person 0.0073 283 197 308 226
person 0.0048 438 114 502 209
person 0.0022 0 12 24 174
person 0.0021 6 2 50 70
person 0.0013 0 19 24 80
person 0.0011 0 28 20 66
person 0.0011 -10 -3 69 77
person 0.0010 3 27 60 97
pottedplant 0.0402 324 103 399 215
pottedplant 0.0142 97 9 243 194
pottedplant 0.0126 170 0 253 88
pottedplant 0.0088 165 15 251 244
pottedplant 0.0042 92 40 195 118
pottedplant 0.0041 177 114 250 207
pottedplant 0.0041 244 49 409 214
pottedplant 0.0040 144 -28 280 119
pottedplant 0.0034 263 53 332 134
pottedplant 0.0028 278 85 374 173
pottedplant 0.0028 285 112 369 203
pottedplant 0.0025 125 45 221 157
pottedplant 0.0023 175 63 236 198
pottedplant 0.0020 344 131 404 199
pottedplant 0.0018 -11 2 64 255
pottedplant 0.0015 176 -2 231 45
pottedplant 0.0013 191 4 246 68
pottedplant 0.0012 241 85 333 171
pottedplant 0.0012 328 134 380 198
pottedplant 0.0011 431 115 507 218
pottedplant 0.0011 198 96 245 150
pottedplant 0.0011 91 54 176 151
pottedplant 0.0010 208 22 368 181
pottedplant 0.0010 167 46 253 155
