bird 0.0951 334 174 376 212
bird 0.0014 321 174 360 213
bird 0.0011 311 171 398 215
bird 0.0010 232 65 285 86
car 0.8502 26 194 254 345
car 0.0044 50 225 221 318
person 0.0100 444 283 465 311
person 0.0037 169 236 197 268
person 0.0030 335 164 381 203
person 0.0022 326 176 352 211
person 0.0018 165 229 205 276
person 0.0017 201 213 243 237
person 0.0015 456 283 483 311
pottedplant 0.0249 216 183 438 308
pottedplant 0.0124 271 198 383 290
pottedplant 0.0105 318 180 413 262
pottedplant 0.0097 208 -3 286 91
pottedplant 0.0081 319 156 489 331
pottedplant 0.0060 231 16 283 85
pottedplant 0.0045 236 181 342 255
pottedplant 0.0044 226 206 346 286
pottedplant 0.0044 398 169 487 265
pottedplant 0.0043 392 202 494 286
pottedplant 0.0041 362 136 522 298
pottedplant 0.0040 284 148 439 287
pottedplant 0.0035 130 159 523 328
pottedplant 0.0033 270 237 384 311
pottedplant 0.0029 182 -33 314 119
pottedplant 0.0025 164 153 257 223
pottedplant 0.0024 228 48 290 85
pottedplant 0.0022 189 159 306 220
pottedplant 0.0021 261 183 295 208
pottedplant 0.0021 119 -3 204 76
pottedplant 0.0019 360 192 449 291
pottedplant 0.0016 190 148 387 283
pottedplant 0.0015 120 158 226 222
pottedplant 0.0014 316 152 411 224
pottedplant 0.0011 391 153 495 222
pottedplant 0.0010 273 156 382 222
