car 0.8525 5 60 494 272
car 0.1536 143 109 509 324
car 0.0530 -35 34 304 298
car 0.0240 115 81 385 251
car 0.0031 70 71 277 260
car 0.0015 35 3 387 228
car 0.0014 79 0 130 14
car 0.0013 218 72 434 265
chair 0.0141 5 254 103 327
chair 0.0046 -5 252 69 345
chair 0.0019 -25 234 137 342
chair 0.0014 -7 285 103 337
chair 0.0010 1 264 50 334
person 0.7224 433 73 463 146
person 0.6315 456 66 493 176
person 0.5395 2 165 91 321
person 0.4997 422 77 454 141
person 0.4055 386 72 427 142
person 0.3971 340 75 374 116
person 0.3424 379 62 416 128
person 0.3294 355 73 388 117
person 0.2898 324 69 353 96
person 0.2304 3 33 94 294
person 0.2300 468 56 500 160
person 0.2016 322 69 361 119
person 0.1081 -6 38 64 241
person 0.0734 0 184 58 308
person 0.0706 342 71 367 99
person 0.0360 369 74 448 157
person 0.0344 437 78 462 112
person 0.0258 425 67 482 153
person 0.0230 399 74 465 144
person 0.0227 437 86 460 131
person 0.0212 380 85 417 152
person 0.0205 0 54 23 187
person 0.0201 425 83 447 113
person 0.0157 0 67 20 95
person 0.0137 470 79 499 213
person 0.0117 12 53 78 171
person 0.0109 358 70 384 99
person 0.0099 442 81 503 187
person 0.0090 26 45 67 142
person 0.0079 8 179 83 270
person 0.0070 475 66 498 98
person 0.0070 384 67 411 98
person 0.0070 397 67 422 97
person 0.0067 315 72 392 118
person 0.0067 0 58 24 86
person 0.0067 5 47 43 196
person 0.0067 -4 55 63 138
person 0.0066 434 97 468 164
person 0.0062 392 56 426 111
person 0.0060 381 75 409 112
person 0.0058 0 199 25 325
person 0.0047 0 76 18 113
person 0.0046 398 61 423 85
person 0.0045 397 76 423 112
person 0.0045 25 204 72 269
person 0.0044 350 90 394 145
person 0.0043 338 76 413 136
person 0.0042 325 59 347 88
person 0.0039 0 151 25 271
person 0.0039 3 57 52 108
person 0.0037 460 70 487 96
person 0.0037 344 87 370 123
person 0.0029 4 171 42 226
person 0.0028 436 54 517 126
person 0.0025 433 61 464 110
person 0.0024 462 77 484 111
person 0.0023 457 60 494 110
person 0.0021 45 212 79 263
person 0.0020 421 73 445 99
person 0.0020 336 60 474 175
person 0.0019 10 60 44 83
person 0.0019 332 91 379 147
person 0.0019 426 46 520 191
person 0.0018 459 99 485 142
person 0.0018 475 74 499 114
person 0.0017 45 61 79 131
person 0.0017 417 102 453 161
person 0.0016 30 59 63 84
person 0.0016 94 17 118 42
person 0.0016 290 63 380 104
person 0.0015 20 53 72 92
person 0.0015 291 73 342 118
person 0.0015 -2 177 63 243
person 0.0014 396 86 423 128
person 0.0014 -1 101 19 140
person 0.0013 -2 62 25 105
person 0.0012 7 105 83 225
person 0.0012 320 49 352 97
person 0.0012 298 65 345 105
person 0.0011 397 101 422 138
person 0.0011 -1 48 29 92
person 0.0011 304 70 338 96
person 0.0011 475 87 500 128
person 0.0011 381 61 413 85
person 0.0011 458 93 517 176
person 0.0010 384 86 410 128
person 0.0010 -52 27 169 305
person 0.0010 460 88 486 125
person 0.0010 344 60 367 86
person 0.0010 384 102 409 140
person 0.0010 476 99 499 142
person 0.0010 405 96 482 181
tvmonitor 0.0037 75 98 132 142
tvmonitor 0.0022 33 67 235 262
