bottle 0.0120 315 75 350 147
cat 0.0010 346 118 445 203
chair 0.0010 13 165 181 321
diningtable 0.0197 53 188 523 349
diningtable 0.0014 122 206 378 325
dog 0.1422 196 204 463 326
person 0.1718 40 77 459 306
person 0.0497 135 47 365 187
person 0.0456 56 -1 366 232
person 0.0227 88 61 271 218
person 0.0164 163 145 489 341
person 0.0121 187 71 388 248
person 0.0119 -21 47 291 337
person 0.0115 337 147 379 202
person 0.0075 244 53 406 191
person 0.0036 272 99 382 180
person 0.0029 332 124 410 207
person 0.0026 299 64 433 216
person 0.0024 41 30 229 205
person 0.0023 310 196 495 333
person 0.0012 18 49 170 232
person 0.0012 321 88 402 193
person 0.0012 317 152 394 215
person 0.0011 281 70 351 170
person 0.0011 215 104 360 178
person 0.0011 119 98 230 185
person 0.0010 123 48 528 234
person 0.0010 280 102 450 281
pottedplant 0.0200 118 3 231 66
pottedplant 0.0150 151 1 271 69
pottedplant 0.0131 188 -2 294 38
pottedplant 0.0084 191 -1 304 74
pottedplant 0.0071 71 -9 275 95
pottedplant 0.0050 156 -7 337 96
pottedplant 0.0047 83 1 208 36
pottedplant 0.0026 172 0 236 36
pottedplant 0.0024 115 9 172 53
pottedplant 0.0020 143 -1 263 40
pottedplant 0.0013 176 -1 226 17
pottedplant 0.0012 237 8 339 70
pottedplant 0.0012 166 -11 280 27
