car 0.0280 9 45 338 293
horse 0.0017 -35 8 229 286
horse 0.0015 21 47 174 246
person 0.2193 360 179 386 241
person 0.0168 153 122 208 251
person 0.0076 345 174 375 248
person 0.0067 160 123 199 205
person 0.0058 105 69 240 269
person 0.0024 9 69 122 273
person 0.0022 148 135 189 239
person 0.0021 363 178 383 217
person 0.0012 362 174 384 201
train 0.7285 51 42 525 251
train 0.0908 21 16 326 233
train 0.0115 310 74 492 218
train 0.0069 35 102 388 282
train 0.0054 128 46 373 203
train 0.0038 213 71 439 222
train 0.0027 232 32 573 217
train 0.0020 102 87 318 252
train 0.0012 391 107 494 187
