bicycle 0.0020 142 253 219 366
bottle 0.0055 56 76 79 113
bottle 0.0040 135 73 157 113
bottle 0.0027 73 82 101 114
bottle 0.0021 88 47 123 114
bottle 0.0020 283 41 445 279
bottle 0.0019 89 79 121 111
bottle 0.0014 239 76 415 317
bottle 0.0014 129 49 160 112
bottle 0.0014 112 60 136 105
bottle 0.0013 435 -12 501 136
bottle 0.0013 108 80 140 110
car 0.0049 0 238 25 277
car 0.0024 -1 222 29 295
chair 0.0203 53 249 146 365
chair 0.0080 8 257 107 349
chair 0.0080 86 248 158 345
chair 0.0039 28 224 170 377
chair 0.0034 125 238 170 284
chair 0.0022 39 221 152 319
chair 0.0021 142 244 176 273
chair 0.0014 43 260 91 330
chair 0.0014 100 223 150 328
chair 0.0011 133 246 186 307
motorbike 0.6824 51 208 448 468
motorbike 0.0309 158 277 414 472
motorbike 0.0231 74 287 273 456
motorbike 0.0016 130 250 222 344
person 0.0018 0 220 94 334
person 0.0012 226 384 252 423
person 0.0011 123 280 229 401
person 0.0010 0 239 26 386
pottedplant 0.0010 233 49 420 272
