bicycle 0.1203 388 118 495 343
bicycle 0.0046 233 75 496 333
bicycle 0.0046 427 137 510 326
bicycle 0.0023 337 171 475 338
bicycle 0.0019 397 149 494 265
bicycle 0.0016 436 126 499 242
chair 0.0146 321 88 488 325
chair 0.0024 440 196 500 319
chair 0.0015 431 165 515 346
chair 0.0014 404 123 488 233
chair 0.0013 445 107 509 197
chair 0.0011 398 195 488 321
chair 0.0010 453 122 495 219
horse 0.3013 61 61 362 347
horse 0.0578 58 106 213 356
horse 0.0554 159 115 338 349
horse 0.0210 17 89 108 316
horse 0.0204 -32 47 225 362
horse 0.0050 122 83 299 271
horse 0.0039 26 145 96 260
horse 0.0033 10 170 185 344
horse 0.0024 31 74 153 290
horse 0.0019 68 172 280 344
horse 0.0011 209 176 363 339
person 0.4921 352 14 434 224
person 0.4556 280 12 350 116
person 0.1174 306 36 425 311
person 0.0171 357 17 431 126
person 0.0117 274 12 383 175
person 0.0067 249 46 410 252
person 0.0057 10 78 90 172
person 0.0057 121 76 302 223
person 0.0052 79 86 263 271
person 0.0052 265 104 291 130
person 0.0045 322 21 406 109
person 0.0045 11 114 93 238
person 0.0044 249 104 272 133
person 0.0042 0 104 23 235
person 0.0039 257 16 333 83
person 0.0038 355 21 401 100
person 0.0034 285 36 364 145
person 0.0034 293 12 514 288
person 0.0034 -9 69 66 284
person 0.0033 -3 69 61 180
person 0.0033 10 115 43 253
person 0.0030 215 22 361 225
person 0.0027 383 46 498 255
person 0.0024 325 63 414 173
person 0.0023 270 35 325 111
person 0.0022 137 31 439 323
person 0.0021 127 94 215 200
person 0.0021 245 115 272 142
person 0.0017 239 5 321 115
person 0.0016 311 25 356 99
person 0.0016 54 106 141 198
person 0.0015 249 43 333 139
person 0.0013 88 139 121 230
person 0.0012 64 74 211 228
person 0.0011 90 129 175 227
person 0.0011 -7 57 112 199
