bicycle 0.0597 234 199 281 232
bicycle 0.0032 248 200 306 229
bicycle 0.0027 216 197 307 235
bus 0.8524 39 78 204 244
bus 0.0068 0 96 26 165
bus 0.0055 59 119 199 208
bus 0.0018 48 139 154 229
bus 0.0016 -2 62 129 212
bus 0.0011 78 97 181 174
car 0.1032 -2 165 22 191
car 0.0406 0 139 25 198
car 0.0205 0 153 21 184
car 0.0091 5 148 44 210
car 0.0065 0 130 24 156
car 0.0026 0 140 20 171
car 0.0021 10 164 40 193
car 0.0013 273 206 316 225
car 0.0010 -33 139 56 199
chair 0.0016 477 199 499 308
person 0.8828 424 159 480 274
person 0.8020 373 153 415 257
person 0.5761 418 158 450 274
person 0.4589 236 151 271 230
person 0.4375 313 140 347 214
person 0.1825 364 105 396 180
person 0.0826 449 165 485 292
person 0.0647 240 203 275 228
person 0.0611 373 166 446 265
person 0.0550 360 154 396 258
person 0.0221 287 132 347 207
person 0.0210 367 156 414 203
person 0.0180 473 165 499 293
person 0.0177 304 151 337 228
person 0.0160 438 165 499 265
person 0.0160 391 150 428 261
person 0.0144 422 165 445 193
person 0.0138 229 204 257 226
person 0.0131 362 122 396 215
person 0.0081 342 164 410 257
person 0.0069 256 132 341 227
person 0.0052 456 162 482 226
person 0.0051 461 173 479 209
person 0.0050 434 167 468 220
person 0.0044 257 204 299 226
person 0.0043 378 162 408 192
person 0.0041 320 157 346 198
person 0.0040 372 104 406 203
person 0.0040 343 108 408 181
person 0.0039 379 185 408 223
person 0.0037 419 142 525 283
person 0.0036 316 125 347 187
person 0.0036 438 166 461 194
person 0.0032 438 197 467 233
person 0.0031 334 122 393 205
person 0.0030 390 149 425 208
person 0.0026 399 161 420 194
person 0.0026 377 201 410 233
person 0.0024 419 158 452 202
person 0.0024 365 106 391 132
person 0.0023 239 145 315 238
person 0.0023 321 139 344 171
person 0.0022 259 149 295 234
person 0.0021 439 174 462 207
person 0.0021 480 177 498 209
person 0.0020 244 169 269 213
person 0.0020 461 168 484 194
person 0.0019 28 152 61 232
person 0.0016 475 162 499 224
person 0.0016 365 122 391 159
person 0.0016 242 193 269 221
person 0.0016 309 173 332 209
person 0.0016 277 160 316 223
person 0.0016 422 194 443 240
person 0.0015 306 147 334 188
person 0.0015 313 139 427 278
person 0.0014 344 1 366 33
person 0.0014 357 146 423 215
person 0.0014 339 174 383 237
person 0.0014 436 158 461 182
person 0.0013 367 129 441 204
person 0.0013 395 108 499 272
person 0.0012 365 162 388 195
person 0.0012 480 162 499 197
person 0.0012 54 72 82 93
person 0.0012 420 158 447 181
person 0.0011 459 186 481 220
person 0.0011 401 163 466 292
person 0.0011 333 147 375 209
person 0.0011 349 162 460 297
person 0.0010 132 130 159 157
person 0.0010 229 140 289 222
person 0.0010 361 93 424 196
pottedplant 0.1048 403 93 454 140
pottedplant 0.0672 280 20 321 69
pottedplant 0.0465 474 62 500 148
pottedplant 0.0455 183 52 214 108
pottedplant 0.0365 246 19 274 67
pottedplant 0.0329 254 117 294 168
pottedplant 0.0296 169 45 195 70
pottedplant 0.0251 302 118 334 165
pottedplant 0.0234 306 126 329 159
pottedplant 0.0201 403 68 479 154
pottedplant 0.0201 272 0 317 39
pottedplant 0.0200 286 140 309 165
pottedplant 0.0171 282 123 322 164
pottedplant 0.0166 288 129 314 158
pottedplant 0.0157 262 130 288 158
pottedplant 0.0149 165 34 199 77
pottedplant 0.0144 401 85 457 173
pottedplant 0.0118 250 127 275 159
pottedplant 0.0098 254 22 295 66
pottedplant 0.0091 171 54 197 79
pottedplant 0.0077 286 28 313 60
pottedplant 0.0072 285 17 315 43
pottedplant 0.0070 187 62 211 96
pottedplant 0.0070 259 43 291 67
pottedplant 0.0068 411 46 450 139
pottedplant 0.0059 250 42 275 71
pottedplant 0.0059 416 23 448 88
pottedplant 0.0057 178 28 218 84
pottedplant 0.0056 246 108 312 177
pottedplant 0.0052 249 94 280 168
pottedplant 0.0051 279 3 309 32
pottedplant 0.0048 280 128 313 181
pottedplant 0.0046 394 79 441 135
pottedplant 0.0045 414 101 446 131
pottedplant 0.0043 247 33 282 79
pottedplant 0.0038 478 86 499 122
pottedplant 0.0037 389 43 491 179
pottedplant 0.0036 245 126 277 184
pottedplant 0.0036 248 139 271 168
pottedplant 0.0035 422 40 443 72
pottedplant 0.0035 373 44 454 142
pottedplant 0.0035 307 139 333 166
pottedplant 0.0034 167 46 203 90
pottedplant 0.0031 304 129 339 181
pottedplant 0.0028 125 4 220 69
pottedplant 0.0027 416 113 445 143
pottedplant 0.0027 265 140 291 169
pottedplant 0.0026 261 28 288 58
pottedplant 0.0024 442 69 517 154
pottedplant 0.0021 308 113 327 150
pottedplant 0.0019 265 19 293 44
pottedplant 0.0019 299 84 328 154
pottedplant 0.0017 477 74 502 111
pottedplant 0.0017 246 15 271 45
pottedplant 0.0014 238 10 320 78
pottedplant 0.0014 266 0 333 62
pottedplant 0.0014 265 -7 298 46
pottedplant 0.0014 237 -1 281 39
pottedplant 0.0014 457 67 492 170
pottedplant 0.0014 439 231 472 301
pottedplant 0.0013 184 42 211 70
pottedplant 0.0013 416 91 444 122
pottedplant 0.0012 184 54 211 82
pottedplant 0.0011 127 72 159 96
pottedplant 0.0011 296 20 331 40
pottedplant 0.0011 282 40 314 68
pottedplant 0.0011 419 38 533 186
pottedplant 0.0010 300 7 332 30
pottedplant 0.0010 145 24 219 85
