boat 0.6316 137 123 339 258
boat 0.1394 156 140 278 191
boat 0.0293 140 183 301 262
boat 0.0138 149 209 270 265
boat 0.0127 142 147 299 212
boat 0.0079 150 166 183 191
boat 0.0078 234 168 322 261
boat 0.0045 137 171 358 301
boat 0.0036 109 142 255 281
boat 0.0032 196 150 360 271
boat 0.0030 123 148 235 218
boat 0.0027 148 181 179 202
boat 0.0022 187 134 255 171
boat 0.0021 119 132 230 194
boat 0.0018 140 168 224 268
boat 0.0017 139 256 186 274
boat 0.0016 268 197 327 244
boat 0.0016 197 141 245 163
boat 0.0015 145 157 184 181
boat 0.0015 158 166 204 189
boat 0.0014 143 207 189 267
boat 0.0014 176 206 322 269
boat 0.0013 153 157 211 197
