boat 0.0020 471 77 499 167
bottle 0.0010 222 195 263 277
bus 0.2253 272 58 463 258
bus 0.0073 373 58 498 260
bus 0.0026 217 50 513 324
bus 0.0019 398 109 487 209
bus 0.0016 348 115 451 204
car 0.0245 438 171 504 305
car 0.0122 394 113 509 316
car 0.0122 194 92 249 129
car 0.0070 476 136 501 165
car 0.0057 265 120 290 149
car 0.0041 473 121 499 211
car 0.0038 406 163 490 268
car 0.0030 477 147 498 183
car 0.0029 320 120 485 308
car 0.0029 474 173 500 302
car 0.0028 477 119 498 156
car 0.0016 -5 109 104 167
car 0.0013 357 172 454 258
car 0.0013 474 90 498 182
car 0.0011 263 112 292 139
chair 0.0013 472 221 500 339
horse 0.7535 145 174 356 364
horse 0.1843 145 137 281 296
horse 0.0249 117 139 248 347
horse 0.0151 136 154 221 264
horse 0.0067 245 196 393 354
horse 0.0025 96 105 328 384
horse 0.0022 72 204 427 397
horse 0.0020 164 217 259 330
horse 0.0014 189 221 299 326
person 0.6553 201 96 278 281
person 0.1824 214 92 272 219
person 0.0244 168 153 256 271
person 0.0180 143 154 178 210
person 0.0064 191 121 215 154
person 0.0048 193 107 216 140
person 0.0043 439 117 472 216
person 0.0037 137 147 217 238
person 0.0034 215 98 254 149
person 0.0034 159 159 201 230
person 0.0033 224 103 250 136
person 0.0029 139 164 226 281
person 0.0027 194 96 243 143
person 0.0021 476 128 499 261
person 0.0021 451 125 491 208
person 0.0017 223 96 250 123
person 0.0015 145 80 279 246
person 0.0014 439 134 469 166
person 0.0014 205 150 237 237
person 0.0014 0 161 20 254
person 0.0013 131 162 166 224
person 0.0012 146 155 173 182
person 0.0012 201 104 236 134
person 0.0011 480 161 499 202
person 0.0011 209 114 367 322
person 0.0011 188 111 220 162
person 0.0010 105 83 395 348
person 0.0010 443 121 500 258
person 0.0010 474 181 500 322
train 0.0059 279 46 453 219
train 0.0025 173 31 481 286
tvmonitor 0.0142 4 103 49 143
tvmonitor 0.0010 387 159 440 200
