boat 0.0039 126 39 309 461
boat 0.0038 158 79 277 340
boat 0.0013 113 449 220 503
car 0.0074 244 479 281 498
car 0.0055 115 459 133 491
car 0.0038 299 475 329 499
car 0.0038 194 475 228 499
car 0.0037 291 458 312 490
car 0.0026 255 481 296 499
car 0.0020 282 478 320 499
car 0.0019 269 480 308 499
car 0.0018 304 457 328 492
car 0.0017 206 480 243 500
car 0.0014 301 443 332 501
car 0.0014 231 479 269 499
car 0.0012 261 460 290 489
person 0.9224 37 12 193 488
person 0.0397 122 460 143 488
person 0.0284 38 145 143 499
person 0.0170 137 461 160 486
person 0.0119 148 459 170 487
person 0.0096 85 27 300 473
person 0.0087 50 54 181 301
person 0.0046 81 79 202 419
person 0.0043 171 475 201 499
person 0.0021 -22 44 152 455
person 0.0015 0 106 15 148
person 0.0012 139 450 242 509
person 0.0011 175 460 196 488
