bus 0.5757 305 138 409 254
bus 0.3342 287 169 387 250
bus 0.0113 401 178 494 256
bus 0.0076 479 165 502 258
bus 0.0072 249 85 407 250
bus 0.0033 178 58 474 273
bus 0.0030 321 175 422 246
bus 0.0028 377 157 517 271
bus 0.0027 89 149 129 249
bus 0.0027 202 195 242 228
bus 0.0025 309 181 362 241
bus 0.0023 247 178 348 240
bus 0.0018 449 178 498 244
bus 0.0017 294 182 337 240
bus 0.0017 200 165 298 225
bus 0.0015 213 194 261 227
bus 0.0013 128 166 161 232
bus 0.0013 420 203 481 246
bus 0.0013 274 186 321 236
bus 0.0011 331 160 381 240
bus 0.0010 233 192 282 227
bus 0.0010 212 124 370 262
car 0.4995 475 209 501 261
car 0.0827 478 232 501 261
car 0.0323 479 206 499 244
car 0.0303 208 203 237 224
car 0.0146 395 223 426 245
car 0.0133 204 211 238 230
car 0.0113 187 203 219 222
car 0.0101 221 203 255 223
car 0.0087 380 225 412 244
car 0.0065 222 213 256 230
car 0.0064 453 217 498 254
car 0.0048 412 215 447 237
car 0.0044 451 209 531 262
car 0.0040 240 202 276 223
car 0.0024 407 225 451 243
car 0.0018 134 187 156 214
car 0.0017 426 228 477 245
car 0.0017 244 212 273 231
car 0.0015 264 200 289 225
car 0.0015 389 217 509 252
car 0.0012 -4 61 60 164
car 0.0010 390 218 431 251
person 0.8813 63 177 101 295
person 0.6096 142 187 173 285
person 0.4579 111 204 131 242
person 0.2133 64 197 101 253
person 0.0766 97 208 121 242
person 0.0270 70 198 122 281
person 0.0262 134 198 166 273
person 0.0173 137 195 154 231
person 0.0169 93 205 125 262
person 0.0168 150 202 172 245
person 0.0145 149 245 171 279
person 0.0128 173 207 192 237
person 0.0126 54 200 88 274
person 0.0108 101 209 137 256
person 0.0083 69 203 96 240
person 0.0083 114 196 133 231
person 0.0079 152 196 170 230
person 0.0070 133 236 165 286
person 0.0066 84 130 119 189
person 0.0061 108 217 133 249
person 0.0056 93 182 126 245
person 0.0052 171 201 196 223
person 0.0049 134 206 155 241
person 0.0046 71 213 97 258
person 0.0044 0 71 22 171
person 0.0042 404 213 425 241
person 0.0040 150 229 171 271
person 0.0037 108 185 135 242
person 0.0034 0 170 24 279
person 0.0032 -9 34 106 246
person 0.0032 96 199 120 229
person 0.0029 74 198 96 227
person 0.0028 84 193 166 253
person 0.0022 482 193 499 232
person 0.0018 87 217 120 277
person 0.0017 57 198 80 224
person 0.0017 91 125 124 245
person 0.0017 165 198 195 274
person 0.0016 476 6 501 32
person 0.0015 58 208 82 238
person 0.0012 37 195 104 279
person 0.0011 133 213 191 283
pottedplant 0.0026 85 124 120 174
pottedplant 0.0016 92 130 114 166
pottedplant 0.0016 479 146 499 175
pottedplant 0.0013 70 112 106 183
train 0.0026 -14 22 75 205
train 0.0022 1 60 103 272
train 0.0018 49 115 143 266
train 0.0011 68 141 134 246
