aeroplane 0.1658 264 188 295 221
aeroplane 0.1481 130 176 158 206
aeroplane 0.1390 166 103 205 127
aeroplane 0.1006 203 159 237 185
aeroplane 0.0868 183 243 212 270
aeroplane 0.0859 201 151 235 175
aeroplane 0.0553 150 212 178 239
aeroplane 0.0539 220 182 254 206
aeroplane 0.0438 161 214 198 237
aeroplane 0.0395 165 254 204 275
aeroplane 0.0385 167 243 204 269
aeroplane 0.0384 205 182 242 205
aeroplane 0.0348 203 209 234 236
aeroplane 0.0335 221 191 252 217
aeroplane 0.0334 180 254 216 275
aeroplane 0.0321 260 176 299 213
aeroplane 0.0319 161 233 211 274
aeroplane 0.0318 161 151 200 172
aeroplane 0.0313 148 134 176 164
aeroplane 0.0278 182 215 225 237
aeroplane 0.0260 186 152 224 177
aeroplane 0.0175 144 145 177 172
aeroplane 0.0127 174 212 223 261
aeroplane 0.0113 139 181 179 204
aeroplane 0.0104 203 169 247 215
aeroplane 0.0104 207 194 242 219
aeroplane 0.0101 171 96 220 131
aeroplane 0.0101 182 221 217 250
aeroplane 0.0094 150 222 178 248
aeroplane 0.0082 280 181 309 209
aeroplane 0.0077 127 193 161 216
aeroplane 0.0075 175 208 234 242
aeroplane 0.0073 163 223 203 249
aeroplane 0.0061 167 102 203 155
aeroplane 0.0060 154 206 203 244
aeroplane 0.0051 170 111 198 144
aeroplane 0.0046 138 139 181 181
aeroplane 0.0043 202 184 248 230
aeroplane 0.0040 156 143 204 180
aeroplane 0.0039 179 156 232 191
aeroplane 0.0034 92 163 195 222
aeroplane 0.0033 137 225 225 279
aeroplane 0.0032 131 95 234 139
aeroplane 0.0032 273 171 314 218
aeroplane 0.0030 172 247 221 283
aeroplane 0.0029 139 151 180 201
aeroplane 0.0028 144 158 175 190
aeroplane 0.0028 240 183 282 205
aeroplane 0.0023 230 180 323 230
aeroplane 0.0022 133 143 161 175
aeroplane 0.0021 132 174 184 211
aeroplane 0.0020 176 147 261 202
aeroplane 0.0020 221 163 252 188
aeroplane 0.0019 154 200 247 247
aeroplane 0.0018 148 193 173 223
aeroplane 0.0018 131 163 162 195
aeroplane 0.0016 187 114 212 142
aeroplane 0.0016 166 162 198 188
aeroplane 0.0014 243 164 351 224
aeroplane 0.0013 190 167 292 219
aeroplane 0.0012 131 135 163 162
aeroplane 0.0010 109 198 216 252
aeroplane 0.0010 135 136 230 186
aeroplane 0.0010 143 177 178 238
aeroplane 0.0010 239 194 286 215
bird 0.0030 131 130 166 193
boat 0.0012 434 226 468 248
