boat 0.2419 263 116 368 150
boat 0.1869 253 127 377 158
boat 0.1440 261 42 381 148
boat 0.0609 252 83 340 150
boat 0.0532 240 102 359 162
boat 0.0173 14 120 176 156
boat 0.0101 259 54 304 127
boat 0.0084 279 55 314 125
boat 0.0080 83 92 127 107
boat 0.0075 -17 116 135 151
boat 0.0060 10 118 82 147
boat 0.0057 106 91 144 105
boat 0.0055 39 99 155 141
boat 0.0032 79 92 127 129
boat 0.0029 -1 96 94 146
boat 0.0029 272 74 313 145
boat 0.0028 104 133 147 147
boat 0.0027 243 138 385 164
boat 0.0022 69 94 107 107
boat 0.0022 20 124 75 140
boat 0.0018 284 137 349 149
boat 0.0018 25 132 69 148
boat 0.0017 76 87 134 114
boat 0.0016 85 100 121 118
boat 0.0015 252 99 304 141
boat 0.0015 122 134 162 148
boat 0.0014 75 116 135 149
boat 0.0013 5 123 50 141
boat 0.0013 43 125 86 140
boat 0.0012 239 44 336 101
boat 0.0012 82 125 127 140
boat 0.0012 278 110 311 131
boat 0.0011 7 95 186 179
boat 0.0011 106 125 145 143
boat 0.0010 271 103 317 137
boat 0.0010 253 75 383 125
car 0.0021 0 120 22 144
person 0.0038 437 241 462 261
person 0.0035 443 243 462 270
person 0.0024 479 127 501 241
person 0.0013 481 96 503 208
