bird 0.0020 250 65 271 97
car 0.8445 109 85 294 246
car 0.0099 131 125 282 205
car 0.0012 140 102 271 172
person 0.0551 152 54 212 92
person 0.0243 124 187 154 264
person 0.0192 77 181 98 266
person 0.0064 204 119 237 146
person 0.0040 131 58 222 124
person 0.0027 224 120 254 144
person 0.0020 79 201 95 248
person 0.0017 248 60 276 106
person 0.0016 186 121 220 147
person 0.0014 84 186 115 261
pottedplant 0.0090 77 143 102 175
pottedplant 0.0069 82 137 121 178
pottedplant 0.0038 77 133 100 165
pottedplant 0.0025 87 137 118 161
pottedplant 0.0012 224 250 255 275
pottedplant 0.0012 218 240 261 283
tvmonitor 0.0093 113 107 287 160
tvmonitor 0.0039 121 85 228 144
tvmonitor 0.0016 123 105 164 159
tvmonitor 0.0016 107 93 145 153
