bottle 0.0377 265 178 298 237
bottle 0.0022 270 203 292 243
bottle 0.0010 332 173 369 243
chair 0.0038 193 181 288 230
chair 0.0036 92 174 198 242
chair 0.0035 -4 175 103 269
chair 0.0034 117 179 166 237
chair 0.0028 206 155 307 234
chair 0.0027 137 186 286 251
chair 0.0024 126 144 374 285
chair 0.0022 190 202 308 287
chair 0.0016 215 206 360 277
chair 0.0012 108 238 236 305
chair 0.0011 158 147 263 231
chair 0.0011 221 185 355 251
chair 0.0010 181 237 319 306
chair 0.0010 80 119 265 261
chair 0.0010 274 166 361 246
diningtable 0.0067 54 223 521 379
diningtable 0.0021 157 245 419 360
person 0.0121 12 32 487 283
person 0.0022 104 184 155 236
sofa 0.2497 0 154 498 334
sofa 0.0289 4 163 111 264
sofa 0.0156 122 175 377 315
sofa 0.0091 -7 160 193 284
sofa 0.0058 164 173 564 371
sofa 0.0036 41 164 307 278
sofa 0.0026 62 82 514 291
sofa 0.0014 238 201 490 340
sofa 0.0013 54 207 293 337
sofa 0.0010 -68 135 260 352
tvmonitor 0.0015 7 -5 414 264
