bottle 0.0061 49 -1 155 72
bottle 0.0023 56 5 113 68
bottle 0.0012 76 6 132 64
car 0.0025 194 -5 458 100
chair 0.0110 351 35 463 100
chair 0.0068 346 8 466 79
chair 0.0059 302 -7 498 100
chair 0.0035 129 10 233 86
chair 0.0032 391 4 497 81
chair 0.0022 391 39 505 281
chair 0.0015 477 54 500 189
chair 0.0015 44 19 139 122
dog 0.1937 25 79 396 351
dog 0.0945 66 119 276 309
dog 0.0861 220 63 367 307
dog 0.0099 160 94 344 334
dog 0.0058 197 29 453 345
dog 0.0042 267 103 364 215
dog 0.0012 111 85 310 229
dog 0.0010 201 146 292 228
person 0.0142 434 17 509 300
person 0.0089 399 36 494 338
person 0.0058 55 3 139 76
person 0.0032 475 -13 501 59
person 0.0031 119 -1 226 81
person 0.0026 1 91 115 343
person 0.0018 66 -5 201 42
person 0.0018 0 250 27 368
person 0.0018 267 19 538 355
person 0.0017 43 33 378 285
person 0.0013 -4 283 63 379
person 0.0012 22 -7 160 147
person 0.0012 477 76 500 224
person 0.0010 280 64 450 259
person 0.0010 -10 15 136 188
tvmonitor 0.1876 199 -2 379 38
tvmonitor 0.0140 245 -5 424 47
tvmonitor 0.0049 154 -7 421 98
tvmonitor 0.0036 209 3 367 75
tvmonitor 0.0035 336 0 489 45
tvmonitor 0.0028 362 2 461 69
tvmonitor 0.0025 188 -34 393 72
tvmonitor 0.0020 164 -5 315 47
tvmonitor 0.0018 261 3 331 42
tvmonitor 0.0018 183 -11 337 29
