bottle 0.0019 86 34 184 222
bottle 0.0011 355 68 398 115
car 0.0048 200 113 239 129
car 0.0034 289 71 423 147
car 0.0031 383 68 443 86
car 0.0011 311 106 367 164
car 0.0011 379 63 449 95
chair 0.1166 362 87 502 157
chair 0.0415 469 104 501 172
chair 0.0413 432 92 504 169
chair 0.0298 367 103 464 169
chair 0.0080 381 80 481 128
chair 0.0046 397 117 500 188
chair 0.0036 403 92 459 153
chair 0.0033 429 118 476 177
chair 0.0033 310 90 421 156
chair 0.0029 365 73 500 114
chair 0.0028 475 117 500 160
chair 0.0027 214 77 259 135
chair 0.0027 419 88 484 124
chair 0.0026 194 79 243 132
chair 0.0023 447 123 496 173
chair 0.0022 94 222 249 375
chair 0.0020 427 79 475 166
chair 0.0019 439 88 501 129
chair 0.0019 344 81 446 163
chair 0.0018 453 102 522 171
chair 0.0017 445 98 495 118
chair 0.0016 386 82 438 164
chair 0.0015 427 95 476 117
chair 0.0014 363 111 418 161
chair 0.0014 117 230 382 372
chair 0.0012 405 122 456 174
chair 0.0012 118 258 221 350
chair 0.0012 475 93 500 124
chair 0.0012 328 110 377 159
chair 0.0010 472 72 501 143
chair 0.0010 409 97 455 118
chair 0.0010 478 102 500 143
diningtable 0.0144 365 67 509 177
diningtable 0.0010 405 85 493 127
person 0.9524 229 108 367 377
person 0.0275 167 76 410 357
person 0.0274 267 91 318 150
person 0.0190 233 98 343 160
person 0.0117 221 94 366 236
person 0.0053 477 146 497 180
person 0.0049 251 87 311 133
person 0.0030 237 187 352 297
person 0.0030 127 74 195 183
person 0.0029 189 137 324 350
person 0.0028 238 110 352 200
person 0.0028 225 149 265 296
person 0.0015 13 29 179 230
person 0.0014 187 65 220 124
person 0.0013 232 78 344 136
person 0.0012 268 96 378 156
person 0.0011 277 94 316 127
person 0.0010 290 99 338 142
