bottle 0.0172 90 55 189 367
bottle 0.0012 107 149 175 272
bus 0.0937 62 45 219 531
bus 0.0274 93 98 192 479
bus 0.0035 -5 68 86 355
bus 0.0034 30 279 54 361
bus 0.0012 186 216 309 374
bus 0.0010 9 274 79 360
car 0.7439 1 312 36 366
car 0.4366 216 283 325 361
car 0.3689 33 320 52 354
car 0.2025 214 293 281 359
car 0.1930 15 323 44 352
car 0.1791 47 319 66 353
car 0.0755 61 317 80 350
car 0.0484 27 313 56 360
car 0.0291 0 288 76 356
car 0.0286 313 248 333 387
car 0.0215 -5 280 44 382
car 0.0193 60 305 81 338
car 0.0191 195 320 226 350
car 0.0172 -3 318 20 359
car 0.0142 3 334 31 366
car 0.0135 72 316 90 354
car 0.0106 0 333 16 374
car 0.0076 223 321 275 346
car 0.0074 210 319 237 348
car 0.0070 187 306 262 365
car 0.0068 227 254 313 341
car 0.0060 216 296 260 343
car 0.0056 237 296 281 342
car 0.0052 212 312 263 354
car 0.0049 72 304 92 339
car 0.0043 248 293 300 345
car 0.0040 85 305 107 339
car 0.0039 22 291 101 368
car 0.0039 55 291 83 344
car 0.0037 20 306 42 339
car 0.0037 18 335 42 365
car 0.0034 200 226 342 360
car 0.0029 44 307 71 338
car 0.0028 12 291 50 352
car 0.0028 194 311 226 397
car 0.0026 262 267 339 366
car 0.0026 79 312 114 365
car 0.0024 6 304 31 341
car 0.0022 0 298 16 334
car 0.0019 316 180 333 225
car 0.0018 189 315 211 351
car 0.0017 213 303 235 332
car 0.0017 247 246 330 403
car 0.0015 37 294 77 347
car 0.0015 35 302 52 343
car 0.0015 298 293 332 374
car 0.0013 320 305 333 364
car 0.0013 67 308 93 366
car 0.0013 206 239 318 314
car 0.0013 258 303 291 333
car 0.0012 36 331 54 368
car 0.0012 200 305 273 402
car 0.0011 315 198 333 237
car 0.0011 14 324 45 376
chair 0.0013 318 286 333 420
person 0.7088 70 300 120 486
person 0.0531 49 326 63 377
person 0.0167 63 44 218 455
person 0.0147 22 144 38 178
person 0.0084 242 199 260 235
person 0.0080 7 144 25 178
person 0.0073 251 199 272 236
person 0.0067 0 2 14 99
person 0.0062 315 218 333 378
person 0.0059 187 304 209 332
person 0.0057 66 313 98 474
person 0.0052 253 189 273 225
person 0.0041 49 356 66 392
person 0.0040 80 312 114 397
person 0.0039 61 329 80 371
person 0.0031 1 138 15 182
person 0.0029 36 262 51 295
person 0.0028 215 281 233 321
person 0.0027 0 327 17 414
person 0.0027 138 317 156 355
person 0.0027 263 205 283 234
person 0.0020 225 285 248 317
person 0.0018 82 324 135 429
person 0.0017 123 12 144 40
person 0.0017 136 275 160 359
person 0.0016 303 221 330 375
person 0.0014 3 132 30 194
person 0.0014 145 272 175 363
person 0.0014 119 204 174 354
person 0.0012 47 262 65 296
person 0.0012 97 312 115 356
person 0.0011 241 190 260 222
person 0.0010 10 297 120 502
person 0.0010 91 302 118 369
person 0.0010 303 164 330 240
pottedplant 0.0015 85 206 106 353
tvmonitor 0.0499 94 80 193 417
tvmonitor 0.0012 112 180 172 319
