bottle 0.0063 273 274 473 327
bottle 0.0029 221 59 268 131
cat 0.0032 255 278 453 323
diningtable 0.0085 274 290 454 334
person 0.6393 68 -3 354 335
person 0.0218 94 83 482 297
person 0.0190 244 158 401 317
person 0.0060 82 39 267 292
person 0.0056 289 165 369 274
person 0.0046 326 66 474 267
person 0.0045 220 144 508 338
person 0.0038 26 -41 395 221
person 0.0033 290 121 437 309
person 0.0025 311 289 490 335
person 0.0018 306 202 500 325
person 0.0017 474 213 500 310
person 0.0016 386 260 497 323
person 0.0015 163 46 340 284
person 0.0013 92 123 333 308
person 0.0011 100 34 322 192
person 0.0010 441 222 509 312
person 0.0010 370 135 508 301
person 0.0010 242 271 412 327
