chair 0.1324 28 258 140 335
chair 0.0846 273 255 376 339
chair 0.0834 405 242 500 332
chair 0.0674 326 244 502 341
chair 0.0228 188 245 395 331
chair 0.0173 223 272 375 329
chair 0.0171 233 212 323 313
chair 0.0121 246 295 403 336
chair 0.0106 208 294 345 330
chair 0.0103 -4 253 67 331
chair 0.0090 335 258 418 341
chair 0.0069 -2 218 181 325
chair 0.0044 249 247 345 331
chair 0.0042 0 223 93 330
chair 0.0041 173 262 329 326
chair 0.0032 339 87 376 126
chair 0.0032 332 290 455 336
chair 0.0024 217 180 364 308
chair 0.0024 160 290 319 337
chair 0.0024 7 289 131 334
chair 0.0023 237 260 319 320
chair 0.0021 246 274 302 328
chair 0.0021 476 249 500 327
chair 0.0020 323 310 465 340
chair 0.0019 -11 271 112 328
chair 0.0018 217 235 257 290
chair 0.0017 190 311 366 337
chair 0.0014 22 245 154 308
chair 0.0014 477 228 500 299
chair 0.0011 428 242 509 304
chair 0.0011 185 95 217 117
chair 0.0011 201 234 301 308
chair 0.0010 2 229 48 326
person 0.0031 -5 230 60 318
person 0.0029 242 84 272 113
person 0.0019 480 234 501 262
person 0.0015 243 94 270 121
person 0.0013 392 -14 492 43
person 0.0011 477 169 502 278
pottedplant 0.0134 76 17 177 70
pottedplant 0.0106 307 254 361 299
pottedplant 0.0090 290 236 364 313
pottedplant 0.0062 86 11 165 103
pottedplant 0.0052 55 20 83 120
pottedplant 0.0043 405 -13 497 77
pottedplant 0.0035 297 235 340 291
pottedplant 0.0030 263 247 376 332
pottedplant 0.0018 315 225 352 277
pottedplant 0.0016 92 4 151 59
pottedplant 0.0014 305 246 332 279
pottedplant 0.0011 322 235 347 265
sofa 0.1574 380 244 503 339
tvmonitor 0.5432 5 128 170 256
tvmonitor 0.1078 29 144 151 226
tvmonitor 0.0194 0 127 127 208
tvmonitor 0.0061 218 146 358 291
tvmonitor 0.0042 220 183 336 237
tvmonitor 0.0040 41 225 171 273
tvmonitor 0.0028 7 181 171 309
tvmonitor 0.0027 234 79 278 117
tvmonitor 0.0024 51 118 156 204
tvmonitor 0.0018 194 91 246 124
tvmonitor 0.0015 238 151 343 233
tvmonitor 0.0010 -27 100 219 286
tvmonitor 0.0010 10 72 168 217
tvmonitor 0.0010 84 210 179 270
