aeroplane 0.0013 186 189 543 355
bottle 0.0025 290 296 334 349
bus 0.1411 16 111 83 163
bus 0.0076 140 105 226 172
bus 0.0060 0 115 55 157
bus 0.0052 203 101 238 176
bus 0.0013 149 114 252 188
car 0.1740 111 127 145 146
car 0.0971 0 107 94 153
car 0.0392 121 128 160 147
car 0.0214 30 139 70 160
car 0.0100 0 125 25 152
car 0.0077 85 129 123 149
car 0.0076 69 137 101 158
car 0.0067 119 114 227 205
car 0.0063 96 88 259 229
car 0.0060 208 149 234 175
car 0.0053 7 127 45 151
car 0.0052 0 136 25 160
car 0.0043 107 120 150 154
car 0.0036 28 124 70 153
car 0.0029 25 129 78 166
car 0.0019 72 128 102 152
car 0.0018 47 138 82 159
car 0.0012 477 134 498 167
car 0.0011 46 123 85 154
car 0.0011 141 127 182 147
chair 0.0545 339 200 475 355
chair 0.0164 348 230 437 329
chair 0.0065 366 283 462 364
chair 0.0065 311 237 423 314
chair 0.0059 351 302 513 373
chair 0.0046 469 257 500 363
chair 0.0046 230 197 414 343
chair 0.0042 440 223 501 328
chair 0.0034 391 220 488 328
chair 0.0033 351 211 473 294
chair 0.0033 374 207 415 272
chair 0.0024 274 231 375 320
chair 0.0024 342 242 404 292
chair 0.0020 330 212 420 294
chair 0.0019 360 264 430 355
chair 0.0018 455 302 496 372
chair 0.0015 381 257 496 349
chair 0.0013 362 198 430 281
chair 0.0013 477 211 499 320
chair 0.0011 381 326 504 380
chair 0.0011 277 262 363 346
chair 0.0010 131 185 189 227
person 0.9489 227 52 361 317
person 0.0170 131 147 152 177
person 0.0102 247 128 342 245
person 0.0083 112 174 133 215
person 0.0058 475 238 499 356
person 0.0038 108 147 139 215
person 0.0020 131 105 290 268
person 0.0019 115 112 145 220
person 0.0018 123 127 156 179
person 0.0018 122 152 222 226
person 0.0015 224 150 251 177
person 0.0013 476 196 500 309
person 0.0013 126 141 160 218
person 0.0012 120 82 379 350
person 0.0012 480 260 499 301
person 0.0011 351 331 401 375
person 0.0011 479 274 499 317
person 0.0010 250 143 397 342
train 0.2294 12 109 82 163
tvmonitor 0.0234 361 220 449 284
tvmonitor 0.0079 393 178 497 254
tvmonitor 0.0054 387 201 491 286
tvmonitor 0.0044 366 160 503 334
tvmonitor 0.0030 469 280 500 365
tvmonitor 0.0010 410 147 494 240
