bird 0.0019 410 -3 494 75
bird 0.0014 406 -2 464 42
bird 0.0010 331 0 495 42
bottle 0.0023 311 215 352 261
bottle 0.0021 314 240 424 308
bottle 0.0015 317 213 415 290
bottle 0.0010 324 216 380 258
cat 0.1713 -14 21 360 297
cat 0.0029 62 48 285 269
chair 0.0189 10 322 91 383
chair 0.0072 153 236 422 363
chair 0.0051 306 222 498 376
chair 0.0032 -2 272 67 379
chair 0.0028 18 331 174 380
chair 0.0020 225 294 352 376
chair 0.0018 123 273 375 384
chair 0.0013 267 293 387 370
chair 0.0013 9 272 260 387
chair 0.0012 117 332 306 378
chair 0.0012 -4 328 61 377
chair 0.0011 34 296 158 376
dog 0.3043 -10 -3 357 265
person 0.1677 1 23 498 352
person 0.0387 7 164 178 384
person 0.0239 41 102 381 389
person 0.0049 95 175 479 373
person 0.0035 -34 95 226 397
person 0.0021 258 237 473 371
person 0.0019 -2 212 20 352
person 0.0017 152 148 348 345
person 0.0016 -14 147 128 343
person 0.0013 0 241 25 380
person 0.0013 44 221 304 382
person 0.0011 477 230 500 391
person 0.0010 438 250 502 357
person 0.0010 213 109 515 383
pottedplant 0.0015 0 174 22 302
sofa 0.0033 46 230 529 373
