cat 0.2154 -19 11 441 363
cat 0.1350 184 35 468 340
cat 0.0289 27 65 243 248
cat 0.0170 258 109 454 319
cat 0.0042 0 119 194 314
cat 0.0039 -38 20 231 296
cat 0.0018 5 72 117 299
person 0.0151 15 -10 483 328
person 0.0070 325 5 484 78
person 0.0065 475 57 500 215
person 0.0064 380 -9 500 213
person 0.0063 243 0 489 97
person 0.0048 252 5 399 72
person 0.0040 437 -18 521 220
person 0.0038 -1 -6 112 211
person 0.0037 431 57 516 315
person 0.0034 8 1 107 82
person 0.0031 -17 -33 133 123
person 0.0030 75 -2 193 43
person 0.0029 395 3 498 79
person 0.0026 235 0 360 48
person 0.0025 34 -1 153 74
person 0.0023 313 -9 492 156
person 0.0019 66 3 199 73
person 0.0014 216 -18 511 279
person 0.0013 -20 25 67 235
person 0.0013 159 -2 240 75
person 0.0012 443 93 501 227
person 0.0012 271 0 325 47
person 0.0012 62 -5 284 104
person 0.0011 316 85 490 293
person 0.0011 438 -1 509 89
person 0.0011 -1 6 25 122
person 0.0011 453 134 495 225
person 0.0011 298 -3 412 49
person 0.0010 17 15 178 193
person 0.0010 3 22 103 117
