bottle 0.0112 337 102 365 139
bottle 0.0088 383 100 402 139
bottle 0.0013 329 89 371 132
chair 0.4911 15 197 119 354
chair 0.0547 43 243 126 353
chair 0.0487 31 165 109 269
chair 0.0305 127 278 171 342
chair 0.0249 438 324 500 377
chair 0.0169 100 143 179 230
chair 0.0097 11 207 46 326
chair 0.0097 325 106 353 137
chair 0.0089 107 248 177 342
chair 0.0087 0 252 21 342
chair 0.0063 -2 200 20 305
chair 0.0057 42 188 126 300
chair 0.0056 27 207 66 299
chair 0.0051 407 325 451 376
chair 0.0050 93 243 124 347
chair 0.0045 -5 179 105 297
chair 0.0033 34 176 132 238
chair 0.0024 99 255 141 338
chair 0.0021 451 324 493 353
chair 0.0020 3 92 125 281
chair 0.0019 9 212 90 321
chair 0.0019 120 137 170 195
chair 0.0015 0 259 17 304
chair 0.0015 129 142 215 234
chair 0.0014 21 139 104 234
chair 0.0014 54 147 139 233
chair 0.0013 423 357 478 375
chair 0.0013 405 356 459 376
chair 0.0013 24 136 152 304
chair 0.0011 207 122 360 317
chair 0.0011 75 114 200 257
chair 0.0011 39 205 90 297
chair 0.0010 0 231 18 274
chair 0.0010 91 287 122 354
chair 0.0010 387 320 482 381
person 0.0122 -1 259 20 358
person 0.0014 278 51 315 75
pottedplant 0.4669 213 100 271 141
pottedplant 0.3247 398 290 494 361
pottedplant 0.1430 404 244 496 347
pottedplant 0.0626 389 293 442 355
pottedplant 0.0585 451 266 495 351
pottedplant 0.0476 396 278 435 341
pottedplant 0.0291 470 265 501 324
pottedplant 0.0257 201 81 277 138
pottedplant 0.0241 443 312 499 365
pottedplant 0.0185 204 108 240 136
pottedplant 0.0175 204 94 290 163
pottedplant 0.0121 385 267 508 383
pottedplant 0.0103 408 268 453 349
pottedplant 0.0070 240 106 273 136
pottedplant 0.0063 477 274 499 314
pottedplant 0.0052 447 243 499 292
pottedplant 0.0044 421 260 479 331
pottedplant 0.0041 476 288 498 328
pottedplant 0.0037 215 105 262 164
pottedplant 0.0036 377 156 505 333
pottedplant 0.0034 476 261 499 299
pottedplant 0.0033 417 235 453 298
pottedplant 0.0032 471 279 501 368
pottedplant 0.0030 399 289 428 327
pottedplant 0.0030 458 251 487 281
pottedplant 0.0029 218 97 261 125
pottedplant 0.0029 388 328 505 380
pottedplant 0.0026 430 234 508 325
pottedplant 0.0026 396 306 429 340
pottedplant 0.0024 402 316 455 362
pottedplant 0.0020 460 289 486 327
pottedplant 0.0019 421 242 480 292
pottedplant 0.0018 190 110 218 138
pottedplant 0.0017 415 307 447 339
pottedplant 0.0017 394 194 489 297
pottedplant 0.0017 178 91 254 171
pottedplant 0.0015 452 311 490 337
pottedplant 0.0015 456 282 490 313
pottedplant 0.0015 381 281 411 308
pottedplant 0.0015 394 323 430 356
pottedplant 0.0013 394 248 437 315
pottedplant 0.0013 180 60 316 203
pottedplant 0.0011 342 231 481 377
pottedplant 0.0011 378 270 419 321
pottedplant 0.0011 398 281 427 312
pottedplant 0.0010 422 318 482 359
pottedplant 0.0010 411 324 449 351
pottedplant 0.0010 243 95 270 128
tvmonitor 0.7809 197 185 362 360
tvmonitor 0.0133 230 212 336 330
tvmonitor 0.0102 253 28 339 99
tvmonitor 0.0014 264 41 326 85
