bottle 0.0162 355 165 401 227
bottle 0.0043 332 124 411 239
bottle 0.0043 219 30 249 131
bottle 0.0017 360 182 395 211
bottle 0.0014 144 258 185 362
chair 0.0112 1 222 124 369
chair 0.0031 135 198 443 344
chair 0.0030 3 280 104 372
chair 0.0024 5 235 44 382
chair 0.0023 128 258 216 357
chair 0.0021 44 253 142 355
chair 0.0017 53 221 211 372
chair 0.0017 322 129 410 200
chair 0.0016 0 229 25 388
chair 0.0015 395 237 498 304
chair 0.0013 351 260 458 346
chair 0.0013 176 263 315 350
chair 0.0011 357 235 462 306
chair 0.0011 35 290 156 366
chair 0.0010 138 217 213 336
chair 0.0010 252 268 400 341
person 0.8649 178 90 396 336
person 0.3238 -6 64 121 367
person 0.1948 70 137 430 350
person 0.1263 122 85 232 347
person 0.1253 135 82 213 193
person 0.0730 10 86 259 346
person 0.0339 218 51 250 134
person 0.0165 8 75 85 188
person 0.0093 -10 172 201 368
person 0.0075 0 64 20 207
person 0.0065 -15 108 73 379
person 0.0057 -53 83 170 406
person 0.0054 -8 49 65 267
person 0.0053 152 84 575 346
person 0.0049 93 76 116 113
person 0.0049 146 86 187 162
person 0.0045 51 63 219 205
person 0.0035 208 112 441 268
person 0.0029 0 11 21 145
person 0.0023 133 140 293 341
person 0.0020 7 77 46 196
person 0.0020 43 138 91 190
person 0.0019 89 77 180 185
person 0.0013 12 67 179 247
person 0.0013 219 74 253 169
person 0.0013 207 58 242 157
person 0.0012 322 177 408 252
person 0.0012 52 76 139 181
person 0.0012 -2 184 21 318
person 0.0011 198 175 453 312
person 0.0010 88 74 124 172
pottedplant 0.0988 281 -17 377 160
pottedplant 0.0151 306 29 370 158
pottedplant 0.0142 365 185 412 228
pottedplant 0.0108 249 18 328 121
pottedplant 0.0101 318 23 402 118
pottedplant 0.0098 282 -7 366 94
pottedplant 0.0075 229 -9 350 155
pottedplant 0.0061 318 -1 364 45
pottedplant 0.0047 314 85 360 161
pottedplant 0.0031 297 0 427 144
pottedplant 0.0026 241 -3 315 76
pottedplant 0.0024 322 53 396 148
pottedplant 0.0019 277 40 356 148
pottedplant 0.0017 319 3 361 127
pottedplant 0.0015 322 4 355 35
pottedplant 0.0014 250 -5 305 48
pottedplant 0.0012 332 49 370 138
pottedplant 0.0012 278 -19 374 54
pottedplant 0.0011 349 175 436 239
