bottle 0.0101 129 129 158 191
bottle 0.0071 358 175 397 246
bottle 0.0055 283 252 316 321
bottle 0.0040 396 179 434 243
bottle 0.0037 207 66 231 97
bottle 0.0030 133 141 153 181
bottle 0.0015 136 317 189 334
bottle 0.0014 247 251 349 322
bottle 0.0013 176 314 224 333
bottle 0.0012 356 142 394 229
bottle 0.0010 356 68 399 124
bottle 0.0010 134 116 151 153
bottle 0.0010 155 266 344 330
diningtable 0.0057 83 293 261 334
diningtable 0.0037 269 291 458 336
diningtable 0.0028 64 221 511 364
diningtable 0.0025 60 242 364 345
diningtable 0.0013 210 288 363 337
diningtable 0.0011 184 243 463 338
diningtable 0.0011 56 310 231 336
person 0.9240 214 103 358 327
person 0.9122 325 77 490 304
person 0.8314 69 11 206 165
person 0.7691 11 90 158 344
person 0.7559 111 104 255 331
person 0.7356 226 23 361 198
person 0.0494 113 90 226 238
person 0.0478 191 10 328 170
person 0.0395 99 139 399 345
person 0.0232 229 41 347 136
person 0.0212 55 99 214 333
person 0.0131 379 149 495 332
person 0.0117 48 62 223 210
person 0.0108 179 117 473 317
person 0.0097 203 90 250 153
person 0.0087 -1 80 127 256
person 0.0083 141 107 221 210
person 0.0081 259 67 371 270
person 0.0054 125 18 204 147
person 0.0050 278 29 353 151
person 0.0046 169 98 245 181
person 0.0045 205 62 239 128
person 0.0042 69 77 202 154
person 0.0039 125 94 207 175
person 0.0034 230 119 351 206
person 0.0034 128 14 293 157
person 0.0033 168 89 332 245
person 0.0033 10 181 123 346
person 0.0032 125 141 159 204
person 0.0032 115 210 380 323
person 0.0028 154 14 422 216
person 0.0023 -6 75 275 310
person 0.0022 205 20 292 110
person 0.0022 89 206 262 323
person 0.0021 113 55 132 84
person 0.0020 400 251 497 337
person 0.0020 219 90 254 178
person 0.0019 225 56 250 83
person 0.0018 129 96 159 173
person 0.0016 36 96 158 181
person 0.0016 143 64 276 217
person 0.0016 73 104 196 183
person 0.0015 112 233 230 309
person 0.0015 156 101 202 167
person 0.0015 184 78 220 140
person 0.0014 135 105 192 163
person 0.0014 91 19 188 112
person 0.0014 54 79 141 156
person 0.0014 228 164 348 265
person 0.0014 171 306 345 340
person 0.0014 304 81 433 255
person 0.0013 278 149 454 333
person 0.0013 131 154 154 188
person 0.0013 218 44 255 93
person 0.0013 205 105 245 185
person 0.0013 40 116 133 202
person 0.0013 239 25 285 86
person 0.0012 436 225 505 317
person 0.0011 217 73 253 145
person 0.0010 477 150 503 271
person 0.0010 164 81 202 137
person 0.0010 208 105 294 182
person 0.0010 398 126 486 213
person 0.0010 258 174 396 257
tvmonitor 0.0181 410 98 446 145
tvmonitor 0.0161 446 12 499 127
tvmonitor 0.0149 397 96 434 148
tvmonitor 0.0091 407 56 447 111
tvmonitor 0.0053 414 106 443 136
tvmonitor 0.0048 466 28 502 110
tvmonitor 0.0036 184 20 256 93
tvmonitor 0.0030 401 105 429 137
tvmonitor 0.0029 337 68 404 159
tvmonitor 0.0029 289 43 332 98
tvmonitor 0.0021 391 34 491 97
tvmonitor 0.0010 284 27 320 90
