car 0.8524 50 26 448 291
car 0.3708 99 50 159 105
car 0.2663 88 2 160 96
car 0.1012 165 -2 403 102
car 0.0777 62 2 117 40
car 0.0563 51 22 152 108
car 0.0317 368 -5 446 92
car 0.0314 311 0 418 84
car 0.0194 67 5 145 64
car 0.0189 225 -2 351 42
car 0.0151 67 -1 110 22
car 0.0138 107 9 175 121
car 0.0130 265 -6 385 41
car 0.0113 326 0 386 17
car 0.0105 313 -1 436 41
car 0.0100 280 -12 449 104
car 0.0096 83 4 126 34
car 0.0090 173 13 328 77
car 0.0078 88 40 165 139
car 0.0077 348 0 400 18
car 0.0072 340 2 409 35
car 0.0069 210 4 383 70
car 0.0068 185 2 298 42
car 0.0066 104 63 150 95
car 0.0065 125 4 222 87
car 0.0063 5 1 131 46
car 0.0061 354 5 396 31
car 0.0057 87 20 123 47
car 0.0053 5 0 108 88
car 0.0046 169 5 275 62
car 0.0045 292 -9 415 25
car 0.0044 50 10 84 36
car 0.0040 193 -7 365 23
car 0.0033 122 39 378 221
car 0.0032 64 -25 436 170
car 0.0029 85 64 269 254
car 0.0029 81 15 131 112
car 0.0026 71 17 104 48
car 0.0025 167 92 410 279
car 0.0021 41 6 95 42
car 0.0020 38 5 63 36
car 0.0019 6 -7 46 55
car 0.0017 221 31 355 105
car 0.0016 34 -8 137 29
car 0.0016 91 -11 267 105
car 0.0014 170 28 272 100
car 0.0013 319 -5 392 23
car 0.0013 -14 -12 137 115
car 0.0013 281 44 448 221
car 0.0013 115 -3 228 48
car 0.0012 -14 -22 71 70
car 0.0012 199 -5 529 266
car 0.0011 159 15 250 83
car 0.0011 195 -39 380 80
car 0.0011 37 -1 96 16
car 0.0010 332 5 379 30
car 0.0010 348 6 400 61
car 0.0010 24 17 154 178
person 0.8235 18 17 92 187
person 0.5748 474 -4 499 104
person 0.5533 0 7 24 92
person 0.5084 434 4 477 98
person 0.3141 450 -8 487 110
person 0.0901 225 5 253 33
person 0.0871 188 3 211 37
person 0.0862 416 0 446 98
person 0.0835 390 0 428 75
person 0.0833 173 3 196 37
person 0.0711 394 0 436 129
person 0.0665 55 9 79 91
person 0.0634 171 1 194 70
person 0.0627 201 11 242 34
person 0.0516 106 1 149 70
person 0.0491 256 -1 301 18
person 0.0434 9 5 40 71
person 0.0417 440 5 498 137
person 0.0410 408 12 478 128
person 0.0402 381 5 415 68
person 0.0325 -2 -3 120 159
person 0.0301 480 23 500 132
person 0.0270 296 -2 337 17
person 0.0266 312 0 358 17
person 0.0207 105 -10 178 110
person 0.0196 479 11 499 61
person 0.0185 88 -2 121 24
person 0.0183 277 -2 318 16
person 0.0157 381 6 412 38
person 0.0151 400 0 424 45
person 0.0147 480 1 497 42
person 0.0134 1 13 22 59
person 0.0132 69 19 99 138
person 0.0102 31 5 63 71
person 0.0095 38 15 58 54
person 0.0093 482 55 499 103
person 0.0092 -20 -2 80 205
person 0.0084 176 4 219 64
person 0.0084 457 5 518 95
person 0.0078 360 -4 461 146
person 0.0077 15 14 36 59
person 0.0076 239 0 282 20
person 0.0074 184 17 213 48
person 0.0073 115 -4 160 51
person 0.0072 -1 20 20 135
person 0.0068 216 3 264 39
person 0.0066 429 38 479 113
person 0.0060 383 14 409 53
person 0.0059 193 6 253 37
person 0.0057 168 -1 196 23
person 0.0055 58 22 74 78
person 0.0055 108 -1 141 22
person 0.0050 430 0 472 18
person 0.0049 436 -14 511 217
person 0.0049 183 0 218 21
person 0.0045 416 -1 447 21
person 0.0044 0 -18 26 66
person 0.0040 55 15 78 57
person 0.0036 454 -1 489 19
person 0.0035 455 0 491 47
person 0.0035 148 0 183 75
person 0.0034 430 -2 468 49
person 0.0034 398 -2 427 23
person 0.0034 417 4 443 39
person 0.0033 110 0 136 40
person 0.0033 -25 14 46 85
person 0.0032 438 2 461 39
person 0.0031 479 55 501 186
person 0.0030 -7 13 57 129
person 0.0030 412 1 493 75
person 0.0029 218 0 262 18
person 0.0025 357 0 435 96
person 0.0022 203 17 238 46
person 0.0021 375 0 413 20
person 0.0021 462 14 484 55
person 0.0021 439 29 468 70
person 0.0021 419 15 441 54
person 0.0019 65 67 105 147
person 0.0019 458 26 482 71
person 0.0018 38 25 59 71
person 0.0018 16 3 38 41
person 0.0017 474 -1 500 21
person 0.0017 0 55 25 189
person 0.0016 382 20 414 107
person 0.0016 9 20 43 166
person 0.0014 389 2 496 193
person 0.0014 50 22 119 135
person 0.0013 47 30 90 157
person 0.0012 423 -24 523 116
person 0.0012 440 15 464 53
person 0.0012 173 21 191 75
person 0.0012 2 0 21 44
person 0.0011 200 0 242 19
person 0.0011 76 -4 177 53
person 0.0011 0 57 18 100
person 0.0011 154 3 179 37
person 0.0010 111 15 140 55
