chair 0.1927 229 248 360 492
chair 0.0104 242 137 351 444
chair 0.0086 309 91 368 194
chair 0.0084 224 352 374 518
chair 0.0065 322 107 361 180
chair 0.0043 8 77 78 201
chair 0.0043 338 276 374 393
chair 0.0038 352 276 376 433
chair 0.0031 233 305 356 405
chair 0.0024 33 72 109 189
chair 0.0021 258 267 343 384
chair 0.0021 293 307 370 421
chair 0.0020 298 266 363 383
chair 0.0018 273 219 385 436
chair 0.0017 254 390 352 499
chair 0.0016 162 313 327 485
chair 0.0016 325 47 375 199
chair 0.0016 206 156 398 496
chair 0.0015 161 151 329 424
chair 0.0014 111 255 262 467
chair 0.0013 256 346 344 469
chair 0.0012 235 276 314 384
chair 0.0012 5 53 141 210
chair 0.0011 14 169 131 404
chair 0.0011 295 354 368 457
chair 0.0010 358 335 375 489
diningtable 0.0022 43 223 388 503
person 0.8511 73 20 301 480
person 0.0123 85 119 232 452
person 0.0030 135 90 295 406
person 0.0021 138 34 160 72
person 0.0018 200 80 290 187
person 0.0017 184 70 302 270
person 0.0014 133 30 161 101
person 0.0014 38 65 165 273
person 0.0012 36 205 337 520
person 0.0011 173 0 317 194
person 0.0011 147 36 284 226
person 0.0010 90 56 227 290
pottedplant 0.0017 16 151 54 181
pottedplant 0.0017 11 141 61 190
pottedplant 0.0012 -3 134 75 197
pottedplant 0.0012 278 106 313 183
sofa 0.0903 96 100 393 475
