bottle 0.0068 179 275 232 320
bottle 0.0030 222 118 259 182
bottle 0.0024 153 163 175 200
bottle 0.0022 228 265 250 298
bottle 0.0019 148 153 180 208
bottle 0.0016 228 276 252 313
chair 0.0145 317 51 479 203
chair 0.0105 369 7 458 61
chair 0.0102 8 120 109 359
chair 0.0044 438 73 502 183
chair 0.0040 349 49 457 155
chair 0.0032 472 49 500 195
chair 0.0027 375 7 413 62
chair 0.0027 221 135 424 283
chair 0.0024 400 50 492 153
chair 0.0022 376 26 504 176
chair 0.0021 424 33 522 224
chair 0.0019 313 52 420 154
chair 0.0015 384 67 502 304
chair 0.0014 230 194 422 350
chair 0.0013 456 102 497 198
chair 0.0011 318 134 489 297
chair 0.0010 272 171 382 265
diningtable 0.0123 156 217 573 387
diningtable 0.0122 117 273 382 386
diningtable 0.0120 228 246 495 366
diningtable 0.0115 37 248 462 412
diningtable 0.0040 258 273 386 341
diningtable 0.0025 177 293 322 370
diningtable 0.0017 314 193 493 353
person 0.6943 141 38 279 329
person 0.1551 59 53 208 320
person 0.1448 83 78 339 353
person 0.1288 198 73 386 244
person 0.0924 0 85 118 346
person 0.0394 77 50 195 213
person 0.0376 118 85 458 288
person 0.0251 161 54 331 267
person 0.0177 234 24 346 184
person 0.0131 252 29 335 130
person 0.0115 178 41 264 174
person 0.0088 0 1 28 68
person 0.0051 4 11 22 57
person 0.0038 11 94 94 214
person 0.0037 435 59 510 317
person 0.0033 206 50 289 155
person 0.0031 207 33 242 98
person 0.0031 0 102 23 231
person 0.0021 180 130 392 291
person 0.0020 469 164 500 281
person 0.0018 468 200 499 333
person 0.0016 0 133 26 283
person 0.0015 156 129 268 240
person 0.0012 -12 99 69 334
person 0.0011 -1 24 23 162
person 0.0011 478 22 500 138
person 0.0010 227 113 351 199
person 0.0010 -5 105 59 209
pottedplant 0.0332 438 172 501 315
pottedplant 0.0029 391 182 503 361
pottedplant 0.0023 414 218 492 324
pottedplant 0.0016 470 193 499 310
sofa 0.3158 186 52 466 264
sofa 0.0064 262 61 475 200
sofa 0.0034 196 96 533 333
tvmonitor 0.0028 475 37 499 153
