chair 0.0060 -2 64 46 204
chair 0.0042 -8 28 54 315
chair 0.0038 32 68 102 179
chair 0.0027 16 69 130 267
chair 0.0024 -6 38 99 227
chair 0.0023 3 146 73 279
chair 0.0021 -14 106 89 314
chair 0.0016 33 108 108 241
chair 0.0011 -1 115 45 286
chair 0.0011 5 103 71 237
chair 0.0010 0 73 21 249
chair 0.0010 108 72 266 275
pottedplant 0.0034 71 78 245 276
pottedplant 0.0014 78 122 178 234
sofa 0.3530 -2 97 377 476
sofa 0.0086 55 90 204 261
sofa 0.0074 12 28 362 315
sofa 0.0053 -9 229 269 497
sofa 0.0030 130 174 302 400
sofa 0.0021 127 111 306 303
sofa 0.0020 45 261 215 463
sofa 0.0017 239 91 366 330
sofa 0.0013 150 48 397 373
tvmonitor 0.0916 29 36 99 141
tvmonitor 0.0048 -15 19 104 176
tvmonitor 0.0040 -4 31 45 159
tvmonitor 0.0021 -2 52 21 198
tvmonitor 0.0013 2 18 83 113
tvmonitor 0.0012 34 -11 98 107
tvmonitor 0.0010 0 74 37 211
