car 0.0135 478 0 500 65
car 0.0042 479 27 499 62
chair 0.0017 380 300 505 339
chair 0.0012 206 269 370 330
chair 0.0010 311 310 476 337
person 0.7205 130 118 446 317
person 0.0746 139 109 301 324
person 0.0055 72 130 352 357
person 0.0030 318 297 490 337
person 0.0012 184 100 390 244
person 0.0011 218 181 356 254
pottedplant 0.0824 -6 193 116 352
pottedplant 0.0774 4 66 84 152
pottedplant 0.0511 -2 81 112 303
pottedplant 0.0424 -15 11 72 169
pottedplant 0.0324 -12 -3 64 83
pottedplant 0.0156 18 79 74 138
pottedplant 0.0124 0 56 54 136
pottedplant 0.0120 5 260 110 333
pottedplant 0.0104 0 7 59 56
pottedplant 0.0088 2 30 97 197
pottedplant 0.0084 0 0 23 90
pottedplant 0.0077 -29 156 79 331
pottedplant 0.0073 -5 219 58 319
pottedplant 0.0066 7 194 94 296
pottedplant 0.0046 12 139 96 244
pottedplant 0.0041 -2 21 61 121
pottedplant 0.0041 -10 233 106 318
pottedplant 0.0034 -35 -27 76 101
pottedplant 0.0030 7 4 106 73
pottedplant 0.0029 -1 37 23 127
pottedplant 0.0029 -48 82 93 251
pottedplant 0.0028 16 87 82 192
pottedplant 0.0026 435 294 501 337
pottedplant 0.0022 28 96 66 119
pottedplant 0.0019 2 86 55 158
pottedplant 0.0019 15 24 93 105
pottedplant 0.0018 25 16 65 71
pottedplant 0.0016 11 288 123 341
pottedplant 0.0016 31 17 61 45
pottedplant 0.0015 66 95 99 147
pottedplant 0.0015 -1 218 28 333
pottedplant 0.0014 -29 175 66 260
pottedplant 0.0014 0 260 24 343
pottedplant 0.0013 22 49 71 119
pottedplant 0.0013 1 59 27 157
pottedplant 0.0012 70 106 97 134
pottedplant 0.0012 -60 48 176 337
pottedplant 0.0011 -23 123 66 209
pottedplant 0.0011 -3 -17 30 57
pottedplant 0.0010 42 196 88 254
