aeroplane 0.1095 31 52 391 264
aeroplane 0.0197 250 85 488 232
aeroplane 0.0180 103 78 319 240
aeroplane 0.0054 303 124 428 190
aeroplane 0.0046 217 40 361 220
aeroplane 0.0036 350 122 457 189
aeroplane 0.0033 152 122 269 199
aeroplane 0.0026 353 100 455 166
aeroplane 0.0018 194 29 535 230
aeroplane 0.0014 193 124 310 196
aeroplane 0.0012 31 119 176 159
aeroplane 0.0011 385 128 501 185
aeroplane 0.0010 79 130 133 147
aeroplane 0.0010 147 92 277 173
boat 0.0413 8 130 259 253
boat 0.0144 50 149 78 175
boat 0.0134 24 96 317 225
boat 0.0106 43 127 223 187
boat 0.0045 32 151 69 175
boat 0.0036 33 134 156 183
boat 0.0020 33 127 71 178
boat 0.0017 64 103 203 157
boat 0.0012 314 95 493 275
boat 0.0012 71 143 139 158
boat 0.0012 112 130 174 146
boat 0.0011 133 130 191 147
boat 0.0011 109 94 232 173
boat 0.0011 177 54 266 136
boat 0.0010 91 118 234 157
boat 0.0010 187 58 220 130
boat 0.0010 215 82 270 132
boat 0.0010 26 125 70 144
car 0.0189 9 114 47 134
car 0.0092 27 186 62 203
car 0.0085 13 183 47 201
car 0.0046 8 123 44 144
car 0.0035 245 209 271 235
car 0.0031 273 104 365 202
car 0.0028 21 115 72 134
car 0.0012 479 237 499 269
car 0.0010 262 95 291 123
person 0.0052 149 162 175 192
person 0.0020 144 156 182 201
person 0.0011 391 151 423 206
person 0.0011 262 93 297 153
person 0.0010 398 161 420 201
train 0.0011 377 111 490 167
tvmonitor 0.0023 314 224 490 379
