cat 0.0857 187 -2 465 233
cat 0.0023 -31 117 376 317
cat 0.0022 269 36 451 188
chair 0.0400 0 88 193 198
chair 0.0091 36 124 156 193
chair 0.0036 0 56 25 160
chair 0.0033 8 99 113 179
chair 0.0028 25 87 164 290
chair 0.0025 -13 101 63 182
chair 0.0023 2 77 44 165
chair 0.0017 87 99 176 184
chair 0.0015 66 59 108 77
chair 0.0015 4 81 109 150
diningtable 0.0020 34 95 150 147
diningtable 0.0016 5 62 184 182
dog 0.2990 189 138 382 298
dog 0.2860 143 75 433 308
dog 0.0052 224 32 428 242
person 0.0023 52 20 448 312
person 0.0014 -28 98 298 335
pottedplant 0.0723 229 17 331 74
pottedplant 0.0069 232 30 324 105
pottedplant 0.0067 216 27 300 88
pottedplant 0.0037 228 28 295 65
pottedplant 0.0026 210 8 359 121
pottedplant 0.0022 276 20 323 68
pottedplant 0.0021 239 37 314 74
pottedplant 0.0019 222 37 261 58
