bottle 0.0032 97 159 126 230
bottle 0.0017 101 140 139 224
bottle 0.0012 186 267 213 294
car 0.0351 218 0 261 15
car 0.0323 233 0 281 12
car 0.0312 253 0 303 12
car 0.0022 269 0 325 13
car 0.0016 191 1 252 16
chair 0.0355 105 78 233 299
chair 0.0025 394 249 498 321
chair 0.0019 128 134 214 236
chair 0.0015 121 159 302 316
chair 0.0012 119 254 227 322
chair 0.0010 432 258 504 329
person 0.7250 -7 40 199 335
person 0.6370 137 87 438 338
person 0.5830 450 -7 493 68
person 0.2938 51 2 294 324
person 0.2051 166 -3 240 95
person 0.1485 416 -2 492 61
person 0.0434 471 1 498 60
person 0.0418 437 0 502 41
person 0.0175 96 13 241 254
person 0.0122 183 6 230 84
person 0.0085 123 1 222 83
person 0.0070 100 9 181 101
person 0.0069 216 108 430 267
person 0.0067 90 -9 259 96
person 0.0067 3 106 129 316
person 0.0054 477 0 497 36
person 0.0033 0 38 136 243
person 0.0027 35 138 235 334
person 0.0026 474 0 505 19
person 0.0021 459 11 487 49
person 0.0020 244 73 409 204
person 0.0019 36 43 62 95
person 0.0016 438 221 504 309
person 0.0015 138 0 283 124
person 0.0014 440 2 534 60
