bottle 0.1608 109 289 142 335
bottle 0.0472 130 269 156 334
bottle 0.0272 115 281 135 320
bottle 0.0207 94 298 117 330
bottle 0.0162 85 289 126 335
bottle 0.0115 284 187 310 260
bottle 0.0099 314 2 409 178
bottle 0.0098 112 255 138 321
bottle 0.0097 134 280 153 320
bottle 0.0059 85 315 125 334
bottle 0.0054 96 282 116 318
bottle 0.0053 244 227 273 296
bottle 0.0052 131 299 155 329
bottle 0.0051 19 115 39 155
bottle 0.0047 14 108 45 162
bottle 0.0047 101 315 145 336
bottle 0.0030 42 282 97 324
bottle 0.0027 91 250 118 326
bottle 0.0025 294 234 341 287
bottle 0.0023 119 315 168 334
bottle 0.0022 324 37 399 140
bottle 0.0021 283 247 317 301
bottle 0.0019 195 287 319 338
bottle 0.0017 431 290 482 335
bottle 0.0017 288 203 306 246
bottle 0.0016 285 167 316 230
bottle 0.0015 250 257 274 292
bottle 0.0014 132 316 195 333
bottle 0.0014 290 181 311 215
bottle 0.0013 197 289 246 336
bottle 0.0013 242 249 278 326
bottle 0.0012 49 290 88 315
bottle 0.0012 66 275 104 330
bottle 0.0010 323 274 349 302
bottle 0.0010 284 218 314 279
bottle 0.0010 216 288 267 336
chair 0.0160 5 271 101 327
chair 0.0019 165 286 319 340
chair 0.0019 384 293 502 335
chair 0.0015 130 307 310 337
chair 0.0013 21 140 171 289
chair 0.0013 352 275 511 329
chair 0.0011 -9 147 63 328
diningtable 0.0889 185 243 465 343
diningtable 0.0590 50 290 198 334
diningtable 0.0237 68 246 354 334
diningtable 0.0166 190 288 375 337
diningtable 0.0118 109 294 313 334
diningtable 0.0107 1 273 266 360
diningtable 0.0094 49 308 238 339
diningtable 0.0093 17 287 113 335
diningtable 0.0081 42 269 218 328
diningtable 0.0080 231 199 418 335
diningtable 0.0065 260 289 470 336
diningtable 0.0065 179 266 393 362
diningtable 0.0064 227 272 407 328
diningtable 0.0051 111 265 311 326
diningtable 0.0048 -34 250 225 333
diningtable 0.0032 241 272 485 361
diningtable 0.0026 297 272 489 328
diningtable 0.0020 271 233 372 308
diningtable 0.0018 169 177 483 358
diningtable 0.0018 89 282 275 320
diningtable 0.0017 -54 239 323 400
diningtable 0.0016 239 308 432 338
person 0.9135 120 118 243 314
person 0.7089 217 114 366 310
person 0.3695 82 51 270 182
person 0.1348 167 36 324 193
person 0.0669 70 103 212 284
person 0.0567 190 100 318 287
person 0.0514 63 35 359 246
person 0.0412 124 72 206 120
person 0.0242 37 117 308 318
person 0.0152 125 67 202 173
person 0.0123 113 100 227 180
person 0.0107 90 73 187 161
person 0.0086 434 293 505 332
person 0.0081 147 97 426 287
person 0.0081 118 48 219 132
person 0.0058 226 123 251 196
person 0.0051 158 63 207 107
person 0.0051 126 83 300 251
person 0.0050 136 158 224 273
person 0.0042 213 43 359 236
person 0.0040 251 78 403 256
person 0.0039 135 82 191 129
person 0.0035 0 12 267 218
person 0.0023 168 70 197 99
person 0.0021 277 165 372 273
person 0.0021 0 184 26 314
person 0.0020 230 140 249 178
person 0.0018 111 130 240 197
person 0.0017 127 97 162 120
person 0.0017 154 80 206 138
person 0.0016 241 136 337 249
person 0.0015 -16 166 136 317
person 0.0014 427 267 510 334
person 0.0013 371 163 511 324
person 0.0013 304 49 427 227
person 0.0012 247 66 332 163
person 0.0011 142 84 185 110
person 0.0011 132 0 212 77
person 0.0010 229 154 249 190
person 0.0010 165 77 196 111
person 0.0010 234 117 322 204
person 0.0010 214 135 293 247
person 0.0010 165 123 258 209
pottedplant 0.0022 35 71 62 97
pottedplant 0.0011 73 68 96 97
tvmonitor 0.0235 44 8 138 74
tvmonitor 0.0127 -6 165 56 274
tvmonitor 0.0040 3 -1 86 94
tvmonitor 0.0021 107 -6 183 95
tvmonitor 0.0019 15 116 51 173
tvmonitor 0.0017 -2 166 29 281
tvmonitor 0.0017 -3 125 23 191
tvmonitor 0.0016 22 -14 168 94
