cow 0.1870 411 208 458 264
cow 0.1054 222 187 261 236
cow 0.0633 262 188 341 242
cow 0.0314 232 189 278 234
cow 0.0211 215 176 293 237
cow 0.0093 290 204 341 243
cow 0.0063 262 188 296 240
cow 0.0042 273 202 315 245
cow 0.0021 207 192 241 232
cow 0.0019 -23 118 81 159
cow 0.0015 92 154 159 199
pottedplant 0.0010 258 -13 392 138
sheep 0.4026 114 155 167 198
sheep 0.3975 276 188 354 243
sheep 0.2786 221 179 265 229
sheep 0.2755 408 202 464 253
sheep 0.2018 10 126 45 150
sheep 0.0707 4 114 52 149
sheep 0.0566 312 188 349 241
sheep 0.0068 317 191 349 212
sheep 0.0059 207 179 243 229
sheep 0.0054 246 183 268 222
sheep 0.0052 225 195 254 231
sheep 0.0049 114 159 142 196
sheep 0.0049 417 219 448 256
sheep 0.0045 146 167 174 192
sheep 0.0044 416 209 451 243
sheep 0.0041 216 175 298 233
sheep 0.0036 124 156 161 180
sheep 0.0034 282 210 308 239
sheep 0.0027 243 195 270 231
sheep 0.0026 211 198 235 228
sheep 0.0022 212 187 233 220
sheep 0.0021 283 197 310 233
sheep 0.0020 264 191 292 216
sheep 0.0020 424 211 466 263
sheep 0.0019 2 124 21 153
sheep 0.0019 299 197 337 231
sheep 0.0018 255 184 299 224
sheep 0.0018 248 154 385 264
sheep 0.0017 268 211 294 236
sheep 0.0016 136 161 179 195
sheep 0.0016 300 211 333 240
sheep 0.0015 432 205 464 226
sheep 0.0015 284 191 312 214
sheep 0.0012 434 213 466 241
sheep 0.0011 415 205 451 227
sheep 0.0010 121 176 161 197
sheep 0.0010 276 187 322 222
