bottle 0.3252 86 172 116 250
bottle 0.2644 71 186 104 257
bottle 0.2456 114 167 142 250
bottle 0.1092 61 0 186 100
bottle 0.0614 122 168 154 248
bottle 0.0398 27 204 64 270
bottle 0.0279 53 185 85 261
bottle 0.0188 94 186 114 235
bottle 0.0162 1 148 100 340
bottle 0.0125 72 144 102 245
bottle 0.0120 117 171 137 219
bottle 0.0111 10 219 91 329
bottle 0.0111 67 168 142 253
bottle 0.0083 76 186 99 233
bottle 0.0040 129 140 156 166
bottle 0.0038 50 183 123 261
bottle 0.0030 13 169 79 279
bottle 0.0024 138 325 225 376
bottle 0.0019 115 202 137 244
bottle 0.0015 26 219 70 314
bottle 0.0015 107 165 179 250
bottle 0.0015 83 204 117 267
bottle 0.0014 76 215 99 258
bottle 0.0012 98 11 147 86
bottle 0.0012 104 37 142 60
bottle 0.0011 76 173 98 215
bottle 0.0011 128 185 152 233
bottle 0.0010 74 158 174 233
diningtable 0.0964 -9 224 432 379
diningtable 0.0234 56 275 363 380
diningtable 0.0057 168 234 409 373
diningtable 0.0035 44 204 302 342
diningtable 0.0034 110 291 238 370
diningtable 0.0025 38 327 232 378
diningtable 0.0020 156 295 336 368
diningtable 0.0018 75 210 194 268
diningtable 0.0014 -62 125 331 363
diningtable 0.0012 119 328 304 378
diningtable 0.0010 140 239 284 311
person 0.4461 180 84 337 298
person 0.2075 433 1 513 311
person 0.0884 168 73 407 359
person 0.0240 393 34 496 342
person 0.0056 -1 102 21 197
person 0.0051 51 4 163 93
person 0.0033 428 168 515 382
person 0.0028 287 88 444 343
person 0.0026 -1 43 20 173
person 0.0026 15 -8 186 109
person 0.0022 333 65 478 311
person 0.0021 438 149 502 286
person 0.0017 -1 184 21 319
person 0.0016 61 0 187 48
person 0.0014 45 115 378 372
person 0.0014 456 177 496 327
person 0.0014 -1 269 20 350
person 0.0011 473 157 503 259
person 0.0010 335 17 549 357
person 0.0010 -12 14 125 187
pottedplant 0.2659 -1 85 113 292
pottedplant 0.0397 8 99 88 210
pottedplant 0.0147 -14 103 70 329
pottedplant 0.0110 6 136 83 253
pottedplant 0.0089 11 65 177 257
pottedplant 0.0074 -1 146 24 242
pottedplant 0.0069 48 136 143 237
pottedplant 0.0051 -1 152 59 281
pottedplant 0.0040 9 195 44 281
pottedplant 0.0037 0 100 21 175
pottedplant 0.0024 24 123 103 237
pottedplant 0.0021 22 151 71 237
pottedplant 0.0020 45 93 146 169
pottedplant 0.0018 422 150 450 209
pottedplant 0.0017 425 160 446 200
pottedplant 0.0015 12 108 118 167
pottedplant 0.0014 52 141 84 246
pottedplant 0.0014 -47 81 240 294
pottedplant 0.0014 0 172 20 214
pottedplant 0.0013 51 110 131 209
pottedplant 0.0013 1 147 53 211
pottedplant 0.0012 38 115 96 159
pottedplant 0.0011 46 123 88 147
