bottle 0.0443 0 249 23 372
bottle 0.0094 422 232 443 267
bottle 0.0083 421 205 446 270
bottle 0.0034 422 199 442 246
bottle 0.0033 1 260 49 361
bottle 0.0021 438 225 461 257
bottle 0.0011 432 213 466 268
bottle 0.0011 0 283 19 337
chair 0.0575 -3 248 57 362
chair 0.0395 87 234 412 371
chair 0.0228 428 268 475 325
chair 0.0188 13 233 257 364
chair 0.0132 440 231 464 265
chair 0.0089 473 252 499 366
chair 0.0071 448 260 489 334
chair 0.0053 433 230 471 299
chair 0.0052 391 117 483 188
chair 0.0052 212 294 365 367
chair 0.0043 0 244 24 320
chair 0.0038 152 189 424 304
chair 0.0038 7 282 89 374
chair 0.0027 7 280 48 365
chair 0.0025 173 268 327 335
chair 0.0023 183 206 316 286
chair 0.0021 432 249 501 345
chair 0.0021 395 243 433 262
chair 0.0019 396 290 492 369
chair 0.0019 447 273 496 374
chair 0.0018 -1 285 22 388
chair 0.0017 95 181 326 317
chair 0.0017 -15 176 69 380
chair 0.0017 214 200 380 277
chair 0.0016 0 260 20 301
chair 0.0016 251 325 404 379
chair 0.0016 344 236 445 326
chair 0.0015 132 292 292 369
chair 0.0014 417 230 487 333
chair 0.0014 190 232 309 320
chair 0.0014 62 291 210 366
chair 0.0013 152 327 349 377
chair 0.0013 100 243 245 314
chair 0.0012 2 232 48 303
chair 0.0012 0 322 47 381
chair 0.0012 455 235 480 268
chair 0.0011 213 234 363 306
chair 0.0010 138 237 286 303
person 0.0015 203 65 234 91
person 0.0015 -1 199 21 303
pottedplant 0.0146 418 193 447 256
pottedplant 0.0051 421 194 443 229
pottedplant 0.0011 206 95 270 149
sofa 0.2073 63 216 513 387
sofa 0.0230 175 270 478 383
sofa 0.0207 188 210 463 339
sofa 0.0200 18 227 328 365
sofa 0.0176 319 221 477 379
sofa 0.0108 37 156 462 334
sofa 0.0063 -20 223 70 380
sofa 0.0047 -5 276 276 374
sofa 0.0036 -13 237 129 368
sofa 0.0024 334 293 471 377
sofa 0.0022 -36 255 382 404
sofa 0.0011 346 255 461 353
sofa 0.0011 262 261 390 347
tvmonitor 0.1710 193 38 283 155
tvmonitor 0.0026 207 78 270 136
