bottle 0.0013 294 271 330 349
car 0.0014 0 62 21 91
chair 0.4758 315 178 503 362
chair 0.3609 -1 145 59 283
chair 0.2515 113 126 168 178
chair 0.0989 74 132 177 200
chair 0.0926 48 117 121 214
chair 0.0663 156 144 210 191
chair 0.0564 375 219 501 373
chair 0.0461 167 147 237 188
chair 0.0291 10 137 101 245
chair 0.0254 41 137 167 222
chair 0.0240 -4 280 64 375
chair 0.0217 106 131 150 201
chair 0.0201 46 159 126 223
chair 0.0195 179 110 216 160
chair 0.0138 0 153 26 292
chair 0.0137 139 136 182 195
chair 0.0135 362 188 456 297
chair 0.0124 -2 133 107 347
chair 0.0122 160 150 247 213
chair 0.0098 124 134 161 167
chair 0.0092 -10 148 64 397
chair 0.0085 55 127 107 178
chair 0.0075 43 140 226 302
chair 0.0075 103 135 221 197
chair 0.0071 115 141 169 212
chair 0.0067 264 236 463 365
chair 0.0062 160 122 201 181
chair 0.0052 192 156 244 197
chair 0.0046 6 187 48 314
chair 0.0042 164 151 198 185
chair 0.0041 178 120 222 180
chair 0.0037 147 188 343 359
chair 0.0036 -5 209 119 386
chair 0.0035 8 173 80 299
chair 0.0033 0 132 24 229
chair 0.0032 49 122 87 238
chair 0.0032 82 129 123 200
chair 0.0032 235 190 319 258
chair 0.0029 162 117 240 185
chair 0.0028 -2 247 33 373
chair 0.0025 -2 292 116 369
chair 0.0025 206 199 302 289
chair 0.0024 305 275 405 371
chair 0.0024 287 328 444 378
chair 0.0023 49 166 92 219
chair 0.0023 398 287 494 367
chair 0.0021 17 157 178 339
chair 0.0021 178 153 226 179
chair 0.0020 22 161 69 228
chair 0.0020 11 219 98 329
chair 0.0019 125 122 158 156
chair 0.0018 20 117 100 199
chair 0.0017 65 159 222 224
chair 0.0016 259 296 389 371
chair 0.0015 76 176 192 259
chair 0.0014 74 292 196 367
chair 0.0014 339 290 457 368
chair 0.0013 408 186 533 361
chair 0.0013 435 224 512 327
chair 0.0012 229 261 341 344
chair 0.0012 135 119 184 159
chair 0.0011 51 167 136 260
chair 0.0011 203 152 239 184
chair 0.0011 46 287 143 375
chair 0.0011 152 197 267 294
chair 0.0011 199 107 237 193
chair 0.0010 321 205 420 283
chair 0.0010 -12 50 65 270
chair 0.0010 190 100 212 142
diningtable 0.0074 31 214 467 388
diningtable 0.0059 190 330 387 377
diningtable 0.0026 67 276 357 373
diningtable 0.0015 194 273 456 383
diningtable 0.0012 135 295 364 418
diningtable 0.0011 162 342 355 387
diningtable 0.0011 141 327 283 379
diningtable 0.0010 217 347 416 381
diningtable 0.0010 60 254 438 466
person 0.0019 0 94 19 208
person 0.0011 0 51 20 82
pottedplant 0.0011 122 56 158 79
sofa 0.6549 56 181 288 369
sofa 0.0330 369 158 501 345
sofa 0.0327 15 221 406 380
sofa 0.0128 289 162 516 384
sofa 0.0025 71 144 275 298
sofa 0.0018 116 220 228 324
sofa 0.0016 350 192 473 281
sofa 0.0013 -68 148 262 398
sofa 0.0010 0 230 192 367
tvmonitor 0.0239 213 33 255 96
tvmonitor 0.0093 -2 300 47 374
tvmonitor 0.0090 341 88 441 158
tvmonitor 0.0053 347 8 462 85
tvmonitor 0.0040 347 43 458 98
tvmonitor 0.0022 315 -14 495 104
tvmonitor 0.0018 312 9 419 84
tvmonitor 0.0012 23 29 104 113
