chair 0.7027 44 262 117 406
chair 0.6480 270 262 347 406
chair 0.5440 123 257 246 460
chair 0.1667 278 242 340 354
chair 0.1446 246 247 302 412
chair 0.1288 152 257 218 394
chair 0.0879 58 250 125 344
chair 0.0496 77 238 113 314
chair 0.0421 148 257 231 333
chair 0.0308 119 287 194 435
chair 0.0287 225 236 277 415
chair 0.0257 99 249 159 402
chair 0.0252 73 244 136 390
chair 0.0193 264 238 297 315
chair 0.0181 86 245 123 308
chair 0.0171 170 232 213 283
chair 0.0170 47 237 109 317
chair 0.0150 239 252 308 341
chair 0.0137 117 253 154 342
chair 0.0129 291 247 329 388
chair 0.0128 267 241 294 280
chair 0.0108 95 299 175 426
chair 0.0105 57 257 101 379
chair 0.0103 277 244 311 391
chair 0.0102 81 240 105 280
chair 0.0093 276 236 312 322
chair 0.0086 169 300 253 436
chair 0.0075 305 252 341 344
chair 0.0071 291 241 323 319
chair 0.0065 45 256 82 337
chair 0.0052 177 240 249 336
chair 0.0051 211 299 280 427
chair 0.0050 248 243 287 311
chair 0.0048 155 212 225 296
chair 0.0045 89 257 125 377
chair 0.0044 47 244 80 307
chair 0.0044 281 238 304 279
chair 0.0041 177 227 208 258
chair 0.0039 254 320 334 422
chair 0.0035 92 246 119 279
chair 0.0034 133 253 164 341
chair 0.0032 184 204 248 295
chair 0.0032 171 230 273 289
chair 0.0032 126 228 256 372
chair 0.0031 104 248 138 348
chair 0.0030 322 254 349 343
chair 0.0030 72 273 113 398
chair 0.0028 296 244 321 277
chair 0.0027 30 223 126 369
chair 0.0027 75 236 141 320
chair 0.0024 307 251 364 386
chair 0.0024 94 253 118 296
chair 0.0022 118 268 182 369
chair 0.0022 293 291 360 424
chair 0.0022 127 251 190 339
chair 0.0021 169 249 218 306
chair 0.0019 262 244 294 390
chair 0.0018 139 344 229 452
chair 0.0015 213 235 294 320
chair 0.0014 64 242 92 277
chair 0.0013 202 243 274 354
chair 0.0013 47 316 139 430
chair 0.0012 104 241 167 315
chair 0.0011 83 250 108 297
chair 0.0011 158 217 206 267
chair 0.0010 264 228 299 254
chair 0.0010 184 234 227 284
chair 0.0010 251 243 283 275
chair 0.0010 163 243 198 274
chair 0.0010 14 267 77 377
diningtable 0.1438 233 249 325 422
diningtable 0.1217 80 256 239 415
diningtable 0.0097 205 237 293 427
diningtable 0.0077 64 234 309 493
diningtable 0.0036 171 276 315 442
diningtable 0.0010 173 199 429 452
pottedplant 0.0172 176 98 214 190
pottedplant 0.0163 154 109 221 235
pottedplant 0.0097 151 148 174 182
pottedplant 0.0053 137 71 235 280
pottedplant 0.0052 145 136 180 192
pottedplant 0.0051 161 67 221 198
pottedplant 0.0033 209 151 237 184
pottedplant 0.0032 167 123 248 202
pottedplant 0.0030 174 111 241 254
pottedplant 0.0030 158 145 216 276
pottedplant 0.0021 163 129 195 197
pottedplant 0.0015 180 148 208 182
pottedplant 0.0014 170 141 189 187
pottedplant 0.0013 140 146 162 179
pottedplant 0.0012 205 149 242 215
pottedplant 0.0010 191 151 253 253
