bicycle 0.0137 87 232 119 301
bottle 0.0013 454 265 496 355
bus 0.1854 442 208 501 324
bus 0.0045 436 158 515 335
car 0.0443 438 207 506 338
car 0.0040 108 195 137 220
car 0.0015 407 226 486 322
car 0.0012 413 256 448 282
car 0.0012 391 245 442 290
car 0.0010 455 237 487 264
chair 0.0072 91 215 124 288
chair 0.0050 50 247 93 309
chair 0.0042 67 240 103 295
chair 0.0011 428 13 517 246
chair 0.0010 326 169 383 219
person 0.7635 193 200 218 273
person 0.7417 4 207 42 298
person 0.7104 224 226 256 304
person 0.4455 1 210 24 294
person 0.1313 283 274 305 313
person 0.0821 194 228 213 273
person 0.0809 222 209 251 270
person 0.0269 271 275 294 313
person 0.0264 200 197 230 275
person 0.0261 1 227 20 277
person 0.0160 208 203 228 245
person 0.0112 208 230 272 301
person 0.0109 285 188 313 256
person 0.0103 171 200 233 275
person 0.0094 266 253 300 314
person 0.0088 47 240 93 292
person 0.0082 224 210 250 242
person 0.0077 0 172 22 278
person 0.0076 308 192 330 229
person 0.0074 195 202 215 247
person 0.0048 1 207 93 294
person 0.0043 289 203 310 244
person 0.0035 230 253 247 307
person 0.0031 12 228 39 276
person 0.0030 287 194 312 226
person 0.0029 5 191 43 261
person 0.0029 -20 174 75 318
person 0.0023 96 261 116 301
person 0.0023 29 220 69 282
person 0.0022 14 240 36 291
person 0.0019 -7 226 62 301
person 0.0017 2 189 19 228
person 0.0017 264 183 298 264
person 0.0016 13 206 37 240
person 0.0015 -1 151 20 241
person 0.0015 473 43 501 201
person 0.0014 93 245 116 291
person 0.0014 0 201 18 247
person 0.0014 321 193 343 227
person 0.0013 47 198 92 279
person 0.0013 208 196 233 227
person 0.0011 12 216 37 259
person 0.0010 36 238 63 266
person 0.0010 280 224 308 311
pottedplant 0.0374 101 138 142 193
pottedplant 0.0141 82 204 129 271
pottedplant 0.0078 105 182 137 211
pottedplant 0.0073 107 148 137 182
pottedplant 0.0039 71 185 133 291
pottedplant 0.0022 109 159 135 201
pottedplant 0.0020 67 198 104 281
pottedplant 0.0016 91 207 121 239
pottedplant 0.0014 106 205 137 270
pottedplant 0.0011 90 128 156 204
pottedplant 0.0011 92 219 120 255
tvmonitor 0.0016 375 60 509 255
tvmonitor 0.0013 425 33 523 283
