aeroplane 0.0016 452 133 500 190
motorbike 0.5902 146 147 428 287
motorbike 0.3479 84 132 337 262
motorbike 0.1108 170 73 482 312
motorbike 0.0136 81 128 212 261
motorbike 0.0043 18 80 405 252
motorbike 0.0020 227 174 349 259
motorbike 0.0016 272 173 383 259
motorbike 0.0015 151 148 267 240
motorbike 0.0010 194 181 308 254
person 0.0694 222 97 428 295
person 0.0262 215 95 360 240
person 0.0178 248 114 338 203
person 0.0073 470 130 500 193
person 0.0053 105 73 470 260
person 0.0046 268 121 329 173
person 0.0040 317 143 474 284
person 0.0035 121 134 161 186
person 0.0033 115 140 228 200
person 0.0030 281 116 364 214
person 0.0024 102 108 322 237
person 0.0020 344 165 447 230
person 0.0020 267 105 459 233
person 0.0017 476 132 499 238
person 0.0013 121 145 219 244
person 0.0013 92 130 182 204
person 0.0012 304 152 426 227
person 0.0012 435 172 460 199
person 0.0011 163 80 334 207
person 0.0010 245 123 277 174
person 0.0010 196 103 298 180
