bottle 0.0017 60 31 106 74
car 0.0340 -6 25 101 76
dog 0.0036 -7 42 103 82
motorbike 0.6816 44 92 378 338
motorbike 0.0308 110 173 390 312
motorbike 0.0013 237 133 412 297
motorbike 0.0010 75 159 271 327
person 0.7271 131 26 365 291
person 0.0133 447 -3 496 43
person 0.0119 1 32 19 73
person 0.0059 427 0 475 20
person 0.0046 441 1 501 16
person 0.0040 115 90 144 154
person 0.0025 12 45 84 78
person 0.0024 471 0 504 21
person 0.0019 126 45 304 215
person 0.0016 422 -2 478 42
person 0.0016 406 0 460 15
person 0.0016 24 39 71 66
person 0.0014 116 95 140 127
person 0.0013 -9 -2 63 83
person 0.0010 67 37 102 69
pottedplant 0.0017 62 -2 107 44
