bottle 0.0078 13 186 43 259
bottle 0.0047 31 190 63 281
bottle 0.0025 12 173 87 267
bottle 0.0023 17 200 38 243
bottle 0.0016 26 158 65 231
bottle 0.0014 12 192 39 225
bottle 0.0013 36 236 58 271
bottle 0.0010 49 186 87 254
cat 0.0342 81 183 495 361
cat 0.0140 195 208 459 337
cat 0.0129 342 142 464 344
cat 0.0051 165 208 328 339
cat 0.0046 203 224 289 322
cat 0.0013 363 191 450 296
cat 0.0012 208 201 309 299
chair 0.0136 214 131 290 237
chair 0.0076 206 175 306 252
chair 0.0069 413 99 487 211
chair 0.0054 238 112 314 247
chair 0.0046 394 60 491 243
chair 0.0037 0 185 29 259
chair 0.0034 335 80 476 294
chair 0.0024 256 171 303 245
chair 0.0023 6 169 97 264
chair 0.0021 181 140 313 282
chair 0.0015 62 184 102 255
chair 0.0013 439 92 501 230
chair 0.0013 0 199 26 301
chair 0.0012 278 152 310 236
chair 0.0010 155 145 269 224
chair 0.0010 479 159 501 285
diningtable 0.0786 16 213 329 333
diningtable 0.0053 41 219 535 381
diningtable 0.0044 -59 141 329 345
diningtable 0.0017 139 237 439 356
diningtable 0.0015 76 236 268 313
person 0.9362 51 35 126 231
person 0.9269 175 29 263 236
person 0.9178 207 35 292 229
person 0.8456 23 18 100 246
person 0.7906 308 13 441 241
person 0.7669 131 22 205 238
person 0.7553 245 35 327 222
person 0.3140 288 36 373 227
person 0.3104 36 14 64 83
person 0.1033 -1 51 25 192
person 0.0848 -4 23 60 281
person 0.0820 136 30 197 158
person 0.0806 408 10 461 63
person 0.0806 78 23 130 195
person 0.0648 274 33 313 181
person 0.0488 41 12 59 59
person 0.0375 311 19 353 195
person 0.0373 13 49 80 167
person 0.0310 -1 50 32 108
person 0.0305 438 10 502 246
person 0.0300 94 26 187 236
person 0.0278 4 48 42 223
person 0.0272 474 57 500 212
person 0.0213 261 35 303 208
person 0.0197 391 13 490 249
person 0.0196 143 48 182 224
person 0.0190 69 29 125 129
person 0.0190 247 40 311 144
person 0.0189 143 29 188 99
person 0.0155 478 42 500 141
person 0.0148 203 27 273 158
person 0.0122 4 41 42 118
person 0.0110 22 26 88 129
person 0.0095 445 54 497 198
person 0.0087 0 46 25 80
person 0.0084 412 10 475 131
person 0.0077 0 34 54 171
person 0.0077 263 39 304 118
person 0.0074 37 8 60 41
person 0.0071 322 24 346 55
person 0.0062 317 67 348 232
person 0.0060 12 49 39 81
person 0.0059 479 0 501 101
person 0.0058 217 19 253 80
person 0.0053 158 34 197 92
person 0.0045 314 24 348 105
person 0.0038 215 34 259 97
person 0.0036 202 41 295 112
person 0.0036 479 160 501 255
person 0.0034 481 71 500 113
person 0.0028 71 28 108 187
person 0.0026 211 21 237 52
person 0.0026 1 116 107 311
person 0.0025 91 84 121 215
person 0.0024 237 37 277 206
person 0.0023 174 39 257 113
person 0.0022 188 48 214 78
person 0.0022 65 29 109 102
person 0.0021 72 22 106 79
person 0.0021 55 62 79 93
person 0.0021 434 22 503 134
person 0.0019 77 31 101 66
person 0.0018 37 42 59 86
person 0.0017 283 74 315 226
person 0.0017 303 37 339 177
person 0.0017 155 29 178 67
person 0.0016 167 30 191 68
person 0.0016 45 47 84 142
person 0.0015 0 194 28 334
person 0.0015 324 -12 483 169
person 0.0015 142 80 218 219
person 0.0014 292 27 513 287
person 0.0014 14 13 80 85
person 0.0014 -69 5 185 254
person 0.0014 325 69 415 186
person 0.0014 -20 64 37 179
person 0.0014 14 57 37 96
person 0.0014 221 61 262 180
person 0.0013 226 27 249 69
person 0.0013 220 108 298 223
person 0.0012 47 25 80 103
person 0.0011 121 23 379 236
person 0.0011 198 32 243 94
person 0.0011 0 112 19 159
person 0.0010 1 97 98 204
person 0.0010 317 15 349 62
person 0.0010 280 98 450 270
pottedplant 0.0067 480 150 500 238
pottedplant 0.0039 352 -1 403 45
pottedplant 0.0030 354 0 398 19
pottedplant 0.0010 481 170 500 218
sofa 0.0015 110 126 465 360
tvmonitor 0.0075 -1 95 25 235
tvmonitor 0.0052 -1 165 26 249
tvmonitor 0.0018 0 188 21 226
tvmonitor 0.0015 2 155 45 234
