bird 0.6186 313 157 407 321
bird 0.2592 123 127 228 288
bird 0.0051 305 149 370 287
bird 0.0034 311 154 356 208
bird 0.0030 159 116 198 160
bird 0.0022 206 147 523 341
bird 0.0020 16 118 407 311
bird 0.0014 96 171 326 304
bird 0.0014 320 124 478 312
bird 0.0010 149 240 329 292
person 0.0016 1 19 29 139
pottedplant 0.0605 103 117 308 274
pottedplant 0.0259 5 12 185 247
pottedplant 0.0193 -7 126 122 310
pottedplant 0.0190 -8 33 120 229
pottedplant 0.0140 -3 115 199 272
pottedplant 0.0098 17 166 102 269
pottedplant 0.0089 178 153 397 283
pottedplant 0.0088 -1 92 59 224
pottedplant 0.0081 129 110 206 211
pottedplant 0.0081 106 73 231 257
pottedplant 0.0075 65 165 145 225
pottedplant 0.0071 9 105 93 214
pottedplant 0.0059 403 235 508 297
pottedplant 0.0058 386 157 498 331
pottedplant 0.0054 1 71 47 174
pottedplant 0.0048 406 189 484 302
pottedplant 0.0046 -13 59 68 262
pottedplant 0.0043 40 169 149 259
pottedplant 0.0042 88 16 257 185
pottedplant 0.0036 155 116 268 193
pottedplant 0.0034 134 36 289 224
pottedplant 0.0033 56 103 136 214
pottedplant 0.0031 196 145 302 227
pottedplant 0.0029 -15 -2 284 320
pottedplant 0.0029 168 86 256 173
pottedplant 0.0029 443 240 500 291
pottedplant 0.0026 243 146 335 235
pottedplant 0.0026 127 83 220 177
pottedplant 0.0026 0 -18 26 62
pottedplant 0.0026 180 179 318 261
pottedplant 0.0023 120 29 227 112
pottedplant 0.0021 89 109 181 209
pottedplant 0.0018 47 81 141 178
pottedplant 0.0018 152 142 267 237
pottedplant 0.0016 184 207 314 289
pottedplant 0.0016 474 217 499 287
pottedplant 0.0016 53 -15 215 160
pottedplant 0.0016 60 168 112 222
pottedplant 0.0015 80 125 418 305
pottedplant 0.0014 230 173 346 262
pottedplant 0.0014 420 243 485 287
pottedplant 0.0012 202 114 294 205
pottedplant 0.0011 171 76 320 248
pottedplant 0.0011 0 51 29 161
pottedplant 0.0011 78 146 133 214
pottedplant 0.0011 416 251 447 277
pottedplant 0.0010 151 243 348 296
pottedplant 0.0010 202 88 295 171
