bottle 0.0471 189 363 254 496
bottle 0.0058 2 411 66 494
bottle 0.0018 237 182 263 262
bottle 0.0017 200 382 243 477
bottle 0.0014 215 179 233 226
bottle 0.0013 189 367 226 461
bottle 0.0011 208 184 238 256
bottle 0.0011 130 388 244 492
bottle 0.0011 97 318 279 495
bottle 0.0010 311 220 342 297
bus 0.0087 28 -17 290 363
chair 0.0039 5 400 73 506
chair 0.0020 75 396 184 493
chair 0.0019 68 359 148 460
chair 0.0015 -5 286 97 518
chair 0.0014 1 399 144 497
chair 0.0014 6 346 77 463
chair 0.0010 8 297 76 431
diningtable 0.0355 -33 345 350 536
diningtable 0.0099 47 362 267 519
diningtable 0.0079 128 363 358 512
diningtable 0.0057 86 295 403 507
diningtable 0.0042 31 436 171 506
diningtable 0.0029 -13 368 157 515
diningtable 0.0028 133 333 296 477
diningtable 0.0016 41 394 161 488
diningtable 0.0015 12 195 362 532
diningtable 0.0014 13 399 188 552
diningtable 0.0010 120 394 312 555
diningtable 0.0010 159 434 274 504
person 0.0769 232 72 374 344
person 0.0430 9 96 123 399
person 0.0324 286 94 376 480
person 0.0190 151 46 395 453
person 0.0140 325 161 379 489
person 0.0121 -9 105 56 392
person 0.0107 0 124 34 237
person 0.0084 352 240 375 468
person 0.0049 -1 159 88 488
person 0.0046 212 67 337 277
person 0.0043 1 125 42 315
person 0.0041 88 -13 343 359
person 0.0040 0 108 20 331
person 0.0038 353 167 374 388
person 0.0031 -6 71 93 284
person 0.0028 179 85 312 338
person 0.0024 358 117 375 324
person 0.0023 5 129 71 291
person 0.0020 267 99 339 252
person 0.0019 286 68 376 292
person 0.0018 204 156 344 412
person 0.0017 332 200 376 380
person 0.0014 0 108 21 219
person 0.0014 145 49 288 293
person 0.0014 238 199 367 449
person 0.0012 298 103 366 248
person 0.0010 186 23 302 248
pottedplant 0.0060 91 223 153 335
pottedplant 0.0046 98 241 142 319
tvmonitor 0.0013 120 45 255 296
