bottle 0.0020 39 358 94 376
car 0.1024 78 132 421 359
chair 0.0551 133 193 443 359
chair 0.0221 -1 304 173 379
chair 0.0203 313 218 481 377
chair 0.0098 152 273 431 379
chair 0.0073 172 334 400 379
chair 0.0043 146 332 277 379
chair 0.0030 113 293 234 369
chair 0.0029 20 357 74 376
chair 0.0026 190 261 324 330
chair 0.0022 -7 300 67 377
chair 0.0020 151 291 273 373
chair 0.0017 10 332 81 372
chair 0.0017 106 231 318 369
chair 0.0015 2 318 22 361
chair 0.0012 192 299 390 371
chair 0.0011 281 330 452 379
chair 0.0010 53 277 292 375
chair 0.0010 231 266 345 352
chair 0.0010 15 348 195 380
diningtable 0.0381 -32 334 148 377
diningtable 0.0133 37 331 233 378
diningtable 0.0015 0 349 174 379
diningtable 0.0013 26 310 240 406
person 0.0100 -2 325 62 376
person 0.0084 0 306 29 375
person 0.0040 -6 315 105 366
person 0.0024 14 316 74 364
person 0.0019 260 350 411 379
person 0.0015 304 357 366 375
person 0.0014 0 314 25 341
person 0.0010 0 332 22 373
sofa 0.0109 199 163 528 386
sofa 0.0015 199 350 396 379
tvmonitor 0.0549 149 186 352 237
tvmonitor 0.0357 118 169 382 271
tvmonitor 0.0047 149 155 350 215
tvmonitor 0.0029 82 115 417 319
tvmonitor 0.0019 158 133 343 187
tvmonitor 0.0013 149 208 275 273
tvmonitor 0.0011 134 103 366 218
