car 0.3160 -7 15 507 359
car 0.0029 210 15 517 301
car 0.0015 34 -37 465 239
car 0.0014 188 85 390 286
chair 0.0047 -2 23 29 106
chair 0.0034 -6 3 68 84
chair 0.0027 12 21 118 182
chair 0.0021 -3 41 21 145
chair 0.0016 1 30 345 343
chair 0.0016 -1 -7 95 106
chair 0.0011 3 13 45 116
chair 0.0010 56 3 188 38
chair 0.0010 -6 24 66 132
person 0.0017 -21 -10 291 327
sofa 0.0142 8 -6 339 323
sofa 0.0013 44 32 226 223
tvmonitor 0.0150 16 27 97 118
tvmonitor 0.0133 33 27 141 108
tvmonitor 0.0064 31 -2 156 39
tvmonitor 0.0058 38 -1 95 19
tvmonitor 0.0051 259 3 470 149
tvmonitor 0.0050 42 8 144 74
tvmonitor 0.0045 19 -2 75 16
tvmonitor 0.0045 32 0 102 36
tvmonitor 0.0041 11 4 96 87
tvmonitor 0.0039 0 -9 131 27
tvmonitor 0.0035 197 2 237 65
tvmonitor 0.0030 12 16 176 186
tvmonitor 0.0027 2 1 89 43
tvmonitor 0.0020 304 27 427 110
tvmonitor 0.0018 13 -7 81 23
tvmonitor 0.0014 347 25 459 117
tvmonitor 0.0013 210 0 265 46
tvmonitor 0.0012 107 54 317 257
tvmonitor 0.0010 191 -3 306 41
tvmonitor 0.0010 4 0 52 16
