car 0.8663 66 100 433 320
car 0.0123 338 134 409 176
car 0.0055 173 137 401 351
car 0.0053 166 97 408 262
car 0.0044 316 102 406 186
car 0.0044 347 142 402 168
car 0.0024 34 42 61 71
car 0.0018 49 112 223 307
car 0.0017 108 79 315 227
car 0.0016 100 130 326 354
car 0.0013 156 164 268 256
car 0.0011 320 131 408 225
car 0.0011 330 141 382 169
chair 0.0018 429 133 505 238
chair 0.0012 476 137 500 265
chair 0.0011 447 163 498 239
chair 0.0010 375 136 404 169
person 0.0080 140 114 187 164
person 0.0047 150 119 176 159
person 0.0040 159 110 208 165
person 0.0028 149 134 177 168
person 0.0014 167 118 199 156
person 0.0014 129 136 159 168
person 0.0014 127 103 275 173
person 0.0014 107 98 217 179
person 0.0012 130 120 158 157
pottedplant 0.1630 26 119 75 185
pottedplant 0.0700 11 108 85 196
pottedplant 0.0585 -6 85 65 205
pottedplant 0.0264 20 78 70 166
pottedplant 0.0177 436 124 496 184
pottedplant 0.0099 -5 89 32 153
pottedplant 0.0078 2 86 53 156
pottedplant 0.0055 33 133 64 174
pottedplant 0.0054 432 116 478 163
pottedplant 0.0050 6 45 89 167
pottedplant 0.0043 2 58 102 238
pottedplant 0.0042 439 122 469 158
pottedplant 0.0041 438 137 470 166
pottedplant 0.0038 447 140 490 166
pottedplant 0.0035 435 131 505 217
pottedplant 0.0033 0 102 24 140
pottedplant 0.0031 -22 119 79 221
pottedplant 0.0027 380 115 404 153
pottedplant 0.0023 316 82 408 157
pottedplant 0.0022 -41 86 85 267
pottedplant 0.0021 451 125 491 155
pottedplant 0.0020 44 103 82 173
pottedplant 0.0019 477 121 501 219
pottedplant 0.0019 -2 91 24 216
pottedplant 0.0018 376 105 405 139
pottedplant 0.0017 29 105 63 140
pottedplant 0.0016 371 93 409 152
pottedplant 0.0016 472 90 499 185
pottedplant 0.0015 51 133 78 172
pottedplant 0.0014 29 118 62 158
pottedplant 0.0013 67 109 100 230
pottedplant 0.0013 12 103 44 138
pottedplant 0.0012 480 149 501 189
pottedplant 0.0011 362 122 394 151
pottedplant 0.0011 -50 40 96 191
pottedplant 0.0010 353 95 399 149
pottedplant 0.0010 0 115 20 158
tvmonitor 0.0159 69 3 143 111
tvmonitor 0.0013 79 32 129 110
