bottle 0.0203 0 225 27 338
bottle 0.0166 33 227 60 304
bottle 0.0046 38 263 59 300
bottle 0.0042 38 243 56 290
bottle 0.0026 0 246 19 288
bottle 0.0020 2 231 51 301
bottle 0.0018 6 248 43 341
bottle 0.0013 0 230 18 275
car 0.5511 108 192 467 354
car 0.0737 248 189 470 306
car 0.0297 97 154 242 215
car 0.0174 428 204 464 269
car 0.0111 357 191 467 283
car 0.0096 391 205 471 269
car 0.0095 455 183 493 206
car 0.0073 438 194 460 226
car 0.0043 405 196 465 252
car 0.0040 478 178 498 212
car 0.0035 477 192 500 218
car 0.0030 65 143 267 245
car 0.0030 451 170 496 216
car 0.0020 433 217 474 280
car 0.0017 415 197 456 223
car 0.0016 376 172 500 325
car 0.0015 221 159 506 389
car 0.0013 432 187 464 236
car 0.0010 303 185 428 255
car 0.0010 433 219 464 256
car 0.0010 197 209 380 278
cat 0.0013 212 231 442 368
chair 0.0196 124 260 232 349
chair 0.0178 142 182 369 354
chair 0.0149 436 254 506 344
chair 0.0068 164 273 237 372
chair 0.0063 92 237 252 368
chair 0.0060 474 232 500 357
chair 0.0047 103 236 184 327
chair 0.0044 0 293 28 382
chair 0.0038 5 317 46 384
chair 0.0038 7 278 87 370
chair 0.0031 179 257 256 390
chair 0.0030 6 251 44 369
chair 0.0028 -3 300 137 381
chair 0.0025 376 240 448 349
chair 0.0022 122 228 226 322
chair 0.0021 117 261 166 329
chair 0.0021 14 227 177 375
chair 0.0018 414 229 487 360
chair 0.0018 82 285 185 374
chair 0.0016 194 262 242 357
chair 0.0013 -2 323 100 378
chair 0.0012 447 283 497 363
chair 0.0011 93 242 158 377
chair 0.0011 64 186 105 233
chair 0.0010 123 260 297 385
person 0.1843 9 191 51 280
person 0.0508 28 195 57 274
person 0.0378 2 186 25 289
person 0.0172 337 197 375 220
person 0.0116 0 201 20 244
person 0.0115 302 198 332 224
person 0.0085 11 183 44 239
person 0.0047 1 213 20 261
person 0.0046 318 198 354 223
person 0.0044 16 189 38 227
person 0.0038 47 194 80 247
person 0.0033 -8 168 57 264
person 0.0033 55 200 75 243
person 0.0031 355 195 397 220
person 0.0029 321 190 475 354
person 0.0025 -7 215 67 318
person 0.0025 112 155 255 228
person 0.0021 33 214 57 256
person 0.0019 157 160 262 214
person 0.0018 35 195 61 228
person 0.0016 129 144 240 191
person 0.0016 30 179 64 243
person 0.0015 110 231 143 330
person 0.0015 295 190 338 233
person 0.0013 -17 171 67 378
person 0.0013 355 184 397 207
person 0.0012 109 235 136 265
person 0.0012 302 207 331 235
person 0.0011 170 147 237 183
person 0.0011 16 183 43 209
person 0.0011 374 193 407 220
person 0.0011 330 308 373 372
person 0.0011 8 204 92 288
person 0.0010 314 311 356 368
pottedplant 0.0027 88 164 125 191
pottedplant 0.0018 83 155 132 200
pottedplant 0.0017 70 163 99 192
train 0.0013 92 212 484 391
