bus 0.7238 -2 73 502 300
bus 0.0316 117 100 383 274
bus 0.0301 243 124 481 241
bus 0.0063 396 133 471 228
bus 0.0058 37 102 239 273
bus 0.0045 -11 104 137 273
bus 0.0040 100 4 476 255
bus 0.0022 175 108 552 264
bus 0.0020 300 147 430 223
bus 0.0016 -1 130 26 201
bus 0.0012 -54 71 249 304
bus 0.0010 8 148 108 228
car 0.0388 478 164 501 190
car 0.0048 0 180 26 207
car 0.0039 474 151 502 207
car 0.0010 479 175 499 213
person 0.0068 33 181 60 205
person 0.0060 94 179 119 207
person 0.0042 151 150 174 180
person 0.0036 75 164 98 197
person 0.0028 94 165 118 198
person 0.0025 53 163 78 196
person 0.0024 442 188 459 226
person 0.0017 112 167 139 195
person 0.0013 113 150 134 185
person 0.0013 146 135 178 197
person 0.0010 45 151 84 205
person 0.0010 52 181 78 206
pottedplant 0.0048 0 188 27 258
pottedplant 0.0012 0 250 23 278
