bottle 0.0051 328 61 373 127
bottle 0.0046 -8 21 63 248
bottle 0.0044 314 66 366 151
bottle 0.0014 1 62 57 201
car 0.0042 245 138 410 296
cat 0.1352 1 70 190 303
cat 0.0996 302 57 374 159
cat 0.0738 80 45 206 273
cat 0.0424 117 131 204 224
cat 0.0213 -13 32 282 343
cat 0.0091 96 109 235 257
cat 0.0018 13 159 167 385
cat 0.0016 -7 49 114 273
cat 0.0012 330 59 416 156
cat 0.0012 302 42 414 217
chair 0.0026 -1 85 59 232
chair 0.0016 -10 64 68 302
chair 0.0011 248 92 406 285
dog 0.0013 330 76 373 163
dog 0.0012 159 136 200 191
person 0.0158 -7 48 64 271
person 0.0011 248 46 400 268
tvmonitor 0.0024 248 53 339 151
tvmonitor 0.0019 222 16 355 188
