bicycle 0.6642 175 208 245 359
bicycle 0.0283 189 236 228 356
bicycle 0.0107 154 175 234 382
bicycle 0.0047 205 204 238 352
bird 0.0042 224 383 248 411
bird 0.0017 219 385 250 437
bird 0.0010 214 395 237 427
person 0.9511 176 133 243 371
person 0.1218 183 142 263 301
person 0.0265 168 179 221 330
person 0.0153 191 186 226 334
person 0.0104 205 165 241 315
person 0.0049 209 169 266 334
person 0.0029 238 175 260 265
person 0.0022 109 112 322 388
person 0.0012 164 150 225 272
person 0.0010 219 164 259 277
sheep 0.0099 223 393 247 425
