aeroplane 0.0010 5 -11 493 213
bicycle 0.3825 412 227 498 331
bicycle 0.0206 445 246 495 312
bicycle 0.0144 382 236 481 353
bicycle 0.0099 474 221 499 337
bicycle 0.0026 422 196 527 344
bicycle 0.0022 422 230 478 305
bicycle 0.0013 221 181 266 227
bicycle 0.0012 222 192 261 217
bicycle 0.0011 406 248 452 341
car 0.0198 164 113 204 137
car 0.0106 447 127 496 145
car 0.0083 175 116 225 137
car 0.0080 478 119 498 152
car 0.0062 208 126 274 142
car 0.0037 150 107 288 138
car 0.0031 196 126 245 142
car 0.0028 213 114 269 135
car 0.0028 190 116 252 135
car 0.0023 180 124 221 143
car 0.0021 289 128 348 148
car 0.0014 163 123 204 143
car 0.0013 430 129 476 148
car 0.0012 441 117 500 152
chair 0.0017 353 246 387 314
chair 0.0012 339 238 379 298
person 0.8324 227 164 259 220
person 0.8253 383 194 439 339
person 0.0708 229 170 258 197
person 0.0263 204 164 274 222
person 0.0129 378 174 498 321
person 0.0030 473 180 500 322
person 0.0025 378 170 416 333
person 0.0025 391 267 433 351
person 0.0019 411 227 446 306
person 0.0016 435 190 504 313
person 0.0012 426 202 474 303
person 0.0011 393 178 490 249
person 0.0011 238 171 272 193
person 0.0010 478 143 501 273
person 0.0010 397 247 427 286
train 0.0259 11 56 332 147
train 0.0222 57 103 287 151
train 0.0123 321 112 483 153
train 0.0063 57 73 284 129
train 0.0033 -11 43 211 158
train 0.0030 185 106 317 150
train 0.0010 267 106 389 153
