chair 0.6089 19 171 238 366
chair 0.5147 316 161 394 284
chair 0.4564 390 180 481 293
chair 0.2080 112 159 226 332
chair 0.1447 468 164 500 280
chair 0.0674 299 168 431 306
chair 0.0442 439 170 501 302
chair 0.0229 359 163 455 275
chair 0.0207 -15 231 141 367
chair 0.0193 456 154 494 264
chair 0.0141 294 165 375 264
chair 0.0128 115 161 206 257
chair 0.0112 168 171 234 305
chair 0.0109 409 158 489 264
chair 0.0070 406 174 460 273
chair 0.0068 310 154 359 207
chair 0.0064 410 155 447 176
chair 0.0064 256 141 402 295
chair 0.0061 41 251 130 367
chair 0.0053 288 201 379 285
chair 0.0049 329 163 420 228
chair 0.0047 82 215 257 379
chair 0.0042 132 155 218 228
chair 0.0037 92 154 187 224
chair 0.0036 0 247 25 370
chair 0.0033 137 179 284 364
chair 0.0030 474 200 499 246
chair 0.0028 427 169 476 220
chair 0.0027 -10 155 65 389
chair 0.0027 0 182 23 320
chair 0.0026 138 218 218 328
chair 0.0025 145 168 220 277
chair 0.0024 314 125 495 259
chair 0.0023 75 191 190 294
chair 0.0023 0 244 58 374
chair 0.0022 33 330 157 378
chair 0.0021 38 228 156 318
chair 0.0021 -1 179 58 306
chair 0.0021 162 166 204 251
chair 0.0020 167 226 248 322
chair 0.0020 394 155 442 202
chair 0.0019 161 150 241 242
chair 0.0019 314 155 352 182
chair 0.0019 71 327 199 379
chair 0.0018 19 207 174 273
chair 0.0018 362 183 515 356
chair 0.0018 470 195 500 336
chair 0.0016 453 219 497 340
chair 0.0016 395 167 433 219
chair 0.0016 373 160 416 256
chair 0.0016 71 359 139 375
chair 0.0015 319 122 411 196
chair 0.0015 474 175 499 213
chair 0.0014 394 161 430 256
chair 0.0014 3 256 189 391
chair 0.0014 120 291 225 372
chair 0.0014 397 164 435 190
chair 0.0013 475 106 500 225
chair 0.0013 3 173 100 249
chair 0.0012 174 174 228 244
chair 0.0012 406 162 451 225
chair 0.0012 20 299 113 376
chair 0.0012 0 119 22 211
chair 0.0011 72 290 197 369
chair 0.0011 19 350 191 377
chair 0.0011 351 127 458 192
chair 0.0011 436 180 467 209
chair 0.0010 14 181 179 250
chair 0.0010 395 225 490 315
chair 0.0010 399 177 428 206
chair 0.0010 303 140 339 193
chair 0.0010 462 184 515 288
diningtable 0.1778 -18 160 216 333
diningtable 0.1355 329 156 493 285
diningtable 0.0028 -9 207 278 395
diningtable 0.0016 29 160 393 384
person 0.0078 0 -10 20 53
person 0.0011 474 245 499 373
person 0.0010 15 358 77 375
pottedplant 0.1200 5 147 89 217
pottedplant 0.0245 37 170 87 216
pottedplant 0.0144 -4 139 69 248
pottedplant 0.0118 59 50 206 208
pottedplant 0.0102 83 83 184 178
pottedplant 0.0075 80 58 187 141
pottedplant 0.0071 20 57 77 102
pottedplant 0.0065 124 57 219 147
pottedplant 0.0065 10 26 181 178
pottedplant 0.0061 19 25 75 45
pottedplant 0.0057 -2 32 114 228
pottedplant 0.0054 169 115 255 204
pottedplant 0.0054 129 116 219 206
pottedplant 0.0053 104 70 239 249
pottedplant 0.0051 325 87 382 129
pottedplant 0.0051 90 32 247 180
pottedplant 0.0044 301 79 412 138
pottedplant 0.0042 43 57 145 144
pottedplant 0.0039 89 114 180 204
pottedplant 0.0039 40 59 96 99
pottedplant 0.0038 0 150 57 209
pottedplant 0.0037 39 26 89 44
pottedplant 0.0037 12 19 84 52
pottedplant 0.0037 317 91 411 167
pottedplant 0.0031 220 141 256 166
pottedplant 0.0030 4 29 129 68
pottedplant 0.0028 10 78 98 184
pottedplant 0.0026 313 84 360 107
pottedplant 0.0025 9 68 43 95
pottedplant 0.0023 20 165 108 222
pottedplant 0.0023 293 84 340 103
pottedplant 0.0023 84 70 125 91
pottedplant 0.0022 160 122 204 180
pottedplant 0.0022 165 87 258 174
pottedplant 0.0019 334 94 373 120
pottedplant 0.0018 211 133 263 172
pottedplant 0.0018 6 57 105 141
pottedplant 0.0018 195 124 249 178
pottedplant 0.0018 2 58 48 102
pottedplant 0.0017 128 57 288 207
pottedplant 0.0016 43 88 145 170
pottedplant 0.0015 29 66 67 95
pottedplant 0.0014 81 35 185 109
pottedplant 0.0014 9 33 104 112
pottedplant 0.0014 332 84 376 105
pottedplant 0.0013 346 94 405 149
pottedplant 0.0013 277 71 391 116
pottedplant 0.0011 0 146 25 239
pottedplant 0.0011 16 29 82 72
pottedplant 0.0010 178 123 225 179
pottedplant 0.0010 99 70 148 88
pottedplant 0.0010 62 69 108 89
pottedplant 0.0010 0 176 21 210
pottedplant 0.0010 35 147 97 190
