cat 0.0645 45 111 378 377
cat 0.0065 103 164 169 263
cat 0.0016 240 134 355 200
chair 0.0013 84 89 201 282
dog 0.2640 61 90 438 340
dog 0.0212 177 118 395 312
dog 0.0109 236 99 412 267
dog 0.0039 82 130 347 294
dog 0.0031 275 120 379 198
dog 0.0022 256 142 392 230
dog 0.0014 255 177 398 247
dog 0.0011 207 132 371 188
dog 0.0010 172 150 328 226
person 0.3404 71 6 427 311
person 0.0031 93 153 163 261
person 0.0026 96 94 328 288
person 0.0020 93 29 333 225
person 0.0013 172 43 405 212
tvmonitor 0.0016 475 253 501 285
