bird 0.1523 26 -12 224 160
bird 0.0018 32 15 98 52
bird 0.0014 25 -2 106 69
bird 0.0012 48 28 164 144
dog 0.0010 -12 27 186 173
horse 0.3918 12 12 236 189
horse 0.0765 79 58 246 169
horse 0.0020 70 77 181 176
horse 0.0010 113 74 212 178
person 0.0457 39 -4 248 152
person 0.0333 -14 4 188 169
person 0.0025 236 72 249 136
person 0.0022 237 100 249 174
person 0.0020 227 73 246 135
pottedplant 0.0085 214 11 257 110
pottedplant 0.0040 220 30 251 91
pottedplant 0.0016 161 23 241 125
pottedplant 0.0012 192 2 250 92
