aeroplane 0.0017 249 165 403 210
aeroplane 0.0012 286 138 427 195
aeroplane 0.0010 63 65 436 308
aeroplane 0.0010 151 164 250 254
boat 0.0012 170 113 331 263
car 0.0349 390 186 437 209
car 0.0263 380 178 443 213
car 0.0217 208 179 280 268
car 0.0184 412 186 446 209
car 0.0093 235 186 287 231
car 0.0067 260 194 294 218
car 0.0057 259 186 297 208
car 0.0044 224 192 251 223
car 0.0042 241 193 279 220
car 0.0031 219 179 256 242
car 0.0031 373 183 414 207
car 0.0028 154 169 249 277
car 0.0019 391 195 437 215
car 0.0016 310 185 361 202
car 0.0016 223 185 256 209
car 0.0015 203 156 299 229
car 0.0013 237 171 319 248
car 0.0011 293 185 340 202
car 0.0010 237 183 281 205
chair 0.0043 289 252 345 309
person 0.8338 282 189 318 310
person 0.6971 223 176 259 296
person 0.0701 265 187 333 292
person 0.0392 288 199 352 292
person 0.0382 236 198 280 275
person 0.0182 261 198 301 274
person 0.0108 221 231 251 299
person 0.0107 274 195 312 255
person 0.0064 286 224 310 276
person 0.0037 219 179 295 273
person 0.0033 181 190 252 293
person 0.0031 227 211 252 263
person 0.0028 253 240 341 296
person 0.0026 207 195 244 278
person 0.0020 431 35 509 227
person 0.0017 282 194 309 221
person 0.0017 229 241 246 292
train 0.0013 303 158 444 204
