bus 0.7460 17 206 190 268
bus 0.6104 196 189 374 253
bus 0.0690 74 198 169 273
bus 0.0526 31 201 108 279
bus 0.0130 184 165 338 273
bus 0.0105 78 210 132 264
bus 0.0051 250 194 305 249
bus 0.0048 52 189 198 297
bus 0.0046 312 187 362 231
bus 0.0036 33 188 139 263
bus 0.0032 236 194 285 255
bus 0.0027 274 189 320 256
bus 0.0024 100 207 151 266
bus 0.0017 122 194 161 257
bus 0.0016 166 200 198 247
bus 0.0013 147 198 182 248
bus 0.0010 2 183 131 296
car 0.0187 172 213 195 240
car 0.0140 167 224 196 246
car 0.0047 320 196 357 222
car 0.0032 153 210 177 241
car 0.0022 149 226 178 248
car 0.0016 187 212 213 240
car 0.0015 322 209 350 235
car 0.0015 338 198 366 223
person 0.0091 361 143 386 221
person 0.0039 90 224 122 250
person 0.0015 262 211 295 237
person 0.0014 244 211 274 238
person 0.0010 285 209 312 240
train 0.1404 193 165 447 275
train 0.0174 230 183 408 261
train 0.0148 192 129 538 302
train 0.0013 256 177 373 243
