boat 0.0169 392 1 510 43
boat 0.0030 312 -4 512 41
car 0.0099 399 -2 500 37
car 0.0011 293 0 456 36
cat 0.0293 77 -16 498 265
cat 0.0010 15 190 183 329
dog 0.4656 9 -8 336 311
dog 0.0839 91 5 484 297
dog 0.0669 66 13 283 182
dog 0.0034 103 48 322 253
dog 0.0031 4 145 495 320
dog 0.0019 296 -1 490 38
dog 0.0016 45 47 225 253
dog 0.0016 104 206 398 315
person 0.0171 372 0 417 19
person 0.0073 317 -1 492 36
person 0.0061 346 0 402 17
person 0.0023 -16 35 66 266
person 0.0019 6 2 112 245
person 0.0014 389 0 435 18
