bottle 0.2596 327 260 387 363
bottle 0.0330 91 194 121 262
bottle 0.0293 13 188 40 299
bottle 0.0174 0 182 24 305
bottle 0.0134 339 248 381 321
bottle 0.0097 231 209 265 273
bottle 0.0082 59 244 101 295
bottle 0.0052 88 165 117 237
bottle 0.0048 309 284 335 366
bottle 0.0044 391 188 434 297
bottle 0.0044 92 186 135 244
bottle 0.0041 219 215 249 266
bottle 0.0038 99 201 130 283
bottle 0.0034 302 313 337 361
bottle 0.0033 244 214 284 269
bottle 0.0031 320 240 398 331
bottle 0.0024 385 230 418 310
bottle 0.0022 93 193 114 237
bottle 0.0021 324 261 362 336
bottle 0.0019 92 207 115 249
bottle 0.0016 423 142 445 171
bottle 0.0015 386 131 408 163
bottle 0.0015 0 233 18 279
bottle 0.0012 64 192 139 265
bottle 0.0011 160 133 193 212
bottle 0.0011 47 210 77 273
bottle 0.0011 87 218 116 293
bottle 0.0010 324 290 358 359
bottle 0.0010 52 225 75 260
chair 0.0284 358 167 437 251
chair 0.0231 378 173 464 243
chair 0.0141 452 161 479 244
chair 0.0105 378 199 466 269
chair 0.0078 388 181 443 305
chair 0.0066 384 279 475 359
chair 0.0037 418 163 494 253
chair 0.0037 117 280 224 363
chair 0.0037 434 171 476 230
chair 0.0034 456 183 479 222
chair 0.0030 384 242 461 342
chair 0.0029 432 195 476 261
chair 0.0027 368 180 414 251
chair 0.0025 335 138 421 235
chair 0.0020 311 153 383 262
chair 0.0018 410 179 457 253
chair 0.0017 354 204 396 276
chair 0.0017 367 148 484 272
chair 0.0016 346 163 411 269
chair 0.0016 365 316 485 365
chair 0.0015 264 157 369 250
chair 0.0014 419 269 489 362
chair 0.0014 6 244 96 338
chair 0.0013 335 230 434 296
chair 0.0012 376 150 474 220
chair 0.0012 397 172 440 258
chair 0.0012 429 241 477 298
chair 0.0012 413 161 452 217
chair 0.0012 361 216 476 371
chair 0.0011 -1 216 21 351
diningtable 0.2226 22 207 457 374
diningtable 0.0447 119 221 581 415
diningtable 0.0330 67 230 338 356
diningtable 0.0254 172 252 451 384
diningtable 0.0154 -57 157 315 368
diningtable 0.0091 19 188 240 342
diningtable 0.0075 54 264 280 374
diningtable 0.0059 301 222 471 360
diningtable 0.0036 306 273 398 362
diningtable 0.0035 319 244 387 343
diningtable 0.0027 217 187 410 338
diningtable 0.0025 167 282 313 358
diningtable 0.0022 252 247 366 335
diningtable 0.0022 330 281 439 361
diningtable 0.0020 347 158 483 244
diningtable 0.0017 139 255 268 329
diningtable 0.0017 146 276 334 411
diningtable 0.0015 219 316 335 374
diningtable 0.0014 163 227 317 293
diningtable 0.0014 182 314 299 380
diningtable 0.0013 285 314 416 365
diningtable 0.0013 160 176 318 239
diningtable 0.0012 341 246 428 340
diningtable 0.0012 260 227 367 296
person 0.9671 1 47 160 256
person 0.9364 189 62 374 250
person 0.8744 120 41 194 217
person 0.7583 170 34 252 217
person 0.3670 82 42 177 251
person 0.0171 236 123 378 275
person 0.0093 108 87 128 119
person 0.0068 105 57 178 180
person 0.0067 107 90 172 227
person 0.0050 -12 115 123 297
person 0.0049 142 76 176 214
person 0.0039 -41 75 225 283
person 0.0038 72 33 197 171
person 0.0025 102 73 132 132
person 0.0025 458 188 479 296
person 0.0024 14 64 103 184
person 0.0024 141 93 266 256
person 0.0022 0 102 23 216
person 0.0022 26 97 148 210
person 0.0021 213 103 341 204
person 0.0019 109 76 130 105
person 0.0019 160 52 193 182
person 0.0019 326 93 358 116
person 0.0018 161 137 248 219
person 0.0017 138 148 341 260
person 0.0015 93 46 187 134
person 0.0014 455 288 479 362
person 0.0014 174 53 208 181
person 0.0012 138 64 207 194
person 0.0011 160 55 265 155
person 0.0011 123 31 194 113
person 0.0011 284 88 408 272
person 0.0011 9 143 169 327
person 0.0010 143 89 410 326
person 0.0010 181 76 203 104
pottedplant 0.0109 457 166 478 263
pottedplant 0.0089 323 89 363 148
pottedplant 0.0051 328 121 360 143
pottedplant 0.0022 339 121 372 143
pottedplant 0.0021 437 168 473 263
pottedplant 0.0020 460 192 478 238
pottedplant 0.0016 440 185 470 213
pottedplant 0.0010 458 146 480 173
pottedplant 0.0010 338 88 374 149
pottedplant 0.0010 454 135 482 210
tvmonitor 0.0129 389 223 433 292
