car 0.7612 432 130 504 226
car 0.6284 74 19 424 297
car 0.1126 391 137 444 195
car 0.0455 393 98 507 224
car 0.0140 148 7 351 248
car 0.0128 379 129 489 205
car 0.0095 335 124 456 207
car 0.0051 425 15 509 243
car 0.0035 468 139 502 219
car 0.0032 381 130 447 229
car 0.0030 327 16 483 244
car 0.0026 133 125 365 302
car 0.0016 396 148 436 181
car 0.0016 407 138 454 219
car 0.0014 441 124 501 179
car 0.0011 189 122 309 195
car 0.0011 424 126 479 209
car 0.0010 416 137 448 165
chair 0.0190 65 44 140 167
chair 0.0075 82 230 186 319
chair 0.0048 5 236 108 316
chair 0.0039 120 258 226 340
chair 0.0025 -21 202 136 349
chair 0.0020 56 27 138 118
chair 0.0017 43 232 149 315
chair 0.0015 146 202 354 334
chair 0.0013 84 206 263 338
chair 0.0012 113 234 310 358
chair 0.0011 0 95 22 180
chair 0.0010 0 219 63 341
chair 0.0010 105 59 140 129
chair 0.0010 74 48 131 111
person 0.0054 359 4 460 80
person 0.0013 377 9 450 134
person 0.0011 0 104 27 226
person 0.0011 -1 65 20 181
person 0.0010 348 -2 457 45
train 0.0034 368 4 508 202
tvmonitor 0.0138 148 -16 343 165
tvmonitor 0.0070 395 -1 507 48
tvmonitor 0.0067 168 3 331 70
tvmonitor 0.0029 436 0 500 42
