bicycle 0.0724 277 117 361 312
bicycle 0.0327 259 161 368 263
bicycle 0.0211 469 113 500 232
bicycle 0.0023 319 150 394 272
bicycle 0.0022 182 130 315 306
bicycle 0.0015 238 157 322 265
bicycle 0.0010 220 155 354 328
bicycle 0.0010 211 170 292 268
bottle 0.0166 57 69 78 99
bottle 0.0071 72 69 94 98
bottle 0.0068 58 80 79 108
bottle 0.0035 201 193 237 255
bottle 0.0023 36 117 58 149
bottle 0.0015 460 128 494 242
bottle 0.0013 72 81 96 108
car 0.0034 211 47 236 71
chair 0.0147 -1 81 21 185
chair 0.0051 2 87 49 157
chair 0.0038 7 103 47 190
chair 0.0029 -5 82 60 183
chair 0.0023 338 193 469 338
chair 0.0021 318 144 415 336
chair 0.0021 0 114 18 153
chair 0.0020 324 161 389 285
chair 0.0019 386 189 500 341
chair 0.0018 -2 292 52 335
chair 0.0014 -1 262 92 339
chair 0.0014 81 265 206 336
chair 0.0013 471 156 499 266
chair 0.0013 196 264 284 339
chair 0.0013 0 113 23 230
chair 0.0013 439 253 516 335
chair 0.0013 3 69 50 121
chair 0.0013 0 259 26 343
chair 0.0010 1 231 61 347
chair 0.0010 1 87 17 132
chair 0.0010 29 110 63 157
person 0.9177 25 77 243 308
person 0.8356 385 57 485 327
person 0.3848 344 82 373 136
person 0.3759 286 78 354 256
person 0.1700 168 66 195 98
person 0.1638 379 83 412 131
person 0.1481 469 64 499 176
person 0.1459 281 74 354 168
person 0.1406 240 89 273 151
person 0.1250 205 67 245 148
person 0.1149 274 73 311 145
person 0.0985 459 77 494 140
person 0.0799 419 48 456 116
person 0.0798 204 60 239 109
person 0.0761 258 74 329 163
person 0.0660 165 62 264 265
person 0.0567 246 68 341 268
person 0.0502 312 76 403 310
person 0.0456 385 83 404 112
person 0.0435 210 70 277 167
person 0.0381 186 70 211 99
person 0.0269 150 70 183 95
person 0.0225 162 70 199 119
person 0.0212 192 68 251 177
person 0.0206 267 74 291 145
person 0.0190 317 83 354 158
person 0.0182 216 79 260 138
person 0.0163 350 85 390 132
person 0.0144 296 72 510 314
person 0.0137 248 90 272 123
person 0.0134 363 82 385 113
person 0.0132 -1 48 197 233
person 0.0131 208 59 290 232
person 0.0127 36 136 309 349
person 0.0103 361 124 449 356
person 0.0099 426 51 465 92
person 0.0098 210 58 237 84
person 0.0088 392 77 481 163
person 0.0085 21 207 252 324
person 0.0084 426 90 516 295
person 0.0082 166 78 195 107
person 0.0077 347 81 368 116
person 0.0076 457 82 495 211
person 0.0073 270 97 319 170
person 0.0073 339 77 372 188
person 0.0073 360 89 385 125
person 0.0069 73 51 269 236
person 0.0067 165 62 195 85
person 0.0066 294 70 339 148
person 0.0062 302 69 328 98
person 0.0060 268 80 290 114
person 0.0059 245 84 272 109
person 0.0058 263 139 327 256
person 0.0058 241 105 274 186
person 0.0054 83 8 159 108
person 0.0053 189 80 216 108
person 0.0052 324 82 348 109
person 0.0052 283 72 314 98
person 0.0050 461 89 486 125
person 0.0049 283 78 305 112
person 0.0049 382 99 406 137
person 0.0048 327 90 349 125
person 0.0042 424 51 448 90
person 0.0041 391 81 426 136
person 0.0041 303 80 328 108
person 0.0041 182 72 222 119
person 0.0041 473 51 498 117
person 0.0040 246 100 271 138
person 0.0039 362 76 421 162
person 0.0039 478 68 498 101
person 0.0039 261 96 341 198
person 0.0038 137 96 288 338
person 0.0038 224 80 252 110
person 0.0038 398 91 421 125
person 0.0037 257 98 294 169
person 0.0037 399 83 422 108
person 0.0036 379 90 442 195
person 0.0032 182 104 253 227
person 0.0032 259 117 295 201
person 0.0032 443 74 498 167
person 0.0031 0 74 123 259
person 0.0031 224 88 289 154
person 0.0030 470 122 499 248
person 0.0030 321 83 388 135
person 0.0030 477 56 499 87
person 0.0029 270 101 291 137
person 0.0029 474 79 499 113
person 0.0028 282 89 307 125
person 0.0028 318 119 391 227
person 0.0026 345 99 366 140
person 0.0026 366 69 462 224
person 0.0026 372 130 440 253
person 0.0026 0 49 20 143
person 0.0025 420 48 446 72
person 0.0024 337 84 411 154
person 0.0023 458 83 490 111
person 0.0023 377 86 412 182
person 0.0023 396 136 477 251
person 0.0022 376 51 492 187
person 0.0022 -29 86 67 300
person 0.0022 322 98 393 186
person 0.0021 321 102 355 219
person 0.0021 215 61 253 110
person 0.0021 166 61 257 124
person 0.0020 187 60 216 87
person 0.0019 221 90 262 205
person 0.0018 431 75 472 143
person 0.0018 0 203 22 321
person 0.0018 301 61 327 82
person 0.0017 155 79 177 110
person 0.0017 317 136 350 236
person 0.0017 224 69 248 98
person 0.0016 227 92 253 123
person 0.0016 251 114 271 150
person 0.0016 241 75 276 120
person 0.0015 150 66 182 126
person 0.0015 241 110 314 210
person 0.0014 413 76 459 142
person 0.0014 50 20 215 161
person 0.0012 98 -5 152 69
person 0.0012 152 60 179 86
person 0.0012 292 106 344 189
person 0.0011 -19 159 134 327
person 0.0011 268 72 291 98
person 0.0011 277 63 375 124
person 0.0011 437 65 460 98
person 0.0010 443 166 505 272
person 0.0010 244 60 331 125
person 0.0010 381 71 406 101
pottedplant 0.0017 435 227 503 328
pottedplant 0.0015 322 125 387 247
