bottle 0.0030 280 43 349 90
bottle 0.0010 309 37 357 93
car 0.0103 -2 10 113 70
motorbike 0.6485 5 -5 416 380
motorbike 0.0876 42 153 379 391
motorbike 0.0366 175 8 477 366
motorbike 0.0048 106 66 316 310
motorbike 0.0018 194 92 383 339
motorbike 0.0015 92 235 329 365
person 0.3068 305 23 500 351
person 0.0385 90 4 332 145
person 0.0207 365 0 501 259
person 0.0119 276 32 371 111
person 0.0104 151 -2 267 39
person 0.0102 429 47 519 329
person 0.0067 57 -2 208 41
person 0.0063 384 121 504 365
person 0.0057 14 -2 251 101
person 0.0055 32 0 389 203
person 0.0039 332 123 466 365
person 0.0039 200 0 373 150
person 0.0031 14 4 175 75
person 0.0029 291 -1 438 147
person 0.0029 296 45 370 154
person 0.0029 329 -4 419 78
person 0.0028 355 3 432 125
person 0.0027 123 7 298 84
person 0.0026 320 22 409 120
person 0.0025 310 21 441 239
person 0.0023 365 1 423 17
person 0.0022 230 2 348 79
person 0.0022 184 1 333 44
person 0.0022 349 4 390 122
person 0.0021 271 5 383 85
person 0.0019 150 -17 501 278
person 0.0019 269 18 389 187
person 0.0018 233 25 344 108
person 0.0017 357 84 385 188
person 0.0016 271 -5 381 42
person 0.0014 244 89 328 168
person 0.0013 348 -5 456 41
person 0.0013 476 -13 501 113
person 0.0013 352 49 392 167
person 0.0012 151 -10 347 109
person 0.0011 472 60 499 127
person 0.0011 193 -1 250 42
