aeroplane 0.0342 324 21 500 171
aeroplane 0.0129 387 47 484 150
aeroplane 0.0071 211 -17 516 219
aeroplane 0.0031 335 80 493 137
aeroplane 0.0027 357 87 462 166
bird 0.0027 102 55 140 99
boat 0.1757 14 105 485 327
boat 0.1089 32 21 467 236
boat 0.0804 146 -49 506 193
boat 0.0650 107 20 394 177
boat 0.0479 0 143 48 216
boat 0.0356 89 179 487 366
boat 0.0329 321 -2 496 158
boat 0.0321 68 153 108 233
boat 0.0282 68 128 112 175
boat 0.0263 110 165 215 251
boat 0.0211 75 153 178 231
boat 0.0150 106 134 240 189
boat 0.0144 4 101 55 144
boat 0.0138 -20 124 58 198
boat 0.0130 86 19 260 183
boat 0.0114 79 186 190 247
boat 0.0104 5 126 52 145
boat 0.0087 135 114 360 260
boat 0.0085 12 112 48 140
boat 0.0083 183 184 311 243
boat 0.0079 80 127 191 192
boat 0.0078 65 97 282 219
boat 0.0076 114 34 228 110
boat 0.0071 116 94 228 169
boat 0.0071 60 102 151 171
boat 0.0063 114 1 308 143
boat 0.0061 61 110 117 165
boat 0.0059 193 40 459 215
boat 0.0051 55 125 206 246
boat 0.0051 7 178 43 209
boat 0.0048 148 151 269 229
boat 0.0046 124 123 164 149
boat 0.0046 61 126 147 197
boat 0.0045 390 19 491 124
boat 0.0044 161 155 416 335
boat 0.0043 115 115 173 156
boat 0.0043 105 143 183 215
boat 0.0040 33 110 65 140
boat 0.0039 -2 112 27 138
boat 0.0039 190 152 307 228
boat 0.0039 187 125 314 186
boat 0.0038 382 86 488 161
boat 0.0037 262 128 392 185
boat 0.0034 153 35 269 113
boat 0.0034 25 102 73 143
boat 0.0034 82 34 186 110
boat 0.0032 -3 169 33 214
boat 0.0031 73 176 100 213
boat 0.0028 117 125 168 176
boat 0.0027 181 125 220 149
boat 0.0026 50 50 217 210
boat 0.0025 83 133 122 226
boat 0.0025 -14 94 71 148
boat 0.0024 81 59 189 137
boat 0.0024 -11 160 67 224
boat 0.0023 375 45 491 197
boat 0.0023 260 10 295 120
boat 0.0023 115 63 229 138
boat 0.0023 81 153 266 281
boat 0.0023 151 126 265 194
boat 0.0023 26 123 64 145
boat 0.0022 48 228 82 251
boat 0.0022 192 -39 383 127
boat 0.0021 85 176 337 312
boat 0.0021 64 141 138 237
boat 0.0020 52 122 79 150
boat 0.0020 -2 117 59 154
boat 0.0019 63 1 210 143
boat 0.0019 198 139 245 190
boat 0.0018 55 176 145 250
boat 0.0018 84 123 122 147
boat 0.0017 11 163 41 197
boat 0.0017 69 93 179 152
boat 0.0017 101 109 154 164
boat 0.0017 112 53 312 204
boat 0.0016 66 125 108 150
boat 0.0016 50 151 87 267
boat 0.0016 8 150 94 225
boat 0.0015 0 164 24 200
boat 0.0015 127 135 159 165
boat 0.0014 212 116 267 185
boat 0.0014 108 59 135 96
boat 0.0014 260 7 335 123
boat 0.0013 222 178 356 250
boat 0.0013 72 56 139 163
boat 0.0013 57 136 83 168
boat 0.0013 197 116 455 248
boat 0.0013 0 118 27 211
boat 0.0013 7 122 92 197
boat 0.0013 49 109 79 137
boat 0.0013 135 112 191 159
boat 0.0013 144 123 183 149
boat 0.0013 132 166 193 222
boat 0.0012 72 149 103 177
boat 0.0012 191 22 286 135
boat 0.0012 157 99 264 169
boat 0.0011 111 207 231 278
boat 0.0011 225 122 353 196
boat 0.0011 183 211 318 281
boat 0.0011 155 178 210 236
boat 0.0011 174 118 227 154
boat 0.0011 18 110 71 159
boat 0.0010 -5 103 33 143
boat 0.0010 162 123 208 179
boat 0.0010 156 60 263 145
boat 0.0010 314 172 491 321
boat 0.0010 358 -22 519 115
car 0.0452 385 239 487 305
car 0.0212 443 247 501 287
car 0.0016 369 214 502 331
car 0.0016 0 176 27 210
car 0.0015 420 119 482 158
car 0.0012 467 239 502 294
car 0.0010 270 172 325 187
chair 0.0016 346 243 465 313
diningtable 0.0012 94 214 482 387
