bicycle 0.5017 98 83 325 268
bicycle 0.0283 68 125 353 337
bicycle 0.0048 194 127 363 278
bicycle 0.0043 100 63 475 291
bicycle 0.0025 241 126 320 227
bicycle 0.0023 135 165 288 245
bottle 0.0019 157 204 207 247
chair 0.0031 233 148 335 251
chair 0.0016 227 228 349 294
chair 0.0011 228 256 350 326
diningtable 0.0063 -2 214 424 358
diningtable 0.0050 79 232 342 343
diningtable 0.0018 142 252 280 327
person 0.8766 116 28 288 274
person 0.0283 89 15 410 285
person 0.0014 148 99 269 199
person 0.0012 168 31 330 216
