chair 0.0178 17 232 330 364
chair 0.0163 19 216 178 383
chair 0.0034 473 265 500 383
chair 0.0033 396 303 506 373
chair 0.0024 34 291 155 366
chair 0.0023 161 227 414 372
chair 0.0021 440 284 516 376
chair 0.0019 41 256 150 348
chair 0.0016 98 296 249 360
chair 0.0016 450 321 498 380
chair 0.0012 237 1 286 42
diningtable 0.0145 216 275 512 386
diningtable 0.0025 300 308 486 369
diningtable 0.0021 102 206 550 396
diningtable 0.0010 250 297 404 369
pottedplant 0.2549 354 6 466 264
pottedplant 0.1189 348 5 440 94
pottedplant 0.0375 396 93 439 150
pottedplant 0.0322 353 -7 448 158
pottedplant 0.0123 370 37 421 120
pottedplant 0.0082 358 32 395 97
pottedplant 0.0081 371 69 446 192
pottedplant 0.0073 332 26 410 116
pottedplant 0.0073 402 104 428 137
pottedplant 0.0072 272 9 535 307
pottedplant 0.0069 409 80 446 138
pottedplant 0.0057 401 90 430 125
pottedplant 0.0049 389 26 430 105
pottedplant 0.0044 354 12 404 60
pottedplant 0.0032 366 11 416 90
pottedplant 0.0023 388 59 434 128
pottedplant 0.0020 417 91 440 129
pottedplant 0.0017 395 79 467 166
pottedplant 0.0013 415 103 443 138
pottedplant 0.0012 313 -27 430 116
pottedplant 0.0011 333 5 419 69
pottedplant 0.0010 374 83 495 287
pottedplant 0.0010 365 174 461 259
pottedplant 0.0010 360 21 393 51
sofa 0.3260 28 177 393 369
sofa 0.0151 160 169 341 328
sofa 0.0033 18 201 253 349
tvmonitor 0.0015 390 176 469 272
