bottle 0.0075 202 173 287 475
bottle 0.0053 316 112 333 328
bottle 0.0032 314 234 334 324
bottle 0.0019 297 122 330 240
bottle 0.0016 196 229 247 352
chair 0.0888 22 184 156 470
chair 0.0223 67 227 216 421
chair 0.0148 107 164 226 348
chair 0.0114 7 128 121 375
chair 0.0106 45 151 146 210
chair 0.0092 40 163 190 354
chair 0.0063 139 165 202 254
chair 0.0062 131 194 201 318
chair 0.0053 92 150 126 175
chair 0.0042 33 258 94 401
chair 0.0042 96 270 184 383
chair 0.0037 72 205 158 299
chair 0.0032 82 217 144 361
chair 0.0027 81 160 147 258
chair 0.0026 33 163 133 231
chair 0.0025 80 127 150 219
chair 0.0025 23 150 104 249
chair 0.0024 53 200 126 301
chair 0.0023 33 102 141 324
chair 0.0020 33 181 93 314
chair 0.0019 88 143 131 186
chair 0.0019 104 206 179 304
chair 0.0019 54 236 128 351
chair 0.0014 315 221 333 366
chair 0.0014 -7 211 89 440
chair 0.0013 99 148 142 209
chair 0.0011 196 233 295 484
chair 0.0010 104 166 177 260
chair 0.0010 54 267 120 391
chair 0.0010 248 187 337 464
chair 0.0010 7 184 69 310
diningtable 0.0322 1 153 177 498
diningtable 0.0049 30 180 301 469
diningtable 0.0049 -15 108 246 390
person 0.3776 194 54 300 441
person 0.2135 295 42 332 238
person 0.2059 299 58 333 156
person 0.0340 293 45 337 376
person 0.0245 161 48 275 369
person 0.0224 120 108 314 468
person 0.0150 265 89 290 161
person 0.0112 312 67 333 182
person 0.0109 317 96 333 307
person 0.0091 173 141 267 438
person 0.0069 266 93 284 128
person 0.0045 249 49 334 380
person 0.0042 317 44 332 89
person 0.0038 272 73 331 217
person 0.0035 202 174 330 477
person 0.0029 158 81 223 182
person 0.0026 159 150 216 258
person 0.0026 312 32 333 107
person 0.0025 316 75 332 131
person 0.0023 317 26 331 74
person 0.0022 298 0 330 140
person 0.0022 150 94 233 332
person 0.0015 288 -11 343 215
person 0.0014 303 80 325 130
person 0.0012 274 30 323 160
person 0.0011 292 106 332 296
person 0.0010 273 87 300 161
person 0.0010 61 431 83 467
person 0.0010 168 45 221 149
pottedplant 0.0030 192 -2 227 54
pottedplant 0.0015 107 150 132 181
pottedplant 0.0010 200 2 221 48
tvmonitor 0.0080 0 138 128 206
tvmonitor 0.0033 14 106 113 167
tvmonitor 0.0020 -1 99 131 254
tvmonitor 0.0015 144 162 202 239
tvmonitor 0.0013 -1 8 65 129
