aeroplane 0.6769 59 25 517 233
aeroplane 0.0476 -29 60 376 255
aeroplane 0.0095 127 89 525 284
aeroplane 0.0042 208 64 445 256
aeroplane 0.0017 129 39 371 223
aeroplane 0.0012 70 113 352 260
bird 0.0042 299 222 377 256
bird 0.0034 294 212 411 257
bird 0.0012 308 227 364 271
chair 0.0015 430 97 480 150
chair 0.0012 367 107 463 196
chair 0.0012 442 106 492 167
person 0.0011 421 80 447 105
pottedplant 0.0066 3 111 42 222
pottedplant 0.0028 -4 149 32 211
pottedplant 0.0021 -8 112 62 207
pottedplant 0.0012 -3 92 29 213
