car 0.0177 133 0 193 14
car 0.0024 176 0 227 14
car 0.0015 97 -8 225 24
person 0.0508 122 -8 155 79
person 0.0478 11 2 83 79
person 0.0119 118 0 172 18
person 0.0073 93 0 177 75
person 0.0026 106 -1 146 18
person 0.0021 44 3 146 82
person 0.0018 20 0 70 16
person 0.0013 16 1 68 45
person 0.0013 112 8 146 88
person 0.0012 78 -3 189 43
person 0.0011 111 -5 148 53
sheep 0.7184 178 72 397 245
sheep 0.7100 70 187 191 350
sheep 0.4771 111 180 209 261
sheep 0.2756 45 217 149 317
sheep 0.2557 17 3 67 70
sheep 0.0896 90 201 193 297
sheep 0.0680 360 85 437 184
sheep 0.0238 157 253 199 307
sheep 0.0224 277 73 449 252
sheep 0.0180 -7 7 67 91
sheep 0.0157 121 222 207 321
sheep 0.0120 372 92 451 156
sheep 0.0103 24 204 106 292
sheep 0.0072 42 220 91 313
sheep 0.0066 230 102 348 214
sheep 0.0063 13 191 115 356
sheep 0.0062 114 191 173 251
sheep 0.0059 176 144 402 275
sheep 0.0048 311 83 423 180
sheep 0.0037 121 14 455 246
sheep 0.0036 93 108 246 271
sheep 0.0035 134 194 194 281
sheep 0.0033 121 198 242 277
sheep 0.0028 117 150 213 233
sheep 0.0026 265 118 390 196
sheep 0.0026 86 156 189 225
sheep 0.0024 270 89 385 173
sheep 0.0024 -13 179 283 367
sheep 0.0022 158 177 264 254
sheep 0.0021 41 198 169 278
sheep 0.0021 58 223 108 309
sheep 0.0021 124 218 167 285
sheep 0.0020 204 84 301 174
sheep 0.0020 45 185 148 253
sheep 0.0018 27 16 63 54
sheep 0.0017 33 230 67 302
sheep 0.0013 5 65 417 308
sheep 0.0013 128 185 194 235
sheep 0.0012 340 91 458 279
sheep 0.0012 164 142 258 235
sheep 0.0011 196 177 302 256
sheep 0.0010 367 106 424 167
sheep 0.0010 270 141 387 229
sheep 0.0010 120 142 302 282
sheep 0.0010 227 177 351 253
sheep 0.0010 313 130 420 239
tvmonitor 0.0183 246 -14 480 98
