bicycle 0.0059 145 310 221 396
bicycle 0.0016 15 195 359 534
chair 0.0015 0 279 21 469
dog 0.4459 133 85 356 412
dog 0.0090 194 126 346 358
dog 0.0056 158 50 331 309
dog 0.0023 239 49 357 302
person 0.7422 26 211 173 452
person 0.6180 154 233 211 402
person 0.0768 0 226 17 443
person 0.0273 129 259 191 397
person 0.0142 7 294 188 498
person 0.0056 111 239 206 421
person 0.0054 108 220 167 337
person 0.0050 131 125 249 372
person 0.0046 112 227 157 294
person 0.0042 193 259 222 373
person 0.0032 53 253 146 402
person 0.0032 148 292 183 379
person 0.0025 178 245 238 390
person 0.0020 131 231 168 291
person 0.0019 -1 249 43 398
person 0.0019 170 237 192 277
person 0.0018 -8 217 91 445
person 0.0018 95 249 167 397
person 0.0017 162 239 199 361
person 0.0016 -23 189 281 465
person 0.0016 357 157 374 323
person 0.0014 163 228 200 293
person 0.0013 9 174 134 405
person 0.0013 158 279 200 390
person 0.0013 137 267 170 367
person 0.0012 20 297 121 432
person 0.0012 246 448 360 509
person 0.0011 155 303 232 406
person 0.0010 151 194 222 313
person 0.0010 5 268 69 388
person 0.0010 61 224 135 353
pottedplant 0.0028 357 208 374 310
pottedplant 0.0018 0 211 15 346
pottedplant 0.0018 333 142 386 287
pottedplant 0.0010 2 226 34 368
pottedplant 0.0010 283 90 377 330
