bottle 0.1123 95 65 183 318
bottle 0.0775 42 100 142 337
bottle 0.0045 5 137 119 342
bottle 0.0037 106 108 171 226
bottle 0.0035 9 74 111 259
bottle 0.0027 85 113 251 322
bottle 0.0017 129 132 200 251
bottle 0.0015 41 52 150 229
bottle 0.0012 104 155 171 278
bottle 0.0012 49 131 123 249
cat 0.0058 259 23 400 257
cat 0.0013 204 -6 449 288
chair 0.0032 38 296 102 330
person 0.1755 259 7 471 324
person 0.0073 26 1 396 331
person 0.0048 256 75 394 307
person 0.0021 476 162 501 284
person 0.0015 323 117 484 315
