bicycle 0.0521 438 172 501 257
bicycle 0.0033 477 176 500 299
bird 0.0907 228 175 297 302
bird 0.0121 13 61 410 312
bird 0.0017 387 67 500 131
bird 0.0010 233 175 289 242
boat 0.0097 478 222 501 312
boat 0.0031 479 250 502 286
car 0.0064 481 262 500 300
car 0.0029 477 245 500 315
car 0.0013 480 277 500 310
cat 0.0024 -72 20 418 296
dog 0.0473 46 53 453 320
dog 0.0046 196 132 327 310
person 0.1703 230 171 297 303
person 0.0060 451 171 498 246
person 0.0045 2 136 24 171
person 0.0037 1 133 27 192
person 0.0034 9 150 40 178
person 0.0014 472 163 499 253
sheep 0.0030 161 88 343 289
