bird 0.0180 314 28 417 232
bird 0.0083 327 68 396 191
bird 0.0017 211 -6 518 265
bird 0.0014 296 84 371 181
cat 0.0074 13 69 486 304
chair 0.0016 427 195 478 247
person 0.0329 18 74 481 358
person 0.0042 104 158 317 330
person 0.0042 205 176 285 251
pottedplant 0.1215 9 81 180 303
pottedplant 0.0158 76 -11 422 270
pottedplant 0.0130 189 33 387 225
pottedplant 0.0118 -4 46 123 273
pottedplant 0.0087 80 146 187 237
pottedplant 0.0065 14 131 95 244
pottedplant 0.0043 45 133 165 227
pottedplant 0.0037 329 31 482 227
pottedplant 0.0029 -28 64 297 309
pottedplant 0.0023 39 175 155 250
pottedplant 0.0016 178 179 226 240
pottedplant 0.0015 197 153 304 230
pottedplant 0.0015 324 105 403 210
pottedplant 0.0014 203 88 296 174
pottedplant 0.0013 -6 132 62 245
pottedplant 0.0012 237 89 339 175
pottedplant 0.0011 295 68 435 248
pottedplant 0.0010 196 120 301 202
pottedplant 0.0010 112 45 311 216
pottedplant 0.0010 154 152 248 238
