bottle 0.0023 276 232 313 301
bottle 0.0021 261 227 303 306
cat 0.0513 261 183 476 366
cat 0.0015 310 228 420 316
chair 0.0030 82 272 341 380
chair 0.0022 376 177 501 366
chair 0.0010 -5 211 122 387
chair 0.0010 403 288 493 372
person 0.6170 35 107 388 382
person 0.0236 318 173 484 379
person 0.0181 112 94 309 335
person 0.0138 79 176 573 370
person 0.0137 130 181 370 367
person 0.0029 207 202 446 343
person 0.0017 -11 112 133 321
person 0.0013 0 337 23 373
person 0.0012 180 133 396 304
tvmonitor 0.0127 -4 141 126 350
tvmonitor 0.0015 10 192 110 298
