aeroplane 0.3645 217 1 438 100
aeroplane 0.0589 331 49 455 86
aeroplane 0.0302 409 60 451 80
aeroplane 0.0206 359 61 427 79
aeroplane 0.0194 228 23 407 83
aeroplane 0.0076 22 -3 400 280
aeroplane 0.0069 163 -1 412 156
aeroplane 0.0056 255 39 298 63
aeroplane 0.0054 339 61 407 77
aeroplane 0.0041 191 7 304 93
aeroplane 0.0035 259 41 393 110
aeroplane 0.0032 335 59 378 77
aeroplane 0.0031 127 2 297 153
aeroplane 0.0030 247 33 305 69
aeroplane 0.0029 155 10 264 88
aeroplane 0.0025 157 252 243 348
aeroplane 0.0024 370 49 494 89
aeroplane 0.0019 324 28 464 80
aeroplane 0.0019 159 32 262 126
aeroplane 0.0018 1 326 49 395
aeroplane 0.0017 400 53 458 85
aeroplane 0.0016 320 57 355 80
aeroplane 0.0015 213 14 346 67
aeroplane 0.0013 246 -3 406 51
aeroplane 0.0013 312 -1 436 80
aeroplane 0.0013 194 -3 303 51
aeroplane 0.0011 244 38 279 64
aeroplane 0.0011 176 17 221 86
aeroplane 0.0010 151 41 347 234
bird 0.5956 246 170 382 306
bird 0.0593 236 184 362 265
bird 0.0543 195 128 380 287
bird 0.0028 219 176 301 283
bird 0.0023 236 198 323 307
bird 0.0017 254 180 299 234
bird 0.0015 267 234 368 304
bird 0.0015 202 163 302 243
bird 0.0014 270 188 323 288
bird 0.0012 162 178 332 337
bird 0.0011 201 215 297 307
bird 0.0010 238 181 278 203
bird 0.0010 289 186 339 290
chair 0.0011 0 341 28 408
person 0.0037 0 315 24 407
