bottle 0.0062 95 13 127 75
car 0.9181 -10 88 194 234
car 0.7908 63 93 436 239
car 0.5661 434 139 507 247
car 0.0768 432 47 508 236
car 0.0684 442 111 502 209
car 0.0587 439 169 500 276
car 0.0370 214 115 437 259
car 0.0098 94 112 337 271
car 0.0057 16 120 168 211
car 0.0055 455 99 497 171
car 0.0047 97 170 140 226
car 0.0043 115 87 312 208
car 0.0036 475 120 499 152
car 0.0028 -1 99 55 142
car 0.0026 470 110 501 159
car 0.0019 168 133 335 199
car 0.0019 390 85 503 254
car 0.0016 146 101 277 174
car 0.0013 216 93 436 199
car 0.0013 73 99 180 182
car 0.0012 65 131 191 204
car 0.0012 9 97 44 121
car 0.0011 310 108 423 175
car 0.0010 360 108 447 178
car 0.0010 13 97 161 146
car 0.0010 3 89 95 155
person 0.0097 0 2 19 111
person 0.0035 277 112 315 153
person 0.0023 71 108 100 135
person 0.0018 103 110 148 129
person 0.0018 86 111 121 135
person 0.0018 148 109 177 135
person 0.0016 244 121 274 145
person 0.0014 301 119 331 148
person 0.0013 227 183 250 217
person 0.0012 50 107 84 134
person 0.0012 221 173 254 223
person 0.0010 0 25 18 63
pottedplant 0.0021 439 63 501 165
pottedplant 0.0018 474 54 499 163
pottedplant 0.0010 426 28 515 204
