car 0.0039 2 206 38 232
car 0.0011 109 201 136 231
chair 0.0014 163 166 199 237
chair 0.0012 6 9 82 94
chair 0.0010 274 348 374 437
cow 0.5566 196 118 303 392
cow 0.0052 206 181 287 320
dog 0.4464 199 127 306 436
dog 0.0016 171 79 376 420
dog 0.0010 213 209 286 366
person 0.0024 125 185 146 226
person 0.0017 0 201 18 240
person 0.0012 52 187 77 223
pottedplant 0.0428 94 0 165 113
pottedplant 0.0383 69 1 139 111
pottedplant 0.0358 339 269 374 365
pottedplant 0.0179 46 0 114 96
pottedplant 0.0170 351 252 375 343
pottedplant 0.0088 58 -10 129 70
pottedplant 0.0084 70 -18 189 145
pottedplant 0.0043 59 6 100 87
pottedplant 0.0040 108 187 136 223
pottedplant 0.0039 104 174 143 227
pottedplant 0.0036 336 219 389 361
pottedplant 0.0035 340 224 374 334
pottedplant 0.0029 344 294 365 341
pottedplant 0.0028 19 205 49 233
pottedplant 0.0028 63 -4 181 62
pottedplant 0.0026 59 43 140 145
pottedplant 0.0024 353 198 375 321
pottedplant 0.0024 112 2 189 94
pottedplant 0.0024 6 -26 138 151
pottedplant 0.0023 352 271 375 401
pottedplant 0.0019 22 190 50 222
pottedplant 0.0018 72 34 115 99
pottedplant 0.0014 118 171 150 233
pottedplant 0.0014 34 3 167 190
pottedplant 0.0013 2 167 39 241
pottedplant 0.0012 113 17 159 79
pottedplant 0.0011 355 273 375 323
pottedplant 0.0010 16 174 56 231
