boat 0.2327 360 3 387 28
boat 0.2214 32 72 92 100
boat 0.1379 185 51 319 256
boat 0.1243 290 6 336 24
boat 0.1208 15 9 88 105
boat 0.1073 38 69 90 86
boat 0.1068 47 22 83 108
boat 0.1066 158 4 197 77
boat 0.1045 33 8 72 98
boat 0.1018 409 -4 446 38
boat 0.0793 368 -1 414 32
boat 0.0706 377 3 408 26
boat 0.0550 345 -2 444 36
boat 0.0467 251 0 381 31
boat 0.0428 229 35 340 225
boat 0.0393 164 55 195 74
boat 0.0369 359 50 421 77
boat 0.0333 145 2 184 57
boat 0.0305 301 67 339 86
boat 0.0266 399 3 430 26
boat 0.0262 272 2 328 28
boat 0.0253 446 -10 492 46
boat 0.0250 369 44 413 63
boat 0.0246 20 51 99 106
boat 0.0233 244 55 319 116
boat 0.0184 475 1 502 55
boat 0.0160 237 44 274 64
boat 0.0154 210 224 365 264
boat 0.0131 112 59 214 104
boat 0.0121 -3 -10 110 89
boat 0.0120 270 47 315 83
boat 0.0117 320 48 428 80
boat 0.0106 342 4 376 26
boat 0.0102 308 68 360 83
boat 0.0101 166 26 194 56
boat 0.0100 129 17 369 242
boat 0.0097 474 30 503 53
boat 0.0093 242 69 314 146
boat 0.0091 125 31 208 92
boat 0.0091 310 58 359 75
boat 0.0088 316 210 353 250
boat 0.0086 360 41 394 64
boat 0.0085 449 32 493 50
boat 0.0081 298 56 339 76
boat 0.0079 444 15 497 65
boat 0.0077 430 -5 476 41
boat 0.0076 280 0 320 18
boat 0.0074 432 -3 504 62
boat 0.0074 228 42 259 63
boat 0.0073 298 30 428 90
boat 0.0073 26 59 78 93
boat 0.0071 348 57 405 73
boat 0.0068 260 227 333 255
boat 0.0066 -2 6 99 53
boat 0.0062 87 29 174 93
boat 0.0062 146 -2 214 63
boat 0.0059 335 34 477 77
boat 0.0057 478 14 500 45
boat 0.0056 277 197 372 255
boat 0.0055 231 196 348 255
boat 0.0054 474 40 503 61
boat 0.0053 261 42 304 132
boat 0.0053 352 34 401 72
boat 0.0052 469 21 506 59
boat 0.0052 355 0 391 58
boat 0.0051 118 81 167 98
boat 0.0050 24 54 167 98
boat 0.0049 126 11 203 70
boat 0.0047 184 -4 334 39
boat 0.0047 444 42 497 60
boat 0.0047 455 18 488 41
boat 0.0045 313 235 358 251
boat 0.0045 306 54 413 103
boat 0.0045 390 -8 493 41
boat 0.0044 192 194 305 257
boat 0.0042 192 247 249 260
boat 0.0041 394 -6 434 22
boat 0.0041 157 49 199 79
boat 0.0041 260 35 300 75
boat 0.0038 193 159 291 243
boat 0.0037 247 112 322 202
boat 0.0037 111 75 172 104
boat 0.0037 336 0 382 31
boat 0.0037 223 139 361 258
boat 0.0036 287 236 345 251
boat 0.0035 20 11 78 47
boat 0.0035 433 24 509 80
boat 0.0035 353 5 458 64
boat 0.0034 267 57 384 104
boat 0.0033 116 91 166 106
boat 0.0032 27 19 70 37
boat 0.0032 309 9 362 25
boat 0.0031 42 3 89 79
boat 0.0031 480 0 499 36
boat 0.0031 46 31 146 92
boat 0.0031 150 15 180 44
boat 0.0031 355 234 394 249
boat 0.0031 333 57 378 74
boat 0.0030 181 17 323 146
boat 0.0029 52 38 82 68
boat 0.0028 206 94 301 170
boat 0.0028 209 235 270 251
boat 0.0028 234 236 282 251
boat 0.0028 52 50 80 82
boat 0.0027 255 158 339 243
boat 0.0026 162 168 264 232
boat 0.0026 124 111 297 244
boat 0.0026 367 2 417 56
boat 0.0025 296 0 334 19
boat 0.0024 52 19 86 37
boat 0.0024 339 -10 487 25
boat 0.0024 323 69 383 84
boat 0.0023 264 42 294 67
boat 0.0023 29 77 71 95
boat 0.0023 204 19 241 36
boat 0.0023 455 4 486 31
boat 0.0023 277 7 376 60
boat 0.0023 252 42 342 90
boat 0.0021 207 246 271 260
boat 0.0021 64 -29 434 195
boat 0.0021 180 227 299 257
boat 0.0021 415 30 447 49
boat 0.0020 12 0 178 119
boat 0.0020 268 244 326 260
boat 0.0019 35 38 63 70
boat 0.0019 161 17 198 43
boat 0.0019 433 19 473 39
boat 0.0019 203 74 301 141
boat 0.0018 261 7 300 23
boat 0.0018 -20 29 70 88
boat 0.0018 390 7 492 62
boat 0.0018 272 176 376 232
boat 0.0018 401 17 432 38
boat 0.0018 247 50 405 210
boat 0.0018 161 173 334 268
boat 0.0018 301 62 363 88
boat 0.0017 137 80 189 96
boat 0.0017 180 178 261 260
boat 0.0016 346 68 403 82
boat 0.0016 -14 -2 72 72
boat 0.0016 275 192 324 244
boat 0.0016 85 1 183 70
boat 0.0015 240 234 355 269
boat 0.0015 166 63 196 85
boat 0.0015 5 -9 128 46
boat 0.0015 370 66 416 83
boat 0.0015 64 19 104 36
boat 0.0015 105 80 147 98
boat 0.0014 222 34 264 69
boat 0.0014 147 29 182 52
boat 0.0014 317 4 411 63
boat 0.0014 417 16 444 41
boat 0.0013 44 -2 90 40
boat 0.0013 281 18 313 36
boat 0.0013 255 0 306 15
boat 0.0013 231 -1 287 11
boat 0.0013 396 8 436 50
boat 0.0012 6 78 110 124
boat 0.0012 309 -19 498 85
boat 0.0012 274 7 450 109
boat 0.0012 107 0 231 119
boat 0.0011 184 19 224 36
boat 0.0011 360 16 388 41
boat 0.0011 273 144 315 245
boat 0.0011 242 3 335 65
boat 0.0011 286 211 345 250
boat 0.0011 256 234 305 250
boat 0.0011 221 18 255 37
boat 0.0011 34 51 64 79
boat 0.0011 391 54 429 72
boat 0.0011 311 0 361 14
boat 0.0010 63 31 106 100
boat 0.0010 235 23 416 138
boat 0.0010 145 38 187 92
boat 0.0010 86 90 127 108
boat 0.0010 359 31 392 53
boat 0.0010 243 166 404 279
boat 0.0010 86 79 128 97
boat 0.0010 198 197 377 294
boat 0.0010 237 7 281 23
boat 0.0010 430 32 475 49
boat 0.0010 131 -15 235 53
person 0.0717 357 -2 387 19
person 0.0259 400 -2 429 20
person 0.0218 375 -1 409 17
person 0.0080 349 -6 397 22
person 0.0061 343 -2 374 19
person 0.0026 413 -1 446 17
person 0.0016 366 -6 416 21
