car 0.0229 18 42 75 57
car 0.0075 405 58 453 74
car 0.0045 5 27 51 50
car 0.0015 22 29 69 49
car 0.0013 134 41 186 58
car 0.0012 -2 24 27 45
car 0.0012 -2 19 61 55
car 0.0011 121 40 169 57
motorbike 0.4781 105 131 397 292
motorbike 0.0946 147 35 427 338
person 0.9525 153 17 332 299
person 0.0429 481 52 499 84
person 0.0048 137 178 156 214
person 0.0040 478 34 502 99
person 0.0027 184 108 311 210
person 0.0026 213 32 349 230
person 0.0012 157 22 283 189
person 0.0011 477 47 500 138
train 0.0055 271 42 384 97
