bottle 0.0011 222 296 250 374
car 0.0598 0 209 35 264
car 0.0098 2 134 34 269
car 0.0059 -1 178 25 261
car 0.0030 -1 215 21 266
car 0.0028 0 132 73 264
car 0.0020 1 156 15 208
car 0.0013 -4 203 78 271
car 0.0013 0 118 19 244
car 0.0013 0 195 20 244
cat 0.0050 331 179 376 264
chair 0.0017 0 126 37 201
chair 0.0010 -4 117 48 230
dog 0.0032 337 159 375 251
horse 0.6724 76 225 247 496
horse 0.0012 101 304 216 422
person 0.6146 117 134 247 445
person 0.0342 93 119 117 203
person 0.0136 281 201 304 240
person 0.0129 76 135 114 229
person 0.0117 102 114 117 176
person 0.0085 47 144 73 224
person 0.0075 129 151 203 246
person 0.0045 27 123 43 167
person 0.0043 330 91 346 129
person 0.0035 328 160 377 257
person 0.0029 11 142 249 512
person 0.0027 2 116 14 172
person 0.0025 73 125 139 237
person 0.0022 64 151 124 250
person 0.0021 112 120 128 170
person 0.0014 35 101 124 229
person 0.0014 82 140 106 184
person 0.0014 282 185 303 227
person 0.0014 53 154 70 213
person 0.0012 109 177 210 310
person 0.0010 39 128 61 163
person 0.0010 108 109 130 185
pottedplant 0.1313 248 167 279 229
pottedplant 0.0309 333 181 377 260
pottedplant 0.0146 253 160 274 209
pottedplant 0.0061 236 162 298 236
pottedplant 0.0038 259 175 302 230
pottedplant 0.0028 232 129 317 223
pottedplant 0.0024 272 198 295 238
pottedplant 0.0017 266 187 296 224
pottedplant 0.0016 277 176 307 235
pottedplant 0.0015 238 152 272 218
pottedplant 0.0014 269 189 300 248
pottedplant 0.0013 222 187 311 251
pottedplant 0.0011 351 169 376 271
pottedplant 0.0010 206 85 342 262
train 0.0452 10 92 186 242
train 0.0342 -3 43 262 302
train 0.0302 52 123 140 224
train 0.0011 -2 74 98 261
train 0.0010 5 116 73 241
