chair 0.6338 236 155 328 233
chair 0.4966 175 157 261 271
chair 0.1707 171 150 264 208
chair 0.1077 349 233 515 378
chair 0.0710 469 197 500 278
chair 0.0445 373 168 406 249
chair 0.0354 391 286 504 377
chair 0.0330 368 209 413 260
chair 0.0286 415 185 454 263
chair 0.0275 454 198 497 306
chair 0.0193 334 264 476 344
chair 0.0175 439 219 504 324
chair 0.0163 467 231 502 297
chair 0.0161 267 177 325 236
chair 0.0158 338 287 470 375
chair 0.0133 404 323 495 380
chair 0.0110 269 237 476 367
chair 0.0106 256 168 333 272
chair 0.0105 410 194 491 279
chair 0.0101 246 153 312 206
chair 0.0090 318 167 358 223
chair 0.0089 361 172 398 243
chair 0.0083 192 143 327 216
chair 0.0081 450 250 500 336
chair 0.0078 442 259 506 304
chair 0.0075 164 133 267 189
chair 0.0066 325 168 400 256
chair 0.0065 399 239 503 293
chair 0.0063 221 155 360 269
chair 0.0062 295 179 333 232
chair 0.0060 188 236 387 369
chair 0.0058 184 154 288 236
chair 0.0046 254 221 343 282
chair 0.0041 400 258 505 331
chair 0.0039 213 180 265 265
chair 0.0039 263 242 384 308
chair 0.0039 359 174 438 261
chair 0.0039 217 163 262 226
chair 0.0038 225 206 420 346
chair 0.0038 424 200 468 272
chair 0.0038 428 217 522 379
chair 0.0037 278 175 376 237
chair 0.0036 198 200 250 271
chair 0.0031 470 252 501 366
chair 0.0030 271 222 359 338
chair 0.0026 171 164 232 221
chair 0.0025 5 185 188 361
chair 0.0024 332 174 375 236
chair 0.0023 229 262 347 339
chair 0.0022 456 198 522 277
chair 0.0021 381 174 405 211
chair 0.0021 444 302 501 374
chair 0.0020 182 200 264 300
chair 0.0019 351 235 460 327
chair 0.0019 457 180 492 268
chair 0.0018 238 134 330 192
chair 0.0018 472 150 500 265
chair 0.0016 157 194 344 351
chair 0.0015 421 243 480 291
chair 0.0015 179 267 316 336
chair 0.0014 328 327 497 374
chair 0.0012 272 207 382 273
chair 0.0011 305 239 427 312
chair 0.0011 475 215 499 262
chair 0.0011 163 176 204 237
chair 0.0010 412 215 453 288
chair 0.0010 154 136 346 251
chair 0.0010 398 182 427 264
chair 0.0010 474 246 500 286
chair 0.0010 332 253 371 336
pottedplant 0.0021 340 150 367 177
pottedplant 0.0018 335 129 372 200
pottedplant 0.0013 337 138 368 163
sofa 0.0016 75 69 500 304
tvmonitor 0.0059 374 126 407 151
tvmonitor 0.0030 371 120 408 183
tvmonitor 0.0026 375 136 407 163
tvmonitor 0.0011 330 155 373 209
