chair 0.0266 388 124 498 294
chair 0.0141 344 129 457 330
chair 0.0065 385 192 496 323
chair 0.0025 471 175 501 233
chair 0.0023 410 184 490 284
chair 0.0023 437 159 504 266
chair 0.0017 427 180 480 230
dog 0.0202 -58 -13 251 286
dog 0.0075 35 30 241 192
dog 0.0021 51 -23 370 248
dog 0.0010 78 -1 265 131
horse 0.4692 353 102 445 315
horse 0.4549 14 -9 254 332
horse 0.0433 321 107 428 272
horse 0.0054 289 100 518 320
horse 0.0037 113 96 221 326
horse 0.0033 364 146 431 269
horse 0.0027 78 16 266 256
horse 0.0012 54 145 204 323
person 0.0013 477 146 499 240
person 0.0012 332 128 416 242
person 0.0010 335 92 458 241
tvmonitor 0.0017 405 254 497 327
