car 0.0104 432 139 471 158
car 0.0059 410 140 450 158
car 0.0056 402 137 429 159
car 0.0055 457 135 482 162
car 0.0033 434 127 468 148
chair 0.0046 81 173 245 243
chair 0.0034 223 113 342 197
chair 0.0029 185 172 328 220
chair 0.0028 126 181 295 248
chair 0.0027 175 179 398 313
chair 0.0024 200 126 303 193
chair 0.0024 144 202 279 288
chair 0.0020 245 179 311 214
chair 0.0019 46 148 223 283
chair 0.0013 186 233 312 302
chair 0.0012 405 123 426 154
chair 0.0012 253 185 303 207
chair 0.0012 148 167 251 221
chair 0.0011 188 171 253 215
chair 0.0010 121 204 224 279
pottedplant 0.0046 436 113 471 135
pottedplant 0.0018 413 127 446 150
pottedplant 0.0014 414 112 446 140
sofa 0.0578 128 184 371 302
sofa 0.0075 127 117 370 257
sofa 0.0075 187 93 381 219
sofa 0.0030 60 125 438 306
sofa 0.0016 158 152 342 211
sofa 0.0014 60 153 287 279
tvmonitor 0.0836 -1 25 198 173
tvmonitor 0.0051 39 60 154 143
tvmonitor 0.0035 71 162 197 228
tvmonitor 0.0022 33 90 158 171
tvmonitor 0.0014 26 142 182 190
tvmonitor 0.0013 314 49 396 165
tvmonitor 0.0011 231 47 422 210
tvmonitor 0.0010 -7 42 129 212
