bottle 0.0015 37 448 52 498
bottle 0.0011 103 167 140 275
car 0.0031 235 94 260 124
chair 0.0042 0 341 17 486
chair 0.0039 -8 260 46 542
chair 0.0034 -1 123 13 280
chair 0.0022 1 375 60 500
chair 0.0014 -2 317 39 495
person 0.9236 7 14 171 485
person 0.9206 245 124 334 310
person 0.8276 197 154 294 412
person 0.5388 129 144 246 422
person 0.4756 185 110 241 210
person 0.1022 173 88 225 207
person 0.0992 256 113 317 253
person 0.0967 112 190 322 461
person 0.0719 313 93 332 271
person 0.0688 318 64 334 223
person 0.0318 294 48 332 218
person 0.0295 263 191 334 322
person 0.0245 24 40 152 304
person 0.0189 0 162 14 317
person 0.0186 134 169 166 236
person 0.0154 212 175 268 334
person 0.0146 316 23 331 187
person 0.0139 265 73 324 201
person 0.0131 304 118 330 251
person 0.0119 292 131 331 311
person 0.0100 234 107 262 137
person 0.0094 57 144 170 434
person 0.0086 181 122 221 196
person 0.0078 195 115 292 306
person 0.0074 251 148 304 292
person 0.0074 140 100 232 194
person 0.0066 192 102 229 156
person 0.0054 251 45 332 238
person 0.0053 -4 86 85 413
person 0.0052 -8 173 44 480
person 0.0051 240 101 298 184
person 0.0049 175 104 259 248
person 0.0048 0 181 16 412
person 0.0047 317 129 333 347
person 0.0043 206 124 279 221
person 0.0042 320 43 332 95
person 0.0041 288 54 343 291
person 0.0039 0 191 128 459
person 0.0037 223 112 253 138
person 0.0034 279 113 323 169
person 0.0034 242 218 303 365
person 0.0033 207 107 277 172
person 0.0032 100 150 166 257
person 0.0030 87 192 194 455
person 0.0029 134 273 248 383
person 0.0028 155 55 239 224
person 0.0027 200 118 246 171
person 0.0025 288 36 336 143
person 0.0024 187 101 259 155
person 0.0022 99 142 144 302
person 0.0020 37 178 244 472
person 0.0020 215 222 325 415
person 0.0020 -15 192 194 534
person 0.0019 154 179 223 325
person 0.0019 287 110 311 144
person 0.0018 186 96 350 403
person 0.0018 284 126 315 200
person 0.0017 135 127 198 223
person 0.0016 276 112 302 140
person 0.0016 138 176 159 223
person 0.0015 260 131 291 271
person 0.0015 318 23 332 114
person 0.0015 58 92 274 409
person 0.0015 99 120 182 386
person 0.0014 116 166 152 241
person 0.0013 -1 55 13 232
person 0.0013 122 258 262 474
person 0.0013 257 123 293 205
person 0.0012 318 129 333 193
person 0.0012 130 161 199 273
person 0.0012 1 225 11 289
person 0.0012 162 132 234 231
person 0.0011 -54 0 132 423
person 0.0011 228 110 265 173
person 0.0011 226 97 251 123
person 0.0010 185 157 249 250
person 0.0010 113 125 222 315
person 0.0010 -1 244 40 414
person 0.0010 286 124 315 158
