aeroplane 0.0011 220 232 415 252
bird 0.0012 292 31 339 74
car 0.0269 265 225 466 248
car 0.0149 226 229 429 252
cat 0.5280 200 25 453 146
cat 0.1313 27 31 238 146
cat 0.0202 1 3 421 169
cat 0.0107 153 21 347 119
cat 0.0036 235 26 338 73
cat 0.0025 192 41 307 96
cat 0.0020 235 36 341 98
cat 0.0020 200 30 529 218
cat 0.0014 274 33 382 97
cat 0.0012 277 25 352 80
cat 0.0010 -35 16 229 233
chair 0.0180 319 225 486 251
chair 0.0094 388 222 500 251
chair 0.0088 286 234 463 251
chair 0.0060 349 233 517 251
chair 0.0059 397 239 466 249
chair 0.0029 338 239 410 249
person 0.0031 -20 41 290 246
person 0.0011 -9 75 127 213
pottedplant 0.0035 220 29 265 77
pottedplant 0.0011 345 25 401 57
pottedplant 0.0011 115 35 169 67
train 0.0114 239 232 434 252
