bottle 0.0113 432 19 514 244
bottle 0.0109 270 178 363 364
bottle 0.0075 393 0 500 266
bottle 0.0074 195 133 300 354
bottle 0.0042 283 215 352 333
chair 0.0147 119 332 226 380
chair 0.0090 371 163 502 386
chair 0.0053 275 139 367 355
chair 0.0036 124 348 200 378
chair 0.0034 81 333 186 379
chair 0.0025 68 350 217 377
chair 0.0023 105 284 136 367
chair 0.0023 80 297 188 371
chair 0.0018 151 332 201 375
chair 0.0013 149 358 212 375
chair 0.0011 107 358 183 375
chair 0.0011 285 189 358 309
dog 0.1069 122 -44 454 361
dog 0.0013 202 22 378 292
horse 0.1286 160 -1 492 375
horse 0.0010 227 54 427 319
person 0.4393 134 -19 442 393
person 0.0212 183 18 321 354
person 0.0035 155 35 270 340
person 0.0032 8 20 338 354
pottedplant 0.0441 8 45 115 330
pottedplant 0.0091 27 158 101 275
pottedplant 0.0052 44 86 132 345
pottedplant 0.0042 -58 115 97 317
pottedplant 0.0038 -23 158 139 334
pottedplant 0.0022 55 149 118 283
pottedplant 0.0016 0 148 96 241
pottedplant 0.0016 -27 171 65 261
pottedplant 0.0016 -54 -1 169 376
pottedplant 0.0014 84 161 121 258
pottedplant 0.0010 8 200 107 291
pottedplant 0.0010 22 193 72 251
pottedplant 0.0010 42 175 87 243
tvmonitor 0.0530 436 46 511 266
tvmonitor 0.0021 443 62 498 211
tvmonitor 0.0018 400 103 496 212
tvmonitor 0.0013 376 68 504 297
