aeroplane 0.0599 55 143 406 378
aeroplane 0.0023 172 164 350 358
boat 0.0301 140 40 262 235
boat 0.0288 171 118 226 220
boat 0.0281 115 43 228 291
boat 0.0194 55 19 344 381
boat 0.0053 164 96 237 186
boat 0.0028 141 117 206 223
boat 0.0027 131 88 205 191
boat 0.0021 93 25 243 196
boat 0.0011 112 214 286 366
boat 0.0011 169 149 232 252
boat 0.0010 155 76 305 262
bottle 0.0031 285 346 310 404
bottle 0.0017 289 343 306 382
bottle 0.0013 281 380 317 400
person 0.0039 44 33 293 366
person 0.0013 304 42 330 68
