person 0.8029 311 49 398 274
person 0.6387 65 65 205 370
person 0.2849 15 19 253 356
person 0.0919 275 54 377 313
person 0.0881 64 32 189 239
person 0.0544 348 64 447 307
person 0.0222 105 20 227 300
person 0.0157 9 58 99 316
person 0.0139 380 81 411 190
person 0.0134 317 44 395 173
person 0.0090 417 164 449 226
person 0.0081 212 67 364 250
person 0.0070 373 101 444 213
person 0.0070 355 97 397 205
person 0.0062 173 20 402 354
person 0.0062 376 113 407 274
person 0.0058 394 58 479 263
person 0.0055 9 148 186 344
person 0.0050 146 76 274 296
person 0.0050 390 94 428 236
person 0.0046 404 98 467 217
person 0.0044 208 54 291 152
person 0.0044 321 80 388 223
person 0.0036 16 57 87 147
person 0.0034 251 51 295 103
person 0.0031 194 38 305 279
person 0.0030 160 31 260 233
person 0.0027 423 173 444 216
person 0.0027 431 144 462 215
person 0.0027 253 35 476 338
person 0.0027 362 116 394 273
person 0.0026 386 88 405 126
person 0.0025 393 71 426 146
person 0.0025 344 105 404 253
person 0.0024 324 40 357 119
person 0.0024 -1 99 21 259
person 0.0019 296 72 375 187
person 0.0019 -1 29 23 185
person 0.0017 352 63 394 152
person 0.0016 62 -1 110 15
person 0.0015 384 114 498 314
person 0.0015 241 38 284 96
person 0.0013 383 78 409 109
person 0.0013 334 51 373 134
person 0.0012 305 6 416 203
person 0.0012 -40 32 76 225
person 0.0012 294 125 366 247
person 0.0012 203 109 235 222
person 0.0012 205 35 294 115
person 0.0011 157 37 262 112
person 0.0011 424 160 446 200
person 0.0011 238 55 326 148
person 0.0011 126 32 216 111
person 0.0011 417 117 454 215
person 0.0010 320 163 390 282
person 0.0010 181 99 252 218
person 0.0010 439 157 458 202
person 0.0010 366 75 422 199
person 0.0010 16 120 87 260
person 0.0010 379 61 414 125
person 0.0010 234 77 321 197
pottedplant 0.0135 411 78 471 186
pottedplant 0.0041 436 123 465 206
pottedplant 0.0019 434 56 466 190
pottedplant 0.0015 101 195 189 310
pottedplant 0.0014 414 71 454 146
pottedplant 0.0010 128 159 209 270
tvmonitor 0.0018 151 65 207 119
