car 0.8096 1 54 498 277
car 0.0495 21 16 401 215
car 0.0065 126 77 374 252
car 0.0053 198 26 529 256
car 0.0032 220 76 433 257
car 0.0030 48 59 229 223
car 0.0019 109 48 389 181
car 0.0014 400 98 486 183
car 0.0013 383 65 500 220
car 0.0011 316 87 481 246
person 0.4314 477 70 500 173
person 0.0968 417 77 443 108
person 0.0913 403 77 428 106
person 0.0420 382 71 405 100
person 0.0389 363 66 385 98
person 0.0119 395 66 430 103
person 0.0062 480 84 500 131
person 0.0043 477 52 499 117
person 0.0035 456 81 491 186
person 0.0034 459 82 524 184
person 0.0033 445 69 504 163
person 0.0030 342 69 372 92
person 0.0025 412 69 448 143
person 0.0024 477 110 500 234
person 0.0023 480 65 499 101
person 0.0019 375 72 412 115
person 0.0017 479 108 500 156
person 0.0010 400 77 432 137
tvmonitor 0.0082 67 -1 198 36
tvmonitor 0.0021 112 2 232 62
tvmonitor 0.0016 71 6 196 67
tvmonitor 0.0010 39 -9 210 23
