bottle 0.0157 166 171 195 270
bottle 0.0031 152 162 179 252
car 0.1752 35 193 140 252
car 0.0223 1 203 124 263
car 0.0155 12 180 160 300
car 0.0035 75 204 131 262
car 0.0021 52 183 155 231
car 0.0013 75 179 190 257
car 0.0013 7 176 125 238
car 0.0010 67 193 105 215
car 0.0010 131 204 166 265
person 0.1072 31 183 69 260
person 0.0683 3 187 42 256
person 0.0362 1 147 28 266
person 0.0207 50 181 77 206
person 0.0200 4 183 90 260
person 0.0175 31 182 67 205
person 0.0096 54 190 78 216
person 0.0091 395 188 429 254
person 0.0072 -4 164 65 250
person 0.0038 37 201 61 239
person 0.0032 1 210 21 255
person 0.0025 16 176 40 207
person 0.0024 0 198 24 298
person 0.0022 144 196 174 272
person 0.0021 6 154 47 233
person 0.0016 154 187 175 223
person 0.0016 1 185 23 227
person 0.0015 402 174 423 207
person 0.0015 13 201 37 243
person 0.0014 151 231 175 268
person 0.0012 132 212 162 285
person 0.0012 47 181 84 230
person 0.0010 401 183 421 227
pottedplant 0.0197 168 201 197 267
pottedplant 0.0050 171 230 195 265
pottedplant 0.0047 179 205 216 265
pottedplant 0.0010 261 198 303 272
train 0.0078 66 13 433 298
train 0.0059 1 156 182 276
train 0.0021 265 131 457 292
