bicycle 0.0018 89 134 163 182
bicycle 0.0013 468 133 501 179
bird 0.0228 223 202 263 222
bird 0.0074 15 213 47 230
bird 0.0045 230 204 281 220
bird 0.0038 223 211 262 230
bird 0.0014 210 195 345 229
bird 0.0012 294 203 332 221
bird 0.0012 26 215 62 232
bird 0.0011 388 227 437 242
boat 0.0052 219 203 337 243
car 0.0047 475 214 500 238
car 0.0020 373 226 414 242
cow 0.1037 456 128 496 168
cow 0.0547 256 129 293 168
cow 0.0058 280 128 322 168
cow 0.0015 432 126 509 168
cow 0.0014 454 119 525 175
horse 0.0191 257 138 292 175
horse 0.0076 297 138 330 174
horse 0.0023 265 126 368 166
horse 0.0020 234 125 326 169
horse 0.0020 88 135 200 182
person 0.4309 306 131 326 162
person 0.4288 109 141 135 174
person 0.4286 133 141 154 173
person 0.2400 96 143 122 172
person 0.1073 262 135 288 163
person 0.0515 251 136 274 162
person 0.0356 303 142 328 169
person 0.0250 126 131 158 168
person 0.0106 103 130 139 169
person 0.0077 92 132 128 167
person 0.0076 287 133 314 164
person 0.0071 248 145 277 168
person 0.0071 213 238 289 315
person 0.0038 247 127 281 169
person 0.0031 303 123 327 151
person 0.0017 149 146 170 175
person 0.0012 296 116 331 157
person 0.0011 62 240 283 337
sheep 0.0409 461 130 488 166
sheep 0.0302 474 129 498 167
sheep 0.0061 162 198 209 218
sheep 0.0030 412 224 454 242
sheep 0.0028 170 188 201 215
sheep 0.0021 408 218 460 236
sheep 0.0017 430 225 470 242
sheep 0.0014 424 218 476 237
