bottle 0.1148 205 307 294 497
bottle 0.1106 222 289 281 439
bottle 0.0818 42 255 109 481
bottle 0.0705 36 318 159 495
bottle 0.0381 274 303 336 429
bottle 0.0242 57 299 146 430
bottle 0.0202 243 283 366 461
bottle 0.0202 240 275 265 431
bottle 0.0125 251 285 282 465
bottle 0.0122 61 268 97 363
bottle 0.0106 88 319 163 423
bottle 0.0101 16 385 135 500
bottle 0.0085 214 224 236 260
bottle 0.0082 -2 312 44 478
bottle 0.0080 221 286 254 382
bottle 0.0074 229 305 310 414
bottle 0.0073 255 269 280 401
bottle 0.0058 196 241 290 422
bottle 0.0055 38 150 114 428
bottle 0.0049 251 290 355 369
bottle 0.0043 212 271 267 399
bottle 0.0042 4 368 70 505
bottle 0.0040 268 292 292 458
bottle 0.0040 250 282 287 350
bottle 0.0038 0 438 140 501
bottle 0.0031 48 224 103 366
bottle 0.0030 119 354 193 460
bottle 0.0030 236 277 266 353
bottle 0.0029 281 312 308 441
bottle 0.0028 32 211 166 443
bottle 0.0028 211 237 233 271
bottle 0.0025 286 321 333 391
bottle 0.0024 -1 370 21 491
bottle 0.0024 240 280 263 319
bottle 0.0022 263 285 293 383
bottle 0.0022 107 319 138 429
bottle 0.0022 117 316 152 435
bottle 0.0022 198 391 292 482
bottle 0.0019 -5 297 92 508
bottle 0.0016 105 322 212 417
bottle 0.0014 288 336 328 447
bottle 0.0014 242 267 286 329
bottle 0.0014 121 306 176 445
bottle 0.0014 62 229 93 330
bottle 0.0013 255 295 281 334
bottle 0.0013 7 305 72 421
bottle 0.0013 252 283 279 317
bottle 0.0012 76 272 241 458
bottle 0.0012 239 265 293 406
bottle 0.0011 199 225 222 261
bottle 0.0010 17 320 47 430
bottle 0.0010 277 328 343 497
bottle 0.0010 58 305 96 407
bottle 0.0010 120 363 152 462
bottle 0.0010 0 374 38 488
bottle 0.0010 72 394 182 489
car 0.1642 189 189 225 217
car 0.0038 -4 357 47 504
car 0.0036 183 185 211 221
car 0.0021 170 176 245 229
car 0.0016 0 402 20 500
car 0.0013 204 187 236 213
chair 0.0118 274 292 380 512
chair 0.0099 286 246 377 329
chair 0.0076 -1 372 46 525
chair 0.0064 293 298 369 417
chair 0.0053 333 312 373 399
chair 0.0040 327 276 378 387
chair 0.0027 293 331 368 481
chair 0.0026 290 403 357 498
chair 0.0013 290 284 376 369
chair 0.0012 325 316 355 388
chair 0.0011 255 216 364 300
chair 0.0011 0 429 39 506
diningtable 0.0079 51 360 266 515
diningtable 0.0075 -19 285 337 519
diningtable 0.0034 185 351 356 507
diningtable 0.0030 144 276 403 529
diningtable 0.0013 -10 162 212 489
diningtable 0.0013 167 390 265 496
diningtable 0.0011 226 387 314 487
diningtable 0.0010 79 187 352 464
diningtable 0.0010 16 394 180 550
person 0.2489 81 140 227 422
person 0.0402 -7 164 266 485
person 0.0182 48 133 326 368
person 0.0149 135 185 299 384
person 0.0116 32 132 171 437
person 0.0048 352 302 375 407
person 0.0036 181 200 206 232
person 0.0031 266 205 386 374
person 0.0025 181 173 216 230
person 0.0024 176 178 256 255
person 0.0023 237 236 368 417
person 0.0020 67 123 195 306
person 0.0018 90 128 166 224
person 0.0011 189 185 227 246
person 0.0011 174 232 256 345
pottedplant 0.0891 221 189 312 257
pottedplant 0.0791 243 216 363 283
pottedplant 0.0321 242 198 293 249
pottedplant 0.0303 237 206 327 271
pottedplant 0.0281 199 217 291 285
pottedplant 0.0221 261 181 342 260
pottedplant 0.0172 258 211 301 265
pottedplant 0.0162 221 208 381 367
pottedplant 0.0125 228 214 280 265
pottedplant 0.0096 250 208 283 240
pottedplant 0.0090 248 248 352 329
pottedplant 0.0071 322 210 354 237
pottedplant 0.0053 292 208 328 233
pottedplant 0.0050 323 225 354 257
pottedplant 0.0049 306 208 342 235
pottedplant 0.0048 265 220 293 256
pottedplant 0.0045 226 196 276 248
pottedplant 0.0045 124 33 191 168
pottedplant 0.0043 221 225 252 256
pottedplant 0.0038 248 223 284 253
pottedplant 0.0037 245 198 374 245
pottedplant 0.0037 198 183 279 259
pottedplant 0.0034 105 -5 208 202
pottedplant 0.0031 191 184 358 327
pottedplant 0.0029 223 208 252 240
pottedplant 0.0028 236 222 268 258
pottedplant 0.0026 215 166 290 240
pottedplant 0.0026 283 208 362 272
pottedplant 0.0024 351 69 378 181
pottedplant 0.0023 321 211 355 303
pottedplant 0.0022 314 215 361 261
pottedplant 0.0021 180 141 313 288
pottedplant 0.0019 205 403 239 500
pottedplant 0.0018 228 174 273 232
pottedplant 0.0017 300 200 348 242
pottedplant 0.0016 317 201 360 245
pottedplant 0.0016 239 129 363 294
pottedplant 0.0016 295 164 365 261
pottedplant 0.0015 280 207 310 236
pottedplant 0.0015 215 215 258 261
pottedplant 0.0014 271 210 318 268
pottedplant 0.0013 235 188 267 218
pottedplant 0.0013 234 208 269 239
pottedplant 0.0013 275 200 316 246
pottedplant 0.0010 231 159 331 245
pottedplant 0.0010 292 224 327 252
pottedplant 0.0010 202 236 289 350
