bicycle 0.7449 246 194 400 358
bicycle 0.2212 -7 161 143 389
bicycle 0.0749 348 149 450 344
bicycle 0.0216 221 97 364 355
bicycle 0.0135 270 224 380 340
bicycle 0.0065 365 189 441 317
bicycle 0.0065 160 71 415 368
bicycle 0.0013 309 228 412 332
bicycle 0.0010 237 231 344 327
chair 0.0348 11 175 156 376
chair 0.0028 390 329 433 381
chair 0.0026 370 332 416 378
chair 0.0015 414 274 447 357
chair 0.0014 354 211 455 394
chair 0.0011 411 303 447 386
chair 0.0011 282 225 441 383
chair 0.0010 368 239 437 369
person 0.8081 343 32 465 346
person 0.4227 -3 4 123 312
person 0.3747 226 -12 362 325
person 0.3528 210 10 442 371
person 0.0872 256 85 397 361
person 0.0247 390 67 474 374
person 0.0230 296 49 510 388
person 0.0160 289 50 442 271
person 0.0146 17 63 154 384
person 0.0129 -4 0 66 256
person 0.0089 -9 -32 201 356
person 0.0064 -8 73 71 365
person 0.0064 -1 18 21 172
person 0.0029 0 -31 116 185
person 0.0028 350 135 464 250
person 0.0020 58 72 210 309
person 0.0017 4 43 103 162
person 0.0013 0 188 25 323
person 0.0012 180 82 325 301
person 0.0011 0 33 57 169
person 0.0011 0 69 24 207
person 0.0011 35 75 387 362
