aeroplane 0.0394 -6 173 127 215
aeroplane 0.0027 -20 138 139 246
bird 0.0019 63 180 119 210
boat 0.0173 -16 173 114 222
boat 0.0064 106 0 184 37
boat 0.0036 63 185 116 203
boat 0.0028 2 202 51 217
boat 0.0012 16 178 153 212
boat 0.0012 41 188 90 204
car 0.0031 114 0 173 13
car 0.0023 77 -1 196 34
horse 0.7443 173 114 409 268
horse 0.0855 161 119 286 255
horse 0.0091 179 124 262 220
horse 0.0013 161 171 261 253
person 0.5751 207 92 279 187
person 0.0088 33 171 136 215
person 0.0079 184 84 259 209
person 0.0033 235 91 275 177
person 0.0026 224 94 262 198
person 0.0025 0 -8 19 98
person 0.0023 0 199 24 223
person 0.0017 199 116 237 205
person 0.0013 3 175 111 242
person 0.0010 101 0 150 13
person 0.0010 150 93 252 175
