bicycle 0.7508 31 274 200 454
bicycle 0.5361 103 218 281 440
bicycle 0.1343 16 251 316 474
bicycle 0.0106 14 276 111 387
bicycle 0.0097 164 238 314 427
bicycle 0.0091 73 292 155 433
bicycle 0.0053 -6 234 92 411
bicycle 0.0036 81 244 138 416
bicycle 0.0024 27 298 95 424
bicycle 0.0021 121 311 209 424
bicycle 0.0016 73 308 208 493
bicycle 0.0014 141 266 242 389
bicycle 0.0010 161 304 274 426
bottle 0.0122 72 224 92 261
bottle 0.0101 -2 198 22 284
bottle 0.0067 61 225 83 257
bottle 0.0029 0 208 29 312
bottle 0.0025 25 212 69 272
bottle 0.0015 70 235 92 276
bottle 0.0015 31 224 59 261
bottle 0.0014 230 254 265 304
bottle 0.0014 236 263 261 299
bottle 0.0013 -1 215 17 262
bottle 0.0013 67 215 96 270
bottle 0.0012 61 206 82 240
chair 0.0176 -2 207 81 291
chair 0.0152 313 255 333 379
chair 0.0102 -4 271 40 383
chair 0.0077 186 -4 300 54
chair 0.0071 10 225 73 351
chair 0.0066 -1 199 38 354
chair 0.0057 24 205 95 280
chair 0.0052 1 245 60 388
chair 0.0045 234 239 305 336
chair 0.0033 208 231 318 432
chair 0.0032 291 189 333 324
chair 0.0032 0 222 17 371
chair 0.0030 262 193 329 306
chair 0.0029 305 237 328 398
chair 0.0027 311 201 334 355
chair 0.0026 48 -5 130 51
chair 0.0025 156 -8 326 137
chair 0.0024 144 59 292 123
chair 0.0022 -1 267 14 404
chair 0.0020 193 12 294 100
chair 0.0016 3 166 72 267
chair 0.0015 233 267 304 389
chair 0.0015 1 305 77 402
chair 0.0014 24 228 69 285
chair 0.0014 204 253 283 333
chair 0.0013 232 214 307 295
chair 0.0013 -10 177 86 323
chair 0.0010 291 266 345 380
chair 0.0010 262 235 325 341
person 0.8774 120 134 264 435
person 0.8676 68 181 148 412
person 0.0838 41 115 241 461
person 0.0148 110 128 229 312
person 0.0061 195 -3 329 59
person 0.0037 69 204 146 310
person 0.0032 125 149 207 271
person 0.0030 63 209 119 367
person 0.0023 89 144 198 369
person 0.0022 258 -6 330 54
person 0.0021 85 168 143 265
person 0.0014 109 162 174 260
person 0.0013 144 180 238 307
person 0.0012 231 0 268 20
person 0.0011 79 195 163 251
pottedplant 0.0207 107 -2 227 54
pottedplant 0.0181 122 11 209 90
pottedplant 0.0025 96 -8 236 124
pottedplant 0.0017 132 3 186 132
pottedplant 0.0014 116 -16 204 41
pottedplant 0.0012 99 -2 172 57
pottedplant 0.0011 149 2 195 52
sofa 0.0026 123 0 311 128
tvmonitor 0.0023 30 60 135 116
tvmonitor 0.0019 218 225 308 296
