boat 0.3708 315 114 405 309
boat 0.1455 135 73 281 300
boat 0.1163 100 104 399 326
boat 0.0349 345 284 372 310
boat 0.0290 352 287 391 307
boat 0.0123 372 287 410 307
boat 0.0103 57 40 289 334
boat 0.0071 337 277 379 315
boat 0.0044 252 94 406 284
boat 0.0042 344 281 399 313
boat 0.0040 230 268 347 334
boat 0.0036 323 127 482 303
boat 0.0032 354 296 392 317
boat 0.0031 351 232 398 301
boat 0.0030 292 271 416 320
boat 0.0029 354 143 394 274
boat 0.0027 171 84 232 218
boat 0.0020 319 234 418 312
boat 0.0019 87 157 265 327
boat 0.0015 165 137 258 239
boat 0.0014 284 198 449 345
boat 0.0014 147 277 275 325
boat 0.0014 279 165 376 266
boat 0.0014 362 280 418 313
boat 0.0013 278 205 372 283
boat 0.0013 184 237 393 363
boat 0.0013 126 137 219 238
boat 0.0011 332 275 454 318
boat 0.0011 315 167 393 278
boat 0.0011 189 157 387 329
boat 0.0011 53 190 523 413
boat 0.0010 43 82 225 291
boat 0.0010 237 104 493 326
car 0.0175 205 289 273 304
car 0.0064 233 289 285 306
car 0.0047 171 288 232 303
car 0.0038 252 289 301 305
car 0.0033 153 281 326 309
car 0.0018 156 288 209 303
car 0.0018 186 275 315 326
person 0.0010 322 108 388 210
