bottle 0.0036 287 202 311 246
cat 0.0011 327 69 388 118
chair 0.4668 312 75 432 302
chair 0.0196 334 162 420 281
chair 0.0043 254 108 405 321
chair 0.0028 273 208 371 293
chair 0.0019 240 57 489 316
chair 0.0012 351 194 442 284
dog 0.0337 280 254 393 336
dog 0.0105 309 234 412 316
dog 0.0061 294 191 434 348
dog 0.0053 351 268 398 320
dog 0.0045 272 217 391 373
dog 0.0031 323 258 389 307
dog 0.0030 328 261 416 327
person 0.8556 -16 68 361 364
person 0.0192 16 24 166 350
person 0.0107 283 197 318 251
person 0.0098 57 161 440 384
person 0.0073 -84 56 201 376
person 0.0072 108 96 314 339
person 0.0048 16 138 253 346
person 0.0041 -6 76 137 296
person 0.0035 392 187 434 288
person 0.0031 4 47 174 210
person 0.0027 -38 -15 308 276
person 0.0024 259 203 334 295
person 0.0023 217 115 357 316
person 0.0022 131 184 364 357
person 0.0014 413 202 441 301
person 0.0010 3 0 53 15
tvmonitor 0.0057 330 105 422 216
tvmonitor 0.0042 330 81 412 178
