cat 0.2088 188 25 464 349
cat 0.0119 177 65 400 255
chair 0.0753 387 50 508 276
chair 0.0396 434 79 513 289
chair 0.0307 -6 75 105 249
chair 0.0268 319 57 480 262
chair 0.0207 446 154 503 274
chair 0.0071 0 11 23 115
chair 0.0055 338 22 477 189
chair 0.0053 1 6 90 121
chair 0.0047 0 16 112 192
chair 0.0042 438 85 500 216
chair 0.0026 403 98 490 220
chair 0.0025 349 41 440 144
chair 0.0021 87 139 181 224
chair 0.0018 68 152 102 234
chair 0.0015 15 101 177 272
chair 0.0014 474 101 500 228
chair 0.0013 6 77 97 179
chair 0.0012 273 29 533 287
chair 0.0011 353 109 455 207
chair 0.0010 0 29 20 73
cow 0.0022 244 105 409 322
dog 0.4026 179 37 397 337
dog 0.0011 182 81 321 297
person 0.0147 -4 98 99 335
person 0.0010 -24 3 79 198
