bird 0.0402 175 24 334 205
bird 0.0200 108 -16 392 299
bird 0.0052 182 74 320 154
bird 0.0014 180 59 315 124
bird 0.0012 155 83 269 151
motorbike 0.1593 132 1 444 333
motorbike 0.0014 205 91 373 287
person 0.1369 112 -13 388 347
person 0.0155 292 133 329 188
person 0.0074 210 53 357 283
person 0.0017 291 136 331 235
person 0.0014 128 63 297 270
person 0.0011 244 129 328 210
pottedplant 0.1316 119 0 534 333
pottedplant 0.0115 236 273 353 331
pottedplant 0.0099 326 55 482 281
pottedplant 0.0069 215 206 435 332
pottedplant 0.0038 386 91 501 294
pottedplant 0.0035 3 103 126 282
pottedplant 0.0031 280 15 448 216
pottedplant 0.0030 224 263 332 315
pottedplant 0.0026 257 56 400 278
pottedplant 0.0024 233 235 343 309
pottedplant 0.0024 245 281 309 321
pottedplant 0.0023 266 279 329 324
pottedplant 0.0018 290 126 360 213
pottedplant 0.0015 323 7 485 172
pottedplant 0.0015 189 248 388 346
pottedplant 0.0015 283 244 389 334
pottedplant 0.0013 287 281 346 322
pottedplant 0.0012 364 27 514 204
pottedplant 0.0011 14 143 100 241
pottedplant 0.0010 154 197 345 339
pottedplant 0.0010 355 151 453 236
