car 0.7921 109 2 544 176
car 0.0522 6 18 417 211
car 0.0238 223 7 506 130
car 0.0152 116 26 381 153
car 0.0136 182 8 313 62
car 0.0135 471 63 499 126
car 0.0117 151 0 267 41
car 0.0091 475 80 500 112
car 0.0056 113 -3 232 34
car 0.0032 49 -45 527 123
car 0.0030 277 0 434 41
car 0.0022 138 2 359 86
car 0.0019 347 8 461 64
car 0.0017 183 -4 312 39
car 0.0016 391 46 512 119
car 0.0013 150 56 271 120
car 0.0011 394 36 510 81
car 0.0011 321 -3 505 40
motorbike 0.2460 -5 29 200 248
motorbike 0.0759 -63 6 409 222
motorbike 0.0013 31 99 237 231
motorbike 0.0011 40 73 153 156
motorbike 0.0010 48 103 143 180
motorbike 0.0010 83 104 185 180
motorbike 0.0010 -10 87 130 242
person 0.1170 17 -8 189 188
person 0.0606 0 21 25 143
person 0.0511 10 4 99 81
person 0.0270 4 0 120 130
person 0.0245 0 -5 188 93
person 0.0218 71 0 177 64
person 0.0175 0 118 21 227
person 0.0135 481 31 498 62
person 0.0135 0 1 56 41
person 0.0109 58 0 208 131
person 0.0093 0 9 114 224
person 0.0086 -2 11 63 113
person 0.0076 19 1 152 61
person 0.0075 0 -7 23 70
person 0.0049 478 24 499 116
person 0.0046 -13 22 70 210
person 0.0040 7 0 119 43
person 0.0040 3 42 42 175
person 0.0032 -16 6 68 72
person 0.0030 73 7 271 174
person 0.0027 5 0 50 16
person 0.0025 17 0 76 15
person 0.0024 56 53 79 86
person 0.0024 119 1 225 65
person 0.0023 0 12 19 49
person 0.0022 86 15 184 105
person 0.0020 0 155 20 263
person 0.0019 214 -1 265 13
person 0.0018 62 -1 204 38
person 0.0017 0 1 23 37
person 0.0017 42 0 93 15
person 0.0016 9 46 99 134
person 0.0016 60 0 112 15
person 0.0015 57 1 112 39
person 0.0015 0 97 18 143
person 0.0013 6 87 44 207
person 0.0013 80 0 130 14
person 0.0012 351 -6 456 44
person 0.0012 9 4 44 33
person 0.0012 476 20 500 71
person 0.0011 176 130 220 186
person 0.0011 0 150 19 196
person 0.0010 197 -1 244 16
pottedplant 0.0013 125 -4 246 42
pottedplant 0.0012 151 0 214 38
