bicycle 0.6933 112 108 228 253
bicycle 0.0075 146 152 218 262
bicycle 0.0022 53 51 292 263
bicycle 0.0013 86 149 206 238
bicycle 0.0010 164 135 237 248
bird 0.0195 11 298 182 352
bird 0.0110 30 281 161 340
bird 0.0021 154 38 247 158
bird 0.0017 0 253 190 361
bird 0.0012 72 282 172 363
bird 0.0011 123 80 238 191
cow 0.2449 278 221 382 313
horse 0.0518 265 220 375 306
horse 0.0014 272 204 442 334
person 0.7641 108 23 252 187
person 0.0200 73 43 219 220
person 0.0035 160 27 241 159
person 0.0015 103 74 186 185
pottedplant 0.0113 409 88 486 181
pottedplant 0.0019 364 84 519 231
pottedplant 0.0011 452 138 497 188
