chair 0.0308 94 84 188 298
chair 0.0204 3 182 103 252
chair 0.0165 104 226 173 323
chair 0.0106 111 253 173 307
chair 0.0064 3 202 112 279
chair 0.0062 108 249 180 367
chair 0.0058 97 190 169 301
chair 0.0048 104 101 235 331
chair 0.0027 118 99 210 215
chair 0.0026 140 251 179 313
chair 0.0025 86 154 179 336
chair 0.0024 102 123 175 248
chair 0.0023 120 240 201 324
chair 0.0020 -9 148 124 285
chair 0.0015 73 -11 139 111
chair 0.0010 97 59 232 205
chair 0.0010 102 80 181 182
chair 0.0010 38 151 85 210
chair 0.0010 6 149 104 231
person 0.9038 132 43 367 390
person 0.3154 469 5 499 96
person 0.0256 267 74 373 358
person 0.0106 441 -2 501 98
person 0.0085 459 -1 492 78
person 0.0024 369 101 510 330
person 0.0021 202 64 451 367
person 0.0020 326 5 418 72
person 0.0019 472 -12 500 59
person 0.0018 146 116 289 371
person 0.0017 476 25 499 74
person 0.0013 203 68 372 254
person 0.0013 478 0 496 42
person 0.0012 312 -4 417 47
person 0.0011 286 97 444 334
pottedplant 0.1170 414 0 462 46
pottedplant 0.0177 430 0 466 68
pottedplant 0.0163 385 0 478 47
pottedplant 0.0157 419 7 452 39
pottedplant 0.0078 433 4 463 40
pottedplant 0.0054 347 7 460 65
pottedplant 0.0049 372 0 412 20
pottedplant 0.0047 351 0 399 17
pottedplant 0.0043 385 2 437 44
pottedplant 0.0033 420 17 449 49
pottedplant 0.0031 314 -4 430 51
pottedplant 0.0030 367 0 413 44
pottedplant 0.0030 396 6 428 36
pottedplant 0.0029 410 0 455 20
pottedplant 0.0024 432 -1 468 21
pottedplant 0.0022 412 0 489 71
pottedplant 0.0020 458 -3 492 51
pottedplant 0.0014 437 15 461 54
pottedplant 0.0014 390 -1 435 18
pottedplant 0.0010 462 2 486 39
tvmonitor 0.0109 323 140 493 352
tvmonitor 0.0046 439 85 496 214
tvmonitor 0.0015 427 67 518 251
tvmonitor 0.0015 442 101 497 167
tvmonitor 0.0013 362 208 514 390
tvmonitor 0.0012 393 219 487 326
