cat 0.4114 33 22 465 353
cat 0.0089 128 76 363 200
cat 0.0028 105 125 320 306
cat 0.0025 63 39 435 221
cat 0.0014 157 94 337 171
cat 0.0011 185 149 317 223
chair 0.0090 5 77 114 299
chair 0.0069 385 140 503 351
chair 0.0040 479 45 501 170
chair 0.0035 0 177 121 364
chair 0.0022 430 113 513 321
chair 0.0019 440 157 503 279
chair 0.0017 14 189 97 298
chair 0.0015 -21 140 72 351
chair 0.0013 11 132 101 243
chair 0.0010 10 158 180 330
person 0.0076 331 90 480 342
person 0.0059 479 84 501 189
person 0.0054 8 29 110 288
person 0.0038 -18 28 69 289
person 0.0015 380 84 503 289
person 0.0014 431 65 519 310
person 0.0010 -55 36 325 338
pottedplant 0.0017 476 0 501 69
pottedplant 0.0015 384 331 433 376
pottedplant 0.0012 479 5 499 40
