chair 0.1038 107 203 181 298
chair 0.0168 102 197 139 308
chair 0.0026 100 209 148 271
chair 0.0021 329 103 473 332
chair 0.0016 135 217 190 287
chair 0.0013 83 195 189 348
chair 0.0011 95 213 158 316
chair 0.0011 123 220 217 320
person 0.0012 296 127 435 361
pottedplant 0.0431 367 112 423 162
pottedplant 0.0213 349 96 404 150
pottedplant 0.0201 360 89 436 180
pottedplant 0.0094 358 57 442 148
pottedplant 0.0086 377 120 411 150
pottedplant 0.0055 298 46 440 216
pottedplant 0.0032 332 28 471 177
pottedplant 0.0028 356 107 392 136
pottedplant 0.0028 377 106 409 139
pottedplant 0.0024 367 86 416 134
pottedplant 0.0023 357 91 391 121
pottedplant 0.0016 375 96 409 122
pottedplant 0.0016 349 115 389 188
pottedplant 0.0011 341 96 377 149
train 0.0199 190 71 463 362
train 0.0101 304 69 419 306
train 0.0085 137 48 290 271
train 0.0072 61 102 362 329
train 0.0072 193 89 382 284
train 0.0033 253 63 402 259
train 0.0026 122 174 303 315
train 0.0015 155 207 266 289
train 0.0014 107 -37 391 297
train 0.0011 187 11 318 249
train 0.0011 292 111 366 211
train 0.0010 74 130 273 299
