bicycle 0.1379 399 73 504 260
bicycle 0.0212 437 81 501 203
bicycle 0.0190 431 69 519 313
bicycle 0.0040 408 97 494 188
bicycle 0.0010 441 117 501 253
bottle 0.0862 287 165 315 229
bottle 0.0133 288 165 308 207
bottle 0.0015 280 141 315 205
chair 0.0121 198 250 297 331
chair 0.0084 237 255 334 333
chair 0.0053 159 256 268 330
chair 0.0045 429 102 516 324
chair 0.0030 157 237 342 338
chair 0.0024 324 120 475 313
chair 0.0017 441 186 503 300
chair 0.0016 99 260 248 327
chair 0.0014 472 139 499 257
chair 0.0013 375 154 503 330
chair 0.0013 45 245 297 331
chair 0.0012 420 132 489 248
chair 0.0011 26 57 161 225
chair 0.0011 88 52 258 232
diningtable 0.0102 33 143 389 341
diningtable 0.0085 51 206 294 327
diningtable 0.0027 138 209 361 323
person 0.8253 261 14 402 317
person 0.1003 345 27 467 306
person 0.0829 240 18 353 259
person 0.0180 429 18 507 217
person 0.0180 296 110 439 322
person 0.0041 98 160 118 190
person 0.0039 438 56 499 179
person 0.0035 282 12 445 219
person 0.0023 371 3 507 184
person 0.0019 293 130 368 248
person 0.0017 168 -7 408 238
person 0.0016 274 117 386 214
person 0.0015 241 17 404 164
person 0.0011 9 62 413 320
person 0.0010 392 34 424 157
