bottle 0.0387 190 77 222 138
bottle 0.0188 216 24 264 63
bottle 0.0143 189 105 226 162
bottle 0.0119 225 30 258 58
bottle 0.0081 230 41 252 70
bottle 0.0037 289 38 307 75
bottle 0.0033 194 102 215 141
bottle 0.0031 283 31 312 82
bottle 0.0023 193 88 215 129
bottle 0.0022 193 94 236 147
bottle 0.0022 193 115 216 154
bottle 0.0010 288 52 308 88
cat 0.0028 65 241 184 310
chair 0.0194 289 16 372 104
chair 0.0059 397 19 487 105
chair 0.0050 0 114 27 230
chair 0.0043 291 48 370 125
chair 0.0041 0 149 45 224
chair 0.0037 397 22 438 118
chair 0.0031 67 40 212 176
chair 0.0030 258 5 399 118
chair 0.0030 371 0 506 132
chair 0.0029 55 76 147 145
chair 0.0028 -3 166 31 230
chair 0.0028 280 0 359 65
chair 0.0023 212 57 361 223
chair 0.0022 49 102 149 167
chair 0.0021 436 24 476 115
chair 0.0019 320 13 398 110
chair 0.0019 282 5 320 60
chair 0.0017 0 98 59 221
chair 0.0017 283 73 378 151
chair 0.0016 364 11 444 112
chair 0.0016 307 67 357 127
chair 0.0014 5 156 101 231
chair 0.0013 407 -2 447 92
chair 0.0013 308 37 353 102
chair 0.0013 388 0 439 40
chair 0.0012 195 50 305 134
chair 0.0012 304 0 367 13
chair 0.0012 342 -2 379 67
chair 0.0012 292 -1 339 15
chair 0.0011 292 99 376 179
chair 0.0010 48 183 299 307
chair 0.0010 319 45 415 130
diningtable 0.0063 43 81 302 193
diningtable 0.0053 -29 54 375 226
diningtable 0.0019 90 103 255 171
dog 0.2154 33 169 389 316
dog 0.0116 252 179 345 250
dog 0.0031 291 183 335 241
dog 0.0031 204 173 361 313
dog 0.0015 78 241 266 308
person 0.6998 87 6 197 109
person 0.2586 473 -2 500 120
person 0.0492 63 18 280 125
person 0.0238 85 18 174 75
person 0.0169 443 14 506 117
person 0.0119 192 11 303 68
person 0.0077 212 6 356 72
person 0.0065 475 1 499 64
person 0.0036 221 -5 333 43
person 0.0032 315 3 402 79
person 0.0029 117 10 167 103
person 0.0025 197 -2 286 43
person 0.0025 342 -1 407 116
person 0.0024 44 0 172 134
person 0.0023 456 -5 491 97
person 0.0022 158 25 265 106
person 0.0022 372 0 411 39
person 0.0019 333 0 383 40
person 0.0019 56 46 289 177
person 0.0019 221 0 264 18
person 0.0017 355 -5 393 70
person 0.0016 350 0 399 40
person 0.0015 67 39 142 136
person 0.0014 359 0 426 89
person 0.0014 296 13 432 162
person 0.0013 431 -1 530 134
person 0.0013 113 47 221 122
person 0.0011 478 33 501 154
person 0.0011 478 48 501 90
person 0.0011 15 108 407 326
person 0.0010 56 235 149 310
person 0.0010 455 44 490 118
pottedplant 0.0066 323 122 361 197
pottedplant 0.0056 60 79 109 134
pottedplant 0.0010 69 94 98 124
sofa 0.0113 162 21 340 161
sofa 0.0076 58 24 364 204
sofa 0.0070 -20 199 367 335
sofa 0.0012 156 51 268 129
