bird 0.0068 92 313 122 333
bird 0.0011 99 313 141 333
motorbike 0.6366 8 10 491 306
motorbike 0.0156 32 112 467 376
motorbike 0.0063 84 46 337 271
motorbike 0.0030 159 88 417 290
motorbike 0.0026 198 64 529 308
motorbike 0.0012 -32 58 303 313
motorbike 0.0010 27 -37 318 241
person 0.1660 94 21 184 113
person 0.0107 129 24 205 125
person 0.0035 66 18 204 185
person 0.0034 96 51 193 137
person 0.0020 100 5 242 150
person 0.0018 88 18 164 85
person 0.0016 100 83 150 135
person 0.0010 113 26 171 78
pottedplant 0.0095 295 66 379 148
pottedplant 0.0026 475 98 504 204
pottedplant 0.0024 434 171 519 263
pottedplant 0.0020 467 -1 502 73
pottedplant 0.0014 409 137 548 296
pottedplant 0.0013 447 171 493 246
pottedplant 0.0013 436 86 524 170
pottedplant 0.0013 438 142 521 231
pottedplant 0.0012 470 182 504 263
