aeroplane 0.0024 425 0 480 13
bicycle 0.0038 285 204 433 329
bicycle 0.0012 325 222 413 321
bottle 0.0011 125 244 197 333
car 0.0170 442 0 494 13
motorbike 0.5487 36 45 463 338
motorbike 0.0994 -37 16 231 316
motorbike 0.0060 -17 133 364 350
motorbike 0.0048 10 113 176 322
motorbike 0.0028 74 58 272 273
motorbike 0.0024 137 94 363 290
motorbike 0.0016 98 169 325 315
motorbike 0.0010 60 213 283 326
person 0.7880 356 120 430 311
person 0.2316 18 -26 169 211
person 0.0587 -13 -20 207 303
person 0.0439 361 133 420 236
person 0.0188 365 138 417 184
person 0.0168 79 -1 172 285
person 0.0135 -4 22 132 259
person 0.0107 339 126 407 211
person 0.0104 1 0 126 133
person 0.0081 44 -4 140 79
person 0.0074 345 148 410 283
person 0.0070 7 1 102 77
person 0.0067 93 62 163 169
person 0.0065 -1 14 60 119
person 0.0044 304 162 420 318
person 0.0038 242 133 413 297
person 0.0032 353 226 441 310
person 0.0028 2 -9 343 241
person 0.0027 -24 16 67 214
person 0.0025 309 71 401 119
person 0.0025 327 204 469 334
person 0.0024 56 -19 207 152
person 0.0019 -1 133 20 239
person 0.0017 360 130 399 190
person 0.0012 31 -1 178 43
person 0.0012 82 41 264 240
person 0.0011 313 89 415 247
person 0.0011 82 3 180 74
person 0.0010 32 15 156 109
person 0.0010 377 134 406 161
person 0.0010 2 9 52 79
pottedplant 0.0037 465 61 505 156
pottedplant 0.0024 469 35 499 105
pottedplant 0.0014 473 83 502 186
train 0.2317 35 19 463 314
train 0.0012 139 66 358 266
