bottle 0.0030 45 8 79 62
bottle 0.0012 3 60 44 155
bottle 0.0011 79 30 99 70
bottle 0.0010 37 19 64 51
cat 0.2969 211 116 517 371
cat 0.2327 -16 40 516 335
cat 0.0640 315 132 492 349
cat 0.0026 2 34 192 226
cat 0.0019 228 151 425 340
cat 0.0016 186 93 390 282
cat 0.0011 258 104 462 277
chair 0.0079 83 20 127 78
chair 0.0074 3 22 94 110
chair 0.0046 72 16 176 85
chair 0.0023 73 17 105 83
chair 0.0018 -6 12 123 199
chair 0.0018 4 8 43 121
chair 0.0012 23 -1 176 156
chair 0.0011 46 14 80 87
chair 0.0010 64 9 151 115
dog 0.4575 -28 6 451 368
dog 0.3354 -28 55 298 318
dog 0.0049 21 106 171 325
dog 0.0022 9 41 114 274
dog 0.0016 103 74 319 301
person 0.0015 0 11 27 118
person 0.0013 -22 65 70 306
person 0.0011 3 96 124 328
person 0.0011 -16 33 127 229
person 0.0011 119 28 170 99
pottedplant 0.0032 440 -2 500 44
tvmonitor 0.0045 73 1 213 44
tvmonitor 0.0011 79 15 189 67
