chair 0.0170 242 176 342 252
chair 0.0157 237 191 281 252
chair 0.0131 39 218 134 276
chair 0.0057 439 247 499 371
chair 0.0055 -5 222 50 281
chair 0.0046 0 247 98 374
chair 0.0045 0 205 27 326
chair 0.0045 228 226 424 367
chair 0.0036 227 190 261 258
chair 0.0033 374 233 505 376
chair 0.0025 0 249 26 368
chair 0.0023 266 182 369 239
chair 0.0023 -1 216 63 347
chair 0.0023 247 185 304 236
chair 0.0023 3 209 111 279
chair 0.0022 209 178 303 251
chair 0.0021 41 216 96 263
chair 0.0015 272 185 322 236
chair 0.0015 124 180 221 257
chair 0.0014 0 187 49 257
chair 0.0013 32 294 158 371
chair 0.0012 403 217 492 332
chair 0.0012 272 257 383 348
chair 0.0012 -2 191 57 301
chair 0.0012 272 210 319 232
chair 0.0012 233 206 342 275
chair 0.0011 392 211 496 280
chair 0.0011 198 236 301 312
chair 0.0011 64 215 284 338
chair 0.0010 438 210 508 289
diningtable 0.0141 -11 215 434 387
diningtable 0.0047 35 244 312 367
diningtable 0.0022 15 271 254 390
diningtable 0.0011 98 293 247 372
person 0.0044 435 231 503 327
person 0.0043 361 127 390 152
person 0.0033 474 236 499 354
person 0.0023 -3 216 63 314
person 0.0021 0 203 30 299
person 0.0014 377 126 409 151
person 0.0013 -11 178 72 375
person 0.0011 393 224 507 282
pottedplant 0.0169 0 156 30 261
pottedplant 0.0117 0 92 29 213
pottedplant 0.0090 233 173 286 219
pottedplant 0.0077 -25 74 69 300
pottedplant 0.0020 -12 126 52 249
pottedplant 0.0017 240 179 274 210
pottedplant 0.0016 1 187 24 228
pottedplant 0.0014 -4 92 27 153
pottedplant 0.0012 -1 174 21 215
sofa 0.7294 234 190 502 310
sofa 0.3210 1 233 125 375
sofa 0.0504 223 226 508 365
sofa 0.0209 12 222 112 323
sofa 0.0163 275 204 457 289
sofa 0.0064 259 189 393 243
sofa 0.0041 370 195 503 352
sofa 0.0034 -4 239 276 368
sofa 0.0031 -3 206 61 296
sofa 0.0024 283 234 447 314
sofa 0.0023 102 173 473 372
sofa 0.0020 38 251 141 356
sofa 0.0017 -12 171 125 328
sofa 0.0013 269 202 384 277
tvmonitor 0.0094 348 102 439 173
tvmonitor 0.0011 362 114 425 162
