bus 0.6499 76 48 500 267
bus 0.0512 86 81 330 236
bus 0.0313 0 106 26 171
bus 0.0125 -44 44 392 216
bus 0.0091 4 123 44 179
bus 0.0080 469 100 501 203
bus 0.0066 8 88 104 173
bus 0.0048 266 80 458 229
bus 0.0038 40 85 236 224
bus 0.0026 -17 70 136 202
bus 0.0022 447 122 497 183
bus 0.0014 39 86 152 175
bus 0.0014 -14 86 61 173
bus 0.0010 474 142 503 215
car 0.0722 0 146 21 179
car 0.0189 -1 121 25 180
car 0.0044 0 118 20 160
car 0.0030 13 149 39 180
car 0.0023 8 138 43 193
car 0.0019 10 137 40 168
car 0.0018 476 50 500 139
car 0.0011 477 119 501 153
train 0.0089 4 -8 494 211
tvmonitor 0.0015 477 67 500 174
