bird 0.0136 16 31 179 232
bird 0.0015 38 81 159 191
bottle 0.1497 51 372 108 493
bottle 0.0355 0 -12 20 152
bottle 0.0072 -8 14 155 192
bottle 0.0049 0 -10 43 146
bottle 0.0035 50 371 80 450
bottle 0.0028 0 1 15 46
bottle 0.0018 52 389 84 512
bottle 0.0016 1 14 32 195
bottle 0.0016 73 404 110 500
bottle 0.0015 8 13 67 175
bottle 0.0015 154 436 180 474
bottle 0.0014 150 424 187 484
bottle 0.0011 -2 -8 18 62
bottle 0.0010 -22 29 38 143
cat 0.0016 16 1 182 193
chair 0.0014 326 267 380 390
person 0.0033 -3 35 89 313
person 0.0021 24 -7 117 53
person 0.0012 87 0 129 19
person 0.0011 71 0 114 19
person 0.0010 4 374 78 505
pottedplant 0.0674 134 6 355 492
pottedplant 0.0230 175 94 314 409
pottedplant 0.0159 232 74 373 352
pottedplant 0.0073 303 104 364 241
pottedplant 0.0053 286 47 377 306
pottedplant 0.0046 208 -57 396 404
pottedplant 0.0030 202 217 344 431
pottedplant 0.0027 298 73 366 191
pottedplant 0.0026 213 109 279 236
pottedplant 0.0022 235 234 313 344
pottedplant 0.0021 194 51 296 301
pottedplant 0.0017 202 271 287 386
pottedplant 0.0015 117 81 257 339
pottedplant 0.0014 279 153 379 422
pottedplant 0.0014 181 234 250 348
pottedplant 0.0013 209 150 281 277
pottedplant 0.0012 269 304 338 426
pottedplant 0.0012 207 234 283 348
pottedplant 0.0012 234 309 270 372
pottedplant 0.0011 302 179 364 322
pottedplant 0.0011 268 150 338 274
pottedplant 0.0010 240 261 309 388
