bottle 0.0031 343 276 364 309
bottle 0.0022 325 268 350 299
car 0.0253 480 174 499 211
car 0.0212 454 179 490 202
car 0.0104 477 160 501 226
car 0.0029 450 173 497 209
chair 0.0881 1 202 93 280
chair 0.0135 361 167 386 198
chair 0.0126 260 165 291 195
chair 0.0126 243 167 275 194
chair 0.0085 79 193 274 293
chair 0.0085 58 219 113 281
chair 0.0075 347 166 368 199
chair 0.0073 28 249 321 360
chair 0.0068 -3 226 66 321
chair 0.0065 237 181 277 203
chair 0.0060 224 179 258 203
chair 0.0056 82 208 188 275
chair 0.0046 376 167 408 195
chair 0.0045 102 181 183 255
chair 0.0041 131 168 161 192
chair 0.0038 78 327 266 375
chair 0.0032 1 173 47 243
chair 0.0031 234 160 281 198
chair 0.0029 -1 237 26 350
chair 0.0025 0 165 24 281
chair 0.0025 48 198 82 221
chair 0.0025 244 134 279 197
chair 0.0024 49 236 151 301
chair 0.0024 4 253 104 343
chair 0.0024 45 205 90 272
chair 0.0024 259 140 293 192
chair 0.0023 123 300 301 366
chair 0.0021 17 210 77 268
chair 0.0021 107 269 316 334
chair 0.0020 -4 294 123 366
chair 0.0020 44 201 126 275
chair 0.0020 354 159 393 202
chair 0.0019 152 236 345 302
chair 0.0019 343 178 372 204
chair 0.0018 -2 240 61 289
chair 0.0017 -6 266 67 346
chair 0.0016 119 177 169 240
chair 0.0016 272 160 326 198
chair 0.0016 85 200 128 275
chair 0.0015 -2 253 54 309
chair 0.0014 82 241 264 295
chair 0.0013 109 277 385 374
chair 0.0013 345 137 372 197
chair 0.0012 9 239 187 369
chair 0.0011 26 201 72 221
chair 0.0011 237 288 342 375
chair 0.0011 15 186 116 263
chair 0.0011 17 193 82 230
chair 0.0011 5 230 126 297
chair 0.0011 138 169 184 217
chair 0.0010 -9 152 108 287
chair 0.0010 -19 218 76 381
diningtable 0.0025 5 277 266 370
diningtable 0.0018 172 164 323 212
person 0.0554 402 163 425 201
person 0.0109 398 175 429 205
person 0.0054 410 169 451 191
person 0.0026 478 167 501 249
person 0.0011 404 163 454 198
pottedplant 0.1589 185 164 217 192
pottedplant 0.0451 180 138 217 195
pottedplant 0.0270 203 165 237 195
pottedplant 0.0131 231 165 256 197
pottedplant 0.0111 26 78 61 137
pottedplant 0.0099 133 163 289 213
pottedplant 0.0094 -6 71 57 187
pottedplant 0.0094 154 128 266 187
pottedplant 0.0091 169 118 205 185
pottedplant 0.0087 -22 34 66 224
pottedplant 0.0076 126 124 219 197
pottedplant 0.0057 361 176 386 206
pottedplant 0.0054 33 89 57 125
pottedplant 0.0052 228 152 254 183
pottedplant 0.0046 261 80 290 105
pottedplant 0.0045 196 143 239 191
pottedplant 0.0043 158 154 248 202
pottedplant 0.0037 247 82 276 107
pottedplant 0.0035 0 106 22 225
pottedplant 0.0034 186 148 211 186
pottedplant 0.0032 9 67 56 149
pottedplant 0.0030 169 167 201 192
pottedplant 0.0030 16 75 95 180
pottedplant 0.0026 168 105 233 199
pottedplant 0.0023 141 170 180 192
pottedplant 0.0021 -1 40 111 219
pottedplant 0.0021 378 178 409 203
pottedplant 0.0020 222 142 261 190
pottedplant 0.0017 187 130 211 170
pottedplant 0.0017 138 143 185 191
pottedplant 0.0017 340 95 367 121
pottedplant 0.0016 172 133 198 167
pottedplant 0.0016 145 153 177 180
pottedplant 0.0016 -8 183 71 261
pottedplant 0.0014 182 102 215 172
pottedplant 0.0013 206 151 233 187
pottedplant 0.0012 32 106 56 139
pottedplant 0.0012 256 71 294 115
pottedplant 0.0012 1 172 21 212
pottedplant 0.0011 0 174 25 241
pottedplant 0.0011 116 124 307 251
pottedplant 0.0010 171 148 199 182
sofa 0.3344 99 188 328 300
sofa 0.0228 49 245 368 356
sofa 0.0034 109 237 312 299
sofa 0.0024 61 151 361 337
sofa 0.0023 143 210 349 280
sofa 0.0016 35 219 312 318
sofa 0.0011 121 187 300 249
tvmonitor 0.1208 368 207 501 393
tvmonitor 0.0061 381 227 487 320
tvmonitor 0.0046 358 256 465 352
tvmonitor 0.0010 394 282 492 371
