bottle 0.0069 284 295 310 327
bottle 0.0037 305 225 329 255
bottle 0.0028 276 287 311 360
bottle 0.0015 299 296 329 323
car 0.0038 26 0 74 17
car 0.0014 45 0 84 18
chair 0.6192 389 161 472 286
chair 0.1877 176 197 336 340
chair 0.1076 379 168 440 276
chair 0.0979 440 164 504 276
chair 0.0935 203 288 294 381
chair 0.0824 132 301 239 378
chair 0.0582 177 201 318 277
chair 0.0461 453 190 495 312
chair 0.0459 416 194 487 305
chair 0.0210 184 227 320 304
chair 0.0198 212 305 262 368
chair 0.0196 168 277 333 378
chair 0.0181 206 293 241 381
chair 0.0173 232 308 285 371
chair 0.0165 470 160 501 287
chair 0.0104 371 195 460 308
chair 0.0103 21 335 167 377
chair 0.0102 467 220 504 311
chair 0.0081 254 302 303 374
chair 0.0079 390 93 508 290
chair 0.0073 206 250 293 347
chair 0.0072 408 179 455 294
chair 0.0071 477 135 500 223
chair 0.0066 437 103 499 226
chair 0.0064 112 332 180 371
chair 0.0055 381 167 413 254
chair 0.0051 164 260 257 352
chair 0.0051 448 183 491 266
chair 0.0051 310 204 396 273
chair 0.0045 427 178 475 270
chair 0.0042 35 336 100 374
chair 0.0042 397 220 467 320
chair 0.0041 147 326 249 373
chair 0.0036 308 224 369 277
chair 0.0035 280 286 313 336
chair 0.0034 143 229 284 381
chair 0.0033 167 206 243 294
chair 0.0032 412 142 487 248
chair 0.0032 321 170 407 265
chair 0.0031 480 158 498 202
chair 0.0029 479 145 498 186
chair 0.0025 94 312 199 368
chair 0.0024 275 270 373 345
chair 0.0022 482 172 498 214
chair 0.0022 208 326 305 376
chair 0.0020 194 327 246 375
chair 0.0020 379 199 413 275
chair 0.0020 421 253 477 307
chair 0.0019 133 261 219 351
chair 0.0018 94 279 265 386
chair 0.0017 388 156 433 236
chair 0.0016 448 146 496 242
chair 0.0015 33 303 155 372
chair 0.0014 117 318 171 363
chair 0.0014 182 298 222 378
chair 0.0014 427 154 476 205
chair 0.0014 73 358 139 375
chair 0.0013 63 342 105 364
chair 0.0012 276 238 379 310
chair 0.0012 152 309 211 372
chair 0.0011 312 196 365 248
chair 0.0011 406 159 455 232
chair 0.0011 253 326 383 376
chair 0.0011 432 97 510 175
chair 0.0010 98 330 147 373
chair 0.0010 412 155 451 174
diningtable 0.0366 398 155 505 264
diningtable 0.0203 168 278 405 378
diningtable 0.0089 222 326 345 377
diningtable 0.0032 273 300 381 369
diningtable 0.0027 263 329 388 376
person 0.0415 176 196 306 281
person 0.0027 166 193 242 285
person 0.0018 207 209 342 265
sofa 0.0320 173 200 386 342
tvmonitor 0.3204 445 121 505 176
tvmonitor 0.0108 468 186 501 291
tvmonitor 0.0102 395 114 425 135
tvmonitor 0.0096 454 132 492 166
tvmonitor 0.0062 319 198 359 223
tvmonitor 0.0050 457 120 488 157
tvmonitor 0.0030 468 117 500 185
tvmonitor 0.0027 396 99 495 169
tvmonitor 0.0011 395 120 426 146
