bird 0.0018 35 315 64 338
boat 0.2358 143 164 372 269
boat 0.1687 390 225 432 245
boat 0.1159 156 215 356 269
boat 0.0194 370 225 422 245
boat 0.0164 368 216 427 253
boat 0.0147 172 194 401 254
boat 0.0097 129 239 164 260
boat 0.0090 149 209 269 274
boat 0.0083 140 215 192 259
boat 0.0074 223 213 427 263
boat 0.0061 145 226 183 252
boat 0.0055 137 241 186 261
boat 0.0054 123 210 217 268
boat 0.0044 354 196 400 250
boat 0.0044 358 226 396 249
boat 0.0031 120 181 214 255
boat 0.0025 317 193 430 252
boat 0.0018 379 211 412 241
boat 0.0017 151 231 210 267
boat 0.0016 117 98 459 275
boat 0.0015 127 226 162 253
boat 0.0013 159 227 203 250
boat 0.0013 131 232 192 266
boat 0.0012 120 215 170 262
boat 0.0012 160 179 271 261
boat 0.0012 208 219 387 284
boat 0.0012 122 195 304 290
boat 0.0010 356 238 393 260
boat 0.0010 362 207 392 242
boat 0.0010 200 193 450 288
person 0.0070 -1 306 19 374
person 0.0054 1 330 17 375
person 0.0010 397 211 422 243
pottedplant 0.1266 8 155 88 236
pottedplant 0.0436 59 143 146 232
pottedplant 0.0111 32 117 171 253
pottedplant 0.0081 -11 165 63 248
pottedplant 0.0063 5 149 56 213
pottedplant 0.0041 -5 122 110 254
pottedplant 0.0040 88 176 175 253
pottedplant 0.0036 118 187 164 259
pottedplant 0.0035 -4 167 28 219
pottedplant 0.0028 2 180 53 234
pottedplant 0.0024 47 161 89 227
pottedplant 0.0019 34 325 62 347
pottedplant 0.0018 0 190 23 225
pottedplant 0.0017 79 127 169 205
pottedplant 0.0016 10 150 45 176
pottedplant 0.0016 42 175 149 244
pottedplant 0.0016 63 157 109 230
pottedplant 0.0016 49 124 141 204
pottedplant 0.0015 87 140 128 224
pottedplant 0.0011 137 190 189 257
pottedplant 0.0010 169 141 246 233
pottedplant 0.0010 11 193 43 221
pottedplant 0.0010 103 191 148 255
