bicycle 0.0016 10 339 87 444
car 0.0021 109 127 134 157
chair 0.0035 193 321 221 389
chair 0.0033 234 316 314 403
chair 0.0024 7 321 33 347
person 0.9058 15 269 81 438
person 0.8509 337 278 370 387
person 0.7692 116 272 153 359
person 0.5351 108 274 135 356
person 0.4056 100 287 116 338
person 0.3495 158 274 174 314
person 0.2948 71 275 90 323
person 0.1772 316 276 334 325
person 0.1357 71 289 88 337
person 0.1338 141 274 159 325
person 0.1331 173 273 190 315
person 0.1111 133 272 161 353
person 0.1057 355 281 373 386
person 0.0952 183 275 205 315
person 0.0686 83 279 102 317
person 0.0361 111 277 130 323
person 0.0339 317 255 362 391
person 0.0271 324 277 347 320
person 0.0223 154 268 180 322
person 0.0210 357 264 373 302
person 0.0163 338 257 369 343
person 0.0156 51 265 75 296
person 0.0127 269 275 288 313
person 0.0124 16 284 55 426
person 0.0120 84 290 102 334
person 0.0115 40 270 91 393
person 0.0115 36 267 66 294
person 0.0110 117 276 181 350
person 0.0104 342 304 364 367
person 0.0103 182 275 207 353
person 0.0101 169 267 195 323
person 0.0096 125 279 150 318
person 0.0092 301 282 321 320
person 0.0089 185 289 206 335
person 0.0084 321 275 355 353
person 0.0080 223 206 247 317
person 0.0074 345 264 364 299
person 0.0072 316 263 336 299
person 0.0070 359 270 375 319
person 0.0068 178 249 207 313
person 0.0062 358 305 375 364
person 0.0061 52 277 82 354
person 0.0061 78 276 140 348
person 0.0060 110 313 137 350
person 0.0052 124 286 148 347
person 0.0049 326 267 348 298
person 0.0047 6 266 71 368
person 0.0046 55 277 78 318
person 0.0046 97 250 162 342
person 0.0044 138 288 160 338
person 0.0040 356 259 375 341
person 0.0035 256 277 279 311
person 0.0030 98 265 117 302
person 0.0030 194 213 217 309
person 0.0029 343 273 364 315
person 0.0029 84 268 105 298
person 0.0028 46 304 82 406
person 0.0028 311 279 337 389
person 0.0024 109 268 132 297
person 0.0023 343 287 366 348
person 0.0022 228 218 245 259
person 0.0022 69 262 86 304
person 0.0020 64 291 90 376
person 0.0020 121 311 148 354
person 0.0019 322 245 379 357
person 0.0018 258 263 277 304
person 0.0018 326 307 381 401
person 0.0017 173 289 191 334
person 0.0016 185 297 209 375
person 0.0016 197 278 216 318
person 0.0015 194 279 217 352
person 0.0015 30 268 70 327
person 0.0014 154 291 176 332
person 0.0014 199 259 214 306
person 0.0014 198 294 216 336
person 0.0014 263 274 295 358
person 0.0014 95 242 121 323
person 0.0012 301 293 320 334
person 0.0012 268 294 290 332
person 0.0012 319 234 391 420
person 0.0012 140 266 162 298
person 0.0011 55 291 78 336
person 0.0011 47 268 108 329
person 0.0011 266 263 323 410
person 0.0011 295 300 321 410
person 0.0011 298 266 324 332
person 0.0010 286 275 304 318
person 0.0010 5 268 36 332
person 0.0010 358 333 373 383
person 0.0010 18 270 53 361
person 0.0010 139 313 159 354
person 0.0010 324 294 348 333
pottedplant 0.0113 265 184 301 261
pottedplant 0.0041 279 182 309 298
pottedplant 0.0041 271 142 330 281
pottedplant 0.0030 263 126 342 376
pottedplant 0.0019 6 207 38 274
pottedplant 0.0019 251 142 310 264
pottedplant 0.0018 9 222 33 260
pottedplant 0.0014 22 226 48 261
pottedplant 0.0012 258 160 303 323
tvmonitor 0.0026 193 185 254 333
