chair 0.4465 1 185 172 355
chair 0.0299 107 171 241 362
chair 0.0144 22 228 239 368
chair 0.0092 6 0 40 127
chair 0.0077 0 196 62 335
chair 0.0064 214 164 360 378
chair 0.0052 429 130 509 358
chair 0.0051 6 244 131 343
chair 0.0039 469 162 499 284
chair 0.0037 127 224 287 375
chair 0.0024 0 153 58 283
chair 0.0021 0 137 47 191
chair 0.0021 198 257 300 352
chair 0.0018 -12 126 72 314
chair 0.0018 293 183 440 358
chair 0.0015 10 191 106 294
chair 0.0014 0 32 29 122
chair 0.0014 155 258 269 351
chair 0.0013 438 181 501 309
chair 0.0012 130 254 213 349
chair 0.0012 2 169 49 247
chair 0.0012 330 220 416 321
chair 0.0012 358 76 389 105
chair 0.0011 230 226 422 367
person 0.7950 43 99 224 337
person 0.7315 332 82 483 353
person 0.5318 245 105 334 335
person 0.3891 214 125 365 365
person 0.2296 154 115 258 371
person 0.1035 193 105 290 333
person 0.0489 300 54 429 322
person 0.0405 378 144 501 345
person 0.0386 184 98 259 179
person 0.0284 251 95 327 217
person 0.0239 262 87 395 290
person 0.0235 191 104 461 328
person 0.0151 62 113 358 376
person 0.0139 186 116 254 259
person 0.0107 101 98 244 283
person 0.0106 294 71 343 145
person 0.0092 360 68 383 96
person 0.0086 177 108 226 163
person 0.0069 289 76 379 166
person 0.0065 304 77 368 225
person 0.0057 194 98 249 148
person 0.0055 254 139 321 288
person 0.0038 204 91 285 175
person 0.0036 431 99 514 339
person 0.0036 404 306 494 370
person 0.0035 213 104 262 168
person 0.0028 140 106 193 163
person 0.0027 316 101 407 208
person 0.0025 211 121 277 254
person 0.0024 364 164 445 271
person 0.0024 125 191 221 293
person 0.0024 118 355 168 375
person 0.0024 476 188 500 343
person 0.0023 132 100 229 176
person 0.0022 200 124 238 292
person 0.0021 339 70 371 95
person 0.0021 256 101 303 198
person 0.0018 100 131 225 201
person 0.0018 75 168 190 259
person 0.0015 348 113 455 201
person 0.0015 174 177 245 308
person 0.0015 343 197 409 303
person 0.0015 183 89 308 241
person 0.0015 299 90 343 184
person 0.0012 168 136 196 164
person 0.0011 253 75 341 170
person 0.0011 213 80 362 196
person 0.0011 312 67 356 120
person 0.0010 186 118 216 153
person 0.0010 252 95 305 153
person 0.0010 276 158 377 273
pottedplant 0.0036 236 0 279 22
pottedplant 0.0021 227 -1 258 22
sofa 0.3040 1 131 191 360
sofa 0.0328 199 115 453 373
sofa 0.0109 224 193 418 349
sofa 0.0013 58 168 365 376
tvmonitor 0.0012 360 36 384 65
