aeroplane 0.3084 126 72 449 244
aeroplane 0.0068 149 165 427 260
aeroplane 0.0044 69 131 352 244
aeroplane 0.0042 405 201 461 216
aeroplane 0.0036 263 91 463 229
aeroplane 0.0023 69 217 197 270
aeroplane 0.0015 191 45 386 215
aeroplane 0.0015 154 185 348 249
aeroplane 0.0011 434 200 463 220
aeroplane 0.0011 313 121 420 196
bicycle 0.0029 468 256 504 301
bicycle 0.0012 374 254 454 303
boat 0.0065 39 283 229 328
boat 0.0012 18 257 250 350
boat 0.0012 208 55 263 100
car 0.2686 39 188 95 206
car 0.2683 17 188 79 205
car 0.1517 0 176 97 213
car 0.1204 -2 192 26 219
car 0.0441 19 196 75 216
car 0.0411 4 186 48 210
car 0.0364 62 186 105 206
car 0.0296 405 272 457 294
car 0.0183 0 188 55 222
car 0.0135 30 285 65 313
car 0.0122 39 195 90 216
car 0.0119 128 171 164 194
car 0.0080 -4 190 102 222
car 0.0078 379 260 449 296
car 0.0066 -5 177 33 215
car 0.0057 48 291 241 324
car 0.0057 428 271 473 293
car 0.0048 302 333 427 379
car 0.0038 121 172 172 211
car 0.0029 388 267 438 292
car 0.0028 82 184 123 202
car 0.0024 417 263 483 297
car 0.0022 389 260 513 301
car 0.0020 48 297 85 316
car 0.0019 32 163 158 218
car 0.0017 345 302 464 369
car 0.0017 62 196 105 216
car 0.0015 201 186 376 255
car 0.0014 229 229 291 247
car 0.0014 0 204 22 238
car 0.0013 476 278 500 306
car 0.0013 -1 190 26 255
car 0.0013 4 185 168 230
car 0.0013 105 214 178 256
car 0.0012 124 189 299 246
car 0.0011 456 271 489 297
person 0.0078 474 265 501 297
person 0.0019 390 246 497 304
person 0.0014 381 240 417 293
person 0.0011 385 249 408 287
