bus 0.0045 126 -5 358 273
car 0.0017 204 27 332 246
chair 0.0252 191 163 283 275
chair 0.0078 28 384 93 506
chair 0.0045 52 391 121 498
chair 0.0042 266 291 324 429
chair 0.0030 14 346 115 532
chair 0.0025 177 206 257 295
chair 0.0023 253 248 333 476
chair 0.0016 66 134 214 281
chair 0.0015 43 435 148 505
chair 0.0015 77 391 146 495
chair 0.0011 124 160 203 266
chair 0.0011 232 2 317 133
chair 0.0010 154 203 229 300
diningtable 0.1641 3 221 329 507
diningtable 0.0193 21 319 209 490
diningtable 0.0140 103 259 280 470
diningtable 0.0024 0 301 128 506
diningtable 0.0011 171 261 315 464
diningtable 0.0010 121 252 364 552
person 0.0048 319 70 332 219
person 0.0033 5 220 30 292
person 0.0031 10 234 26 280
person 0.0015 320 156 332 206
person 0.0011 -1 -6 17 103
person 0.0010 0 238 15 282
pottedplant 0.0038 199 -6 283 53
pottedplant 0.0014 225 -3 301 62
pottedplant 0.0013 228 0 271 54
pottedplant 0.0012 207 11 281 96
pottedplant 0.0010 243 0 281 23
train 0.0962 57 -21 326 290
train 0.0049 5 37 225 307
train 0.0028 114 17 271 252
tvmonitor 0.0559 -2 82 181 269
tvmonitor 0.0042 43 0 122 91
tvmonitor 0.0029 -13 -73 192 265
tvmonitor 0.0024 23 -21 155 213
tvmonitor 0.0021 41 117 136 231
tvmonitor 0.0016 180 35 220 106
tvmonitor 0.0010 39 87 138 187
