cat 0.0059 201 26 527 291
chair 0.0021 2 -6 41 75
person 0.0015 1 256 192 396
sheep 0.2494 152 44 501 330
sheep 0.0594 218 79 437 293
sheep 0.0295 95 112 251 320
sheep 0.0258 15 141 182 349
sheep 0.0253 0 64 423 310
sheep 0.0160 364 139 516 350
sheep 0.0134 158 60 261 140
sheep 0.0126 71 104 204 275
sheep 0.0093 61 146 145 233
sheep 0.0067 127 169 216 263
sheep 0.0054 83 159 180 267
sheep 0.0037 313 124 490 309
sheep 0.0037 119 95 225 166
sheep 0.0037 46 118 148 199
sheep 0.0033 138 92 362 280
sheep 0.0030 128 38 293 159
sheep 0.0024 159 121 261 195
sheep 0.0023 262 148 392 226
sheep 0.0022 81 113 184 204
sheep 0.0020 121 117 222 201
sheep 0.0019 158 175 265 252
sheep 0.0018 189 59 390 199
sheep 0.0018 197 203 299 285
sheep 0.0018 400 255 497 346
sheep 0.0017 155 91 267 163
sheep 0.0017 17 88 183 236
sheep 0.0015 87 58 260 204
sheep 0.0014 122 69 222 137
sheep 0.0014 196 174 303 255
sheep 0.0013 235 145 341 228
sheep 0.0012 228 163 251 195
sheep 0.0012 156 165 343 323
sheep 0.0011 63 101 109 148
