boat 0.0155 334 194 479 238
boat 0.0060 368 211 496 259
boat 0.0031 410 213 455 230
boat 0.0030 427 212 475 230
boat 0.0029 88 161 131 236
boat 0.0018 387 201 516 243
boat 0.0017 392 214 431 231
boat 0.0016 413 202 451 223
boat 0.0015 388 227 436 244
boat 0.0012 419 205 482 237
boat 0.0010 446 188 494 234
car 0.0277 2 210 49 259
car 0.0015 475 186 503 209
car 0.0011 9 220 44 251
chair 0.0021 410 246 496 329
chair 0.0010 3 224 50 270
person 0.0025 381 199 406 225
train 0.6155 187 197 382 242
train 0.1012 215 212 364 257
train 0.0926 264 202 365 247
train 0.0732 89 175 337 257
train 0.0389 81 200 247 244
train 0.0373 51 42 447 289
train 0.0258 145 198 299 246
train 0.0252 54 164 155 233
train 0.0163 17 195 178 234
train 0.0159 120 200 375 281
train 0.0147 265 195 465 239
train 0.0143 230 202 287 245
train 0.0075 99 178 194 241
train 0.0066 126 187 275 235
train 0.0052 305 205 366 240
train 0.0045 0 194 114 241
train 0.0033 5 164 108 226
train 0.0029 272 218 457 268
train 0.0029 221 178 426 262
train 0.0025 278 211 386 258
train 0.0024 84 157 491 328
train 0.0023 117 79 305 254
train 0.0020 286 187 385 233
train 0.0017 44 169 232 260
train 0.0016 179 132 396 256
train 0.0016 4 141 190 243
train 0.0014 128 214 293 267
train 0.0013 60 204 192 239
train 0.0012 83 183 134 238
train 0.0011 192 202 247 241
train 0.0011 1 173 63 249
train 0.0010 108 203 173 240
train 0.0010 228 164 348 226
