bottle 0.0024 344 96 398 145
bottle 0.0012 346 133 440 200
bottle 0.0010 374 96 410 119
bottle 0.0010 393 81 433 105
bottle 0.0010 369 93 415 149
cat 0.2733 30 63 315 369
cat 0.0133 115 131 293 358
cat 0.0120 241 149 416 344
cat 0.0047 110 100 466 389
cat 0.0010 273 198 379 294
chair 0.1343 229 12 330 74
chair 0.1037 6 3 90 99
chair 0.0522 98 26 151 100
chair 0.0334 83 18 180 83
chair 0.0233 204 -1 351 44
chair 0.0231 38 53 92 100
chair 0.0159 30 14 158 88
chair 0.0118 262 11 391 72
chair 0.0093 178 8 304 62
chair 0.0091 -1 -5 107 153
chair 0.0083 0 41 60 155
chair 0.0063 270 2 330 41
chair 0.0063 291 5 349 62
chair 0.0061 -1 24 27 162
chair 0.0040 196 44 316 90
chair 0.0038 -15 4 66 197
chair 0.0033 95 17 154 57
chair 0.0033 296 17 432 78
chair 0.0032 264 0 369 47
chair 0.0024 204 -3 364 90
chair 0.0024 319 50 485 98
chair 0.0023 249 0 308 43
chair 0.0019 -1 -11 23 111
chair 0.0018 77 44 269 90
chair 0.0016 0 46 97 107
chair 0.0016 204 47 273 84
chair 0.0015 103 23 147 46
chair 0.0015 279 8 318 37
chair 0.0014 1 13 46 117
chair 0.0013 204 14 273 56
chair 0.0012 105 61 144 95
chair 0.0012 185 -12 332 28
chair 0.0011 88 27 126 101
chair 0.0010 61 -12 211 108
chair 0.0010 2 289 112 367
chair 0.0010 155 6 264 87
diningtable 0.0073 186 53 370 99
diningtable 0.0034 61 7 515 251
diningtable 0.0022 278 56 469 102
diningtable 0.0019 246 100 411 275
diningtable 0.0018 194 69 383 121
diningtable 0.0013 137 56 303 96
person 0.0509 388 76 501 138
person 0.0484 405 64 497 180
person 0.0109 374 64 501 247
person 0.0088 438 83 502 166
person 0.0046 323 76 486 127
person 0.0042 355 115 452 207
person 0.0039 351 86 463 164
person 0.0028 395 106 492 205
person 0.0022 472 60 499 184
person 0.0019 410 73 485 115
person 0.0016 -7 81 133 297
person 0.0015 320 150 488 341
person 0.0015 0 -3 65 104
person 0.0014 441 72 503 117
person 0.0013 331 55 495 104
pottedplant 0.0241 188 42 368 88
pottedplant 0.0098 215 56 380 98
pottedplant 0.0085 225 77 428 125
pottedplant 0.0057 276 53 320 75
pottedplant 0.0040 263 52 467 96
pottedplant 0.0038 276 62 318 88
pottedplant 0.0029 311 89 416 160
pottedplant 0.0027 256 55 302 76
pottedplant 0.0019 265 48 328 80
pottedplant 0.0018 271 83 456 236
pottedplant 0.0014 256 89 377 154
pottedplant 0.0013 212 26 381 75
pottedplant 0.0013 316 114 415 206
pottedplant 0.0012 48 0 86 19
pottedplant 0.0011 206 29 446 115
