bottle 0.0037 74 14 98 47
bottle 0.0029 66 8 105 51
bottle 0.0017 194 165 213 204
bottle 0.0015 187 159 219 206
bottle 0.0014 78 143 97 178
bottle 0.0013 71 131 104 186
bottle 0.0012 200 132 239 187
bottle 0.0010 265 156 291 186
chair 0.4188 253 92 385 151
chair 0.0589 240 97 283 144
chair 0.0263 240 106 359 167
chair 0.0181 225 100 264 144
chair 0.0113 86 158 165 233
chair 0.0089 229 147 289 195
chair 0.0073 0 144 27 225
chair 0.0064 3 252 105 334
chair 0.0060 0 239 25 334
chair 0.0050 217 92 379 186
chair 0.0038 117 137 211 204
chair 0.0037 152 144 210 196
chair 0.0036 284 98 348 146
chair 0.0034 85 180 133 236
chair 0.0033 -10 213 58 321
chair 0.0033 222 96 337 144
chair 0.0033 249 107 299 154
chair 0.0031 4 121 93 222
chair 0.0030 1 121 44 225
chair 0.0029 8 226 91 314
chair 0.0028 273 123 356 191
chair 0.0028 234 90 413 234
chair 0.0025 -19 231 132 345
chair 0.0024 31 258 152 328
chair 0.0022 -2 281 23 339
chair 0.0021 -2 288 117 337
chair 0.0021 198 105 296 181
chair 0.0020 271 89 397 129
chair 0.0019 238 160 285 206
chair 0.0017 2 262 51 337
chair 0.0017 -12 163 125 323
chair 0.0015 371 186 509 348
chair 0.0014 197 86 303 137
chair 0.0014 97 146 145 225
chair 0.0012 265 100 326 143
chair 0.0012 6 199 108 280
chair 0.0011 242 118 278 146
chair 0.0011 -32 148 71 336
chair 0.0010 3 169 42 247
chair 0.0010 308 100 361 143
chair 0.0010 233 121 293 173
diningtable 0.3258 -40 183 386 351
diningtable 0.2480 10 116 489 317
diningtable 0.0242 52 217 524 367
diningtable 0.0187 21 238 326 349
diningtable 0.0155 79 173 344 314
diningtable 0.0082 86 142 166 228
diningtable 0.0078 160 211 418 326
diningtable 0.0034 133 137 289 196
diningtable 0.0032 -8 164 201 321
diningtable 0.0032 219 141 297 201
diningtable 0.0027 269 185 385 244
diningtable 0.0024 173 141 401 293
diningtable 0.0018 232 125 422 258
diningtable 0.0016 80 124 341 255
diningtable 0.0016 140 261 282 330
diningtable 0.0016 180 126 549 356
diningtable 0.0015 172 104 405 225
diningtable 0.0014 112 233 235 300
diningtable 0.0013 71 233 195 303
diningtable 0.0012 -1 84 424 246
diningtable 0.0011 152 230 272 302
diningtable 0.0010 187 154 306 217
diningtable 0.0010 234 230 344 304
diningtable 0.0010 113 156 222 220
person 0.9023 16 43 153 232
person 0.1570 328 4 480 274
person 0.0986 386 -15 502 293
person 0.0320 335 34 546 348
person 0.0123 85 89 156 177
person 0.0091 428 42 522 290
person 0.0061 -7 41 74 237
person 0.0059 40 61 139 172
person 0.0032 372 141 500 335
person 0.0031 292 110 433 267
person 0.0026 196 98 533 334
person 0.0025 260 69 472 210
person 0.0024 60 99 196 224
person 0.0023 331 137 412 207
person 0.0020 338 150 445 216
person 0.0019 0 84 21 208
person 0.0018 0 90 128 188
person 0.0017 50 122 145 208
person 0.0016 104 92 149 150
person 0.0016 0 21 25 48
person 0.0015 80 129 172 208
person 0.0012 413 30 541 197
person 0.0011 205 38 523 241
person 0.0011 -24 116 67 317
person 0.0011 -24 22 217 208
pottedplant 0.0086 -2 31 26 54
tvmonitor 0.0057 -1 71 46 146
tvmonitor 0.0042 151 132 204 188
