bottle 0.0095 102 440 146 500
bottle 0.0048 98 433 172 507
bottle 0.0026 56 200 74 243
bottle 0.0024 68 201 89 243
bottle 0.0018 157 124 175 165
bottle 0.0016 82 199 102 242
bottle 0.0013 94 201 121 234
bottle 0.0012 108 199 134 239
bottle 0.0012 66 147 90 184
bottle 0.0011 173 166 211 231
bottle 0.0010 127 370 148 457
chair 0.1830 2 253 84 477
chair 0.0725 298 73 370 202
chair 0.0307 -1 310 72 444
chair 0.0271 -4 117 99 457
chair 0.0212 -4 328 49 479
chair 0.0167 -1 355 71 506
chair 0.0141 8 220 192 430
chair 0.0098 -9 263 141 453
chair 0.0089 82 280 131 468
chair 0.0085 274 73 343 211
chair 0.0080 0 1 41 60
chair 0.0079 9 323 188 473
chair 0.0075 2 466 101 502
chair 0.0060 0 344 18 480
chair 0.0052 274 167 379 403
chair 0.0048 66 318 94 429
chair 0.0046 121 248 248 465
chair 0.0044 279 63 381 271
chair 0.0042 1 269 70 402
chair 0.0041 51 351 145 461
chair 0.0041 0 15 19 112
chair 0.0032 12 270 132 389
chair 0.0030 332 88 374 197
chair 0.0030 133 321 195 464
chair 0.0026 23 308 107 428
chair 0.0024 0 282 36 390
chair 0.0024 -1 270 22 439
chair 0.0023 -5 437 86 505
chair 0.0023 10 392 128 491
chair 0.0023 19 477 79 500
chair 0.0022 293 219 369 352
chair 0.0022 306 80 339 206
chair 0.0018 -11 182 52 468
chair 0.0018 -7 238 51 357
chair 0.0018 320 75 358 177
chair 0.0017 357 84 376 202
chair 0.0016 2 403 40 497
chair 0.0016 151 257 228 395
chair 0.0016 285 242 373 483
chair 0.0014 55 307 141 431
chair 0.0014 183 292 243 442
chair 0.0013 85 309 175 431
chair 0.0012 -1 -8 20 66
chair 0.0011 141 351 233 460
diningtable 0.0699 -8 219 155 432
diningtable 0.0133 6 443 131 503
diningtable 0.0078 -6 370 208 502
diningtable 0.0040 80 437 180 505
diningtable 0.0014 28 397 173 493
diningtable 0.0014 -37 254 239 471
dog 0.6529 194 240 353 477
dog 0.0197 206 237 287 334
dog 0.0050 209 270 283 375
dog 0.0042 184 194 307 390
dog 0.0028 186 247 233 396
dog 0.0012 218 307 329 429
dog 0.0011 191 224 286 296
person 0.7255 -2 47 204 452
person 0.5266 64 -23 252 448
person 0.1735 87 28 235 236
person 0.1184 9 43 120 240
person 0.0456 30 159 230 415
person 0.0161 114 100 259 393
person 0.0143 85 116 346 459
person 0.0125 -3 81 102 407
person 0.0096 183 232 232 400
person 0.0045 219 206 381 446
person 0.0039 213 199 283 303
person 0.0034 4 68 88 198
person 0.0029 120 218 248 423
person 0.0028 195 241 230 354
person 0.0027 34 8 168 198
person 0.0025 -13 105 48 395
person 0.0025 25 58 118 144
person 0.0022 153 39 270 223
person 0.0021 177 201 255 304
person 0.0019 173 192 255 464
person 0.0019 22 66 180 272
person 0.0019 0 84 15 279
person 0.0018 197 155 353 342
person 0.0015 -16 -11 218 283
person 0.0015 189 104 302 317
person 0.0015 183 67 254 194
person 0.0015 317 46 391 230
person 0.0014 285 64 381 358
person 0.0014 89 45 171 154
person 0.0012 361 407 374 459
person 0.0011 358 294 374 454
pottedplant 0.0011 21 -1 50 24
sofa 0.0067 120 167 369 484
sofa 0.0032 216 165 390 409
