bottle 0.0024 153 46 177 84
bottle 0.0018 167 50 192 84
bottle 0.0016 145 42 185 87
bottle 0.0013 165 63 196 87
car 0.7872 109 104 467 270
car 0.7745 385 87 508 241
car 0.0325 432 99 505 226
car 0.0270 388 103 519 170
car 0.0232 257 97 463 235
car 0.0154 75 129 279 244
car 0.0062 201 65 242 86
car 0.0057 102 121 143 146
car 0.0054 370 121 498 210
car 0.0047 125 124 160 151
car 0.0039 93 116 151 151
car 0.0039 219 65 260 86
car 0.0037 116 117 169 158
car 0.0031 101 137 146 159
car 0.0031 98 109 226 166
car 0.0023 122 139 166 159
car 0.0021 160 149 340 226
car 0.0021 94 123 123 149
car 0.0017 298 110 432 162
car 0.0016 80 147 190 223
car 0.0016 302 59 581 258
car 0.0016 341 148 467 223
car 0.0015 95 129 151 169
car 0.0014 374 104 458 196
car 0.0014 91 122 197 179
car 0.0014 384 112 439 157
car 0.0013 390 176 501 240
car 0.0013 296 121 433 201
car 0.0013 111 146 234 231
car 0.0011 467 148 501 239
car 0.0011 149 106 270 159
car 0.0010 255 100 415 173
car 0.0010 106 113 143 138
person 0.0110 103 8 135 92
person 0.0043 400 77 420 116
person 0.0027 395 79 425 135
person 0.0018 381 75 415 139
person 0.0015 392 87 431 155
person 0.0013 471 165 498 253
person 0.0012 477 78 501 103
