bird 0.4461 241 153 422 329
bird 0.0538 87 17 239 302
bird 0.0189 195 83 458 350
bird 0.0042 257 90 411 285
bird 0.0026 118 132 291 299
bird 0.0015 304 188 414 296
bird 0.0011 113 166 234 271
chair 0.0050 396 -7 503 49
horse 0.2209 93 114 251 308
horse 0.0013 53 30 291 342
person 0.0027 139 42 262 275
person 0.0018 40 -6 383 323
pottedplant 0.0602 92 -6 251 154
pottedplant 0.0469 11 -12 180 217
pottedplant 0.0441 7 -6 262 324
pottedplant 0.0256 168 14 244 129
pottedplant 0.0117 125 19 224 123
pottedplant 0.0096 21 67 114 178
pottedplant 0.0059 155 2 255 203
pottedplant 0.0037 14 24 94 118
pottedplant 0.0032 53 75 137 185
pottedplant 0.0031 88 22 177 120
pottedplant 0.0029 42 28 145 113
pottedplant 0.0027 -17 50 132 208
pottedplant 0.0027 0 -1 55 46
pottedplant 0.0015 -12 -6 124 152
pottedplant 0.0015 -12 -57 281 202
pottedplant 0.0014 -24 0 61 86
pottedplant 0.0014 -28 32 65 111
pottedplant 0.0012 39 5 148 82
pottedplant 0.0012 13 113 102 206
pottedplant 0.0012 -14 -9 73 53
pottedplant 0.0010 41 109 149 206
