bus 0.0033 301 113 332 258
car 0.0017 304 96 330 193
person 0.8538 187 312 233 432
person 0.5623 233 334 271 419
person 0.0322 193 326 282 423
person 0.0204 240 304 283 429
person 0.0083 244 324 275 393
person 0.0066 185 294 251 386
person 0.0038 237 352 263 399
person 0.0034 162 278 234 456
person 0.0025 224 338 255 413
person 0.0024 316 185 332 228
person 0.0024 204 331 240 414
person 0.0017 191 305 229 370
person 0.0015 305 210 329 384
person 0.0014 182 296 217 420
person 0.0011 315 236 332 397
person 0.0011 215 355 278 434
person 0.0010 197 348 223 397
person 0.0010 237 334 262 378
pottedplant 0.0388 303 180 328 257
pottedplant 0.0176 305 195 322 243
pottedplant 0.0023 309 159 335 248
pottedplant 0.0022 317 193 331 248
pottedplant 0.0015 294 143 334 263
pottedplant 0.0013 305 184 325 226
train 0.0041 42 67 290 432
tvmonitor 0.0012 294 140 344 274
tvmonitor 0.0012 -1 133 34 199
