bottle 0.0010 0 30 22 136
bus 0.0087 126 25 449 205
bus 0.0012 227 56 425 188
car 0.5960 131 83 448 207
car 0.3559 2 125 89 217
car 0.1255 -12 92 71 233
car 0.0216 1 115 47 229
car 0.0193 139 125 265 222
car 0.0097 449 91 503 192
car 0.0036 114 127 230 204
car 0.0029 324 79 464 204
car 0.0028 347 100 452 182
car 0.0027 -8 42 99 249
car 0.0023 147 114 276 176
car 0.0020 89 87 262 203
car 0.0018 191 138 385 197
car 0.0015 201 109 377 171
car 0.0015 155 92 266 147
car 0.0012 188 91 307 143
car 0.0010 452 121 527 198
motorbike 0.0300 0 128 61 240
motorbike 0.0032 -19 107 75 265
person 0.1423 478 112 500 207
person 0.0351 474 69 501 173
person 0.0229 1 101 30 217
person 0.0117 1 94 56 226
person 0.0093 359 108 387 132
person 0.0064 5 81 40 187
person 0.0061 322 107 348 132
person 0.0058 279 121 311 146
person 0.0055 341 108 370 131
person 0.0045 341 98 368 125
person 0.0042 0 57 22 188
person 0.0027 479 124 500 169
person 0.0021 365 67 385 97
person 0.0021 264 121 297 144
person 0.0020 324 98 347 125
person 0.0016 360 98 390 126
person 0.0016 -16 15 71 222
person 0.0015 0 149 21 245
person 0.0014 263 109 293 137
person 0.0011 478 29 499 137
person 0.0010 379 107 406 134
