bottle 0.0191 122 1 225 65
bottle 0.0093 248 67 303 117
bottle 0.0069 191 27 250 75
bottle 0.0031 41 2 131 66
bottle 0.0031 126 2 196 42
bottle 0.0023 186 41 259 84
bottle 0.0019 49 0 203 46
bottle 0.0017 199 0 243 70
bottle 0.0014 188 5 214 35
bottle 0.0012 183 -2 226 70
bottle 0.0011 76 0 136 44
car 0.1473 112 -1 218 42
car 0.0049 170 0 329 47
car 0.0047 192 7 305 71
car 0.0026 221 18 356 66
car 0.0018 267 43 387 101
car 0.0014 201 33 307 105
car 0.0014 231 37 344 103
cat 0.4409 348 134 513 350
cat 0.2876 287 45 520 386
cat 0.0353 359 51 504 267
cat 0.0163 -1 16 118 244
cat 0.0011 375 194 500 294
cat 0.0010 403 116 538 317
chair 0.0018 122 11 297 70
chair 0.0015 195 23 284 76
diningtable 0.0087 -32 -13 454 214
diningtable 0.0019 50 56 526 317
diningtable 0.0017 130 62 291 125
diningtable 0.0014 98 -2 323 144
dog 0.3730 -2 24 118 291
dog 0.0083 -21 0 214 317
dog 0.0056 -12 49 73 317
person 0.0134 1 -6 47 46
person 0.0070 16 -1 175 39
person 0.0019 1 0 22 39
person 0.0014 -38 -4 308 263
person 0.0013 8 0 45 23
person 0.0013 -63 42 409 332
person 0.0011 -6 11 118 73
person 0.0011 117 44 535 330
pottedplant 0.0125 57 -1 217 41
tvmonitor 0.0174 280 -2 450 40
tvmonitor 0.0173 291 9 440 69
tvmonitor 0.0033 207 1 371 42
tvmonitor 0.0016 281 -6 449 104
