bottle 0.0059 422 225 443 256
bottle 0.0022 409 202 448 261
bottle 0.0015 362 222 395 245
bottle 0.0013 436 231 461 253
cat 0.0471 44 270 222 347
chair 0.0116 4 170 40 267
chair 0.0102 0 168 22 268
chair 0.0089 269 304 466 345
chair 0.0026 89 272 242 344
chair 0.0026 212 302 362 344
chair 0.0024 127 177 212 261
chair 0.0022 8 253 202 345
chair 0.0021 125 304 238 343
chair 0.0021 411 73 492 160
chair 0.0016 245 253 485 350
chair 0.0014 0 184 19 223
chair 0.0013 362 261 421 303
chair 0.0013 1 207 18 254
chair 0.0012 278 277 453 339
chair 0.0012 363 214 416 251
chair 0.0012 113 319 292 345
chair 0.0012 177 276 325 338
chair 0.0011 0 155 60 256
chair 0.0010 177 243 400 360
diningtable 0.0016 -24 144 293 354
dog 0.0080 37 275 208 345
dog 0.0033 70 297 194 347
person 0.0017 423 111 445 141
person 0.0017 478 119 497 158
person 0.0016 472 92 499 156
person 0.0011 437 110 462 142
person 0.0011 453 100 489 151
person 0.0010 461 109 483 142
pottedplant 0.2461 3 84 190 265
pottedplant 0.2260 23 178 111 276
pottedplant 0.1068 6 122 119 274
pottedplant 0.0986 61 115 207 282
pottedplant 0.0884 0 154 53 200
pottedplant 0.0825 194 141 239 185
pottedplant 0.0648 110 86 215 260
pottedplant 0.0630 102 109 182 195
pottedplant 0.0577 237 88 285 138
pottedplant 0.0537 142 136 187 189
pottedplant 0.0337 206 138 236 167
pottedplant 0.0318 126 119 200 227
pottedplant 0.0315 46 156 123 254
pottedplant 0.0288 31 154 72 201
pottedplant 0.0266 158 125 198 179
pottedplant 0.0239 42 212 141 281
pottedplant 0.0203 208 99 289 193
pottedplant 0.0203 75 168 171 267
pottedplant 0.0193 -3 128 63 201
pottedplant 0.0190 203 147 231 178
pottedplant 0.0185 0 18 191 169
pottedplant 0.0166 -18 41 131 194
pottedplant 0.0162 187 153 216 199
pottedplant 0.0150 100 157 182 244
pottedplant 0.0133 116 123 170 180
pottedplant 0.0125 9 163 42 193
pottedplant 0.0121 190 149 217 182
pottedplant 0.0120 232 83 292 164
pottedplant 0.0100 -1 141 29 213
pottedplant 0.0092 38 160 63 194
pottedplant 0.0091 48 127 145 219
pottedplant 0.0088 4 110 88 194
pottedplant 0.0087 7 47 108 137
pottedplant 0.0086 140 133 222 196
pottedplant 0.0086 209 141 268 186
pottedplant 0.0083 11 189 179 307
pottedplant 0.0078 -5 149 58 245
pottedplant 0.0077 182 133 228 173
pottedplant 0.0077 220 140 252 164
pottedplant 0.0069 -6 78 68 172
pottedplant 0.0068 166 146 193 181
pottedplant 0.0061 190 140 219 168
pottedplant 0.0057 140 112 186 167
pottedplant 0.0053 42 143 83 212
pottedplant 0.0051 188 134 257 194
pottedplant 0.0049 82 131 167 226
pottedplant 0.0049 15 21 98 108
pottedplant 0.0047 244 96 274 127
pottedplant 0.0043 -23 51 292 292
pottedplant 0.0042 59 209 109 278
pottedplant 0.0042 9 150 41 180
pottedplant 0.0039 260 129 296 149
pottedplant 0.0038 210 132 280 218
pottedplant 0.0037 133 100 289 249
pottedplant 0.0037 166 135 193 169
pottedplant 0.0036 45 49 144 137
pottedplant 0.0035 151 145 178 181
pottedplant 0.0034 18 137 76 193
pottedplant 0.0034 108 113 150 190
pottedplant 0.0033 51 100 143 187
pottedplant 0.0032 181 159 255 238
pottedplant 0.0029 84 78 184 157
pottedplant 0.0028 -2 75 23 175
pottedplant 0.0028 167 105 254 184
pottedplant 0.0026 120 100 200 180
pottedplant 0.0025 -11 -5 130 139
pottedplant 0.0025 41 26 150 101
pottedplant 0.0024 47 52 222 188
pottedplant 0.0024 37 214 96 271
pottedplant 0.0024 48 171 92 263
pottedplant 0.0024 5 143 88 212
pottedplant 0.0023 -49 70 91 221
pottedplant 0.0021 29 163 61 247
pottedplant 0.0020 2 92 55 157
pottedplant 0.0020 -28 121 79 272
pottedplant 0.0019 -83 27 198 263
pottedplant 0.0018 142 148 218 235
pottedplant 0.0017 11 139 43 164
pottedplant 0.0016 19 95 72 155
pottedplant 0.0016 79 218 189 283
pottedplant 0.0015 242 77 330 156
pottedplant 0.0015 53 148 79 180
pottedplant 0.0015 0 158 23 194
pottedplant 0.0015 27 135 107 222
pottedplant 0.0014 0 146 21 183
pottedplant 0.0014 21 81 112 171
pottedplant 0.0014 155 152 201 201
pottedplant 0.0013 191 84 293 141
pottedplant 0.0013 0 172 19 209
pottedplant 0.0013 59 146 112 210
pottedplant 0.0011 99 162 150 221
pottedplant 0.0011 44 96 89 156
pottedplant 0.0011 194 51 315 190
pottedplant 0.0011 81 159 130 250
pottedplant 0.0010 149 123 179 154
pottedplant 0.0010 96 183 156 251
pottedplant 0.0010 255 118 297 161
pottedplant 0.0010 164 88 260 153
pottedplant 0.0010 80 53 188 128
sofa 0.0856 43 260 221 346
sofa 0.0055 152 307 346 345
sofa 0.0045 62 257 360 348
sofa 0.0035 97 305 245 348
sofa 0.0030 -10 235 433 369
tvmonitor 0.7107 273 179 358 252
tvmonitor 0.0667 268 140 320 191
tvmonitor 0.0400 255 149 379 253
tvmonitor 0.0106 267 133 335 249
tvmonitor 0.0078 209 144 278 250
tvmonitor 0.0021 405 76 499 152
tvmonitor 0.0020 311 177 356 234
tvmonitor 0.0016 260 126 296 200
tvmonitor 0.0012 267 190 332 243
tvmonitor 0.0011 366 223 421 261
tvmonitor 0.0010 295 203 340 226
