boat 0.3419 60 139 290 247
boat 0.1924 90 187 274 258
boat 0.0773 284 159 388 230
boat 0.0384 75 161 269 220
boat 0.0127 247 154 334 231
boat 0.0090 185 132 385 251
boat 0.0087 72 104 350 227
boat 0.0084 76 173 192 253
boat 0.0055 331 157 382 176
boat 0.0052 269 134 385 194
boat 0.0051 97 134 241 189
boat 0.0048 35 116 463 258
boat 0.0044 45 171 94 188
boat 0.0036 75 138 193 196
boat 0.0019 229 135 341 197
boat 0.0018 189 133 311 191
boat 0.0018 311 155 366 175
boat 0.0017 244 96 394 230
boat 0.0016 44 162 155 217
car 0.0194 321 109 351 129
car 0.0031 332 111 372 129
car 0.0014 262 140 300 167
chair 0.0044 261 181 295 259
chair 0.0043 280 180 317 235
chair 0.0029 44 89 92 127
chair 0.0010 243 168 336 249
cow 0.2732 288 175 392 239
cow 0.0042 384 163 445 230
cow 0.0013 395 163 440 201
cow 0.0011 346 166 445 247
cow 0.0010 306 150 366 240
dog 0.2200 287 145 388 246
dog 0.0459 316 171 390 240
dog 0.0144 384 171 444 242
dog 0.0012 395 163 467 230
horse 0.0343 264 179 377 237
horse 0.0099 293 181 336 237
horse 0.0014 258 150 336 241
person 0.4506 254 169 295 244
person 0.1371 81 190 125 251
person 0.1277 394 171 440 240
person 0.0503 249 164 277 228
person 0.0405 133 192 157 220
person 0.0239 249 162 275 195
person 0.0210 242 150 315 241
person 0.0204 132 180 159 211
person 0.0133 358 151 386 175
person 0.0133 259 147 298 216
person 0.0119 270 144 314 219
person 0.0095 278 141 310 166
person 0.0091 69 207 103 238
person 0.0087 114 135 143 165
person 0.0066 93 192 121 229
person 0.0062 263 184 291 233
person 0.0056 247 156 278 180
person 0.0053 100 189 140 252
person 0.0049 147 178 177 209
person 0.0046 258 155 300 177
person 0.0040 278 150 310 177
person 0.0036 115 129 163 177
person 0.0031 126 185 165 229
person 0.0031 207 176 233 208
person 0.0028 108 138 152 187
person 0.0027 263 162 290 196
person 0.0027 145 194 179 218
person 0.0026 253 147 310 188
person 0.0025 107 191 136 224
person 0.0023 68 93 96 121
person 0.0023 187 179 215 208
person 0.0022 49 211 83 239
person 0.0022 417 171 442 216
person 0.0019 300 191 328 229
person 0.0018 259 131 308 173
person 0.0016 52 92 84 127
person 0.0016 163 167 199 191
person 0.0015 88 199 119 242
person 0.0014 184 171 220 194
person 0.0013 139 170 187 216
person 0.0013 62 180 143 250
person 0.0012 40 202 93 243
person 0.0012 71 197 99 225
person 0.0012 353 145 388 188
person 0.0011 86 170 132 224
person 0.0011 167 178 198 208
person 0.0011 288 186 310 232
person 0.0010 112 179 140 211
person 0.0010 297 153 331 177
person 0.0010 206 169 233 195
person 0.0010 104 167 148 222
pottedplant 0.0018 2 69 49 121
sheep 0.1237 397 167 437 225
sheep 0.0230 400 175 431 212
sheep 0.0075 400 169 433 192
sheep 0.0045 417 169 444 192
sheep 0.0018 311 197 358 220
