car 0.9161 323 77 494 193
car 0.8504 -22 101 368 330
car 0.0387 88 73 485 302
car 0.0160 278 88 465 227
car 0.0055 75 93 346 230
car 0.0038 189 84 384 239
car 0.0027 27 97 244 280
car 0.0027 290 87 421 155
car 0.0022 423 91 511 184
car 0.0016 476 84 502 190
car 0.0015 335 85 374 107
car 0.0013 281 44 601 216
car 0.0011 331 82 375 133
car 0.0011 320 84 353 106
person 0.0050 282 122 314 148
person 0.0031 261 120 292 153
person 0.0028 227 137 254 168
person 0.0028 180 114 223 160
person 0.0027 241 119 277 181
person 0.0025 187 121 216 152
person 0.0021 254 113 298 159
person 0.0019 478 52 500 162
person 0.0019 246 135 273 168
person 0.0018 224 127 259 178
person 0.0014 280 111 316 135
person 0.0013 228 120 253 155
person 0.0013 246 120 272 156
person 0.0012 399 51 427 80
person 0.0011 166 123 201 150
person 0.0011 481 73 499 113
pottedplant 0.0042 452 -1 495 73
pottedplant 0.0038 51 80 82 105
pottedplant 0.0027 472 -2 501 76
pottedplant 0.0021 30 77 64 103
pottedplant 0.0020 406 -1 497 73
pottedplant 0.0016 22 71 72 112
pottedplant 0.0015 2 58 51 104
pottedplant 0.0011 357 3 449 82
