bicycle 0.0051 52 148 379 501
horse 0.4756 71 61 360 437
horse 0.0092 155 136 335 440
horse 0.0041 123 75 311 348
horse 0.0016 180 62 424 514
person 0.0118 358 122 374 243
person 0.0082 360 38 375 211
person 0.0058 56 183 73 222
person 0.0037 99 179 118 219
person 0.0032 358 -19 375 152
person 0.0019 357 163 374 353
person 0.0016 331 144 381 278
person 0.0013 240 227 365 501
person 0.0013 361 114 374 172
person 0.0013 358 242 375 427
person 0.0010 361 94 374 155
pottedplant 0.0017 336 125 372 206
