bicycle 0.0032 32 129 297 445
bottle 0.0012 208 116 245 177
chair 0.0030 314 125 333 203
chair 0.0018 190 250 247 391
chair 0.0012 300 128 329 199
horse 0.5847 1 148 228 427
horse 0.0225 38 195 149 448
horse 0.0012 70 211 208 440
person 0.9046 193 109 282 395
person 0.0571 201 206 272 425
person 0.0089 60 86 321 412
person 0.0032 214 95 322 341
person 0.0017 200 170 278 331
person 0.0014 125 132 258 366
person 0.0013 207 131 279 222
person 0.0012 220 261 275 415
tvmonitor 0.0062 256 138 331 210
