bicycle 0.0034 365 325 481 366
bicycle 0.0016 79 171 401 358
bicycle 0.0012 126 234 355 348
car 0.0534 428 328 478 365
car 0.0077 451 342 482 365
car 0.0063 384 346 446 364
car 0.0036 379 325 489 365
car 0.0032 446 320 482 372
car 0.0022 396 109 470 200
car 0.0013 341 340 492 367
car 0.0011 398 339 471 368
chair 0.0093 364 97 483 325
chair 0.0041 333 118 443 357
chair 0.0034 114 189 366 333
chair 0.0026 281 90 414 337
chair 0.0019 417 107 483 197
chair 0.0017 393 123 474 239
chair 0.0011 373 135 423 213
dog 0.0100 163 41 462 323
dog 0.0036 278 62 418 312
horse 0.4854 95 65 384 354
horse 0.0318 50 24 429 229
horse 0.0193 156 47 332 208
horse 0.0127 81 74 250 291
horse 0.0056 67 50 184 319
horse 0.0012 197 112 283 194
horse 0.0011 158 106 249 192
person 0.0241 209 65 283 177
person 0.0119 248 98 292 170
person 0.0086 160 51 200 106
person 0.0068 167 24 301 188
person 0.0067 262 105 298 157
person 0.0062 154 49 249 147
person 0.0050 212 74 249 166
person 0.0049 131 44 206 153
person 0.0043 223 97 307 193
person 0.0043 221 80 269 162
person 0.0040 54 91 151 328
person 0.0036 228 105 270 185
person 0.0036 125 5 426 248
person 0.0034 165 92 257 201
person 0.0019 182 44 367 216
person 0.0018 458 105 480 213
person 0.0011 213 104 255 187
person 0.0011 399 104 507 316
person 0.0010 105 34 233 173
pottedplant 0.0123 268 50 359 146
pottedplant 0.0064 254 25 371 177
pottedplant 0.0017 265 90 363 164
pottedplant 0.0014 229 53 397 207
