bottle 0.0010 37 358 99 375
car 0.0161 453 55 500 134
car 0.0025 444 68 501 194
car 0.0023 471 67 501 177
car 0.0015 468 50 501 112
chair 0.0703 395 311 507 369
chair 0.0042 0 221 26 369
chair 0.0011 402 328 461 374
chair 0.0010 443 325 500 376
diningtable 0.0329 11 331 181 378
diningtable 0.0019 4 301 186 414
diningtable 0.0014 86 333 261 387
diningtable 0.0011 48 302 201 375
diningtable 0.0011 35 348 213 379
person 0.9317 193 122 323 365
person 0.9271 119 142 228 341
person 0.8894 48 135 129 349
person 0.7514 -3 132 60 354
person 0.5123 100 124 175 361
person 0.2973 130 122 286 363
person 0.1671 0 157 25 289
person 0.1442 28 130 104 316
person 0.0385 392 224 498 383
person 0.0291 392 295 505 369
person 0.0209 115 128 163 200
person 0.0205 109 119 161 252
person 0.0178 0 142 21 221
person 0.0149 3 165 43 337
person 0.0121 92 179 156 325
person 0.0105 49 130 116 257
person 0.0069 35 173 59 271
person 0.0066 57 166 109 308
person 0.0065 0 191 26 369
person 0.0065 439 246 497 369
person 0.0051 107 154 145 289
person 0.0046 445 298 501 373
person 0.0045 216 183 300 303
person 0.0038 476 72 500 200
person 0.0037 39 187 57 229
person 0.0036 39 202 55 246
person 0.0034 473 292 499 381
person 0.0029 96 193 118 224
person 0.0025 18 -4 169 39
person 0.0025 475 256 500 334
person 0.0024 36 180 57 213
person 0.0022 0 145 18 185
person 0.0021 122 179 156 297
person 0.0021 -19 169 40 277
person 0.0019 72 172 137 332
person 0.0018 0 156 18 204
person 0.0017 4 164 45 255
person 0.0017 112 193 137 226
person 0.0017 91 177 121 296
person 0.0015 171 70 403 363
person 0.0014 359 303 461 370
person 0.0014 48 156 89 290
person 0.0013 -16 202 39 329
person 0.0012 413 180 538 370
person 0.0010 414 261 526 404
person 0.0010 101 139 150 221
person 0.0010 110 211 177 334
person 0.0010 147 132 218 255
person 0.0010 33 186 64 316
person 0.0010 59 357 113 374
pottedplant 0.0011 477 232 499 332
train 0.0012 435 47 518 212
tvmonitor 0.0049 27 -2 183 45
tvmonitor 0.0013 37 -8 175 26
