bottle 0.0938 433 30 510 293
bottle 0.0075 441 51 500 209
bottle 0.0069 400 -7 492 215
bottle 0.0026 415 31 454 183
bottle 0.0018 402 7 464 152
bottle 0.0013 453 29 497 158
bottle 0.0013 426 35 467 152
bottle 0.0012 472 13 500 144
bottle 0.0011 468 58 502 186
cat 0.6934 28 -1 394 376
cat 0.0106 107 52 316 324
cat 0.0070 -11 72 282 359
cat 0.0020 322 36 480 279
cat 0.0013 157 49 495 324
chair 0.0059 391 55 501 316
chair 0.0019 404 0 487 91
chair 0.0013 329 7 461 63
chair 0.0011 413 -1 453 69
person 0.0151 433 56 507 320
person 0.0034 269 5 380 84
person 0.0024 471 105 499 253
person 0.0017 297 -3 451 44
person 0.0016 439 -21 519 172
person 0.0012 251 -1 402 142
person 0.0010 336 20 478 244
