chair 0.0398 47 85 209 298
chair 0.0347 224 112 300 206
chair 0.0296 220 137 362 291
chair 0.0171 402 139 498 332
chair 0.0112 200 97 303 280
chair 0.0089 82 112 264 275
chair 0.0081 -5 80 132 258
chair 0.0049 226 142 296 253
chair 0.0042 250 121 302 175
chair 0.0038 42 122 135 208
chair 0.0033 -29 51 223 333
chair 0.0032 128 90 294 242
chair 0.0028 244 167 339 270
chair 0.0023 90 122 176 209
chair 0.0022 267 206 390 274
chair 0.0020 212 118 346 224
chair 0.0019 272 169 376 263
chair 0.0019 414 189 493 284
chair 0.0019 116 126 228 202
chair 0.0016 273 119 318 176
chair 0.0013 246 120 347 177
chair 0.0013 100 70 246 209
chair 0.0013 389 254 488 333
chair 0.0011 159 125 261 204
chair 0.0010 115 182 231 255
chair 0.0010 285 146 429 195
dog 0.0466 410 170 492 279
person 0.0510 403 113 497 280
person 0.0053 4 316 53 334
person 0.0038 469 136 499 259
person 0.0019 477 191 500 281
person 0.0017 443 120 499 267
person 0.0016 -1 216 22 333
person 0.0011 -3 298 117 338
person 0.0010 -14 112 68 324
sofa 0.5386 237 144 488 281
sofa 0.1368 396 124 494 306
sofa 0.0219 286 146 463 196
sofa 0.0039 301 149 427 230
sofa 0.0032 274 124 462 222
sofa 0.0024 28 76 317 307
sofa 0.0016 317 108 566 326
sofa 0.0014 288 175 438 259
tvmonitor 0.2463 19 112 161 319
tvmonitor 0.0997 0 -5 104 186
tvmonitor 0.0076 6 34 93 143
tvmonitor 0.0054 -15 83 208 351
tvmonitor 0.0029 119 78 224 150
tvmonitor 0.0022 -9 193 125 337
tvmonitor 0.0022 144 58 188 109
tvmonitor 0.0019 4 222 95 312
tvmonitor 0.0018 31 166 152 264
tvmonitor 0.0018 125 102 220 179
tvmonitor 0.0016 48 142 138 233
tvmonitor 0.0014 84 77 184 149
tvmonitor 0.0013 52 101 139 181
tvmonitor 0.0012 93 47 244 184
tvmonitor 0.0010 123 50 164 113
