cow 0.0016 365 165 419 209
horse 0.8246 139 122 357 269
horse 0.4257 328 147 397 218
horse 0.4182 69 133 130 242
horse 0.3581 80 161 121 229
horse 0.0506 366 174 422 215
horse 0.0223 291 135 372 234
horse 0.0130 170 97 268 240
horse 0.0125 139 118 225 272
horse 0.0086 338 168 380 222
horse 0.0075 295 162 411 227
horse 0.0052 203 163 295 266
horse 0.0049 343 175 400 215
horse 0.0032 342 157 442 215
horse 0.0022 91 147 167 230
horse 0.0022 245 135 350 234
horse 0.0022 155 170 266 257
horse 0.0010 265 102 382 239
horse 0.0010 63 122 199 259
person 0.4678 81 118 120 199
person 0.3372 251 101 320 189
person 0.3018 190 73 254 193
person 0.2576 212 76 273 202
person 0.1411 344 123 376 223
person 0.0981 189 88 317 244
person 0.0802 275 100 309 170
person 0.0184 213 68 256 169
person 0.0164 286 105 308 136
person 0.0082 264 101 304 218
person 0.0060 348 137 389 209
person 0.0041 286 122 356 214
person 0.0032 261 122 332 221
person 0.0030 66 108 136 182
person 0.0030 90 126 115 165
person 0.0028 56 106 118 214
person 0.0027 206 102 237 216
person 0.0026 214 111 303 209
person 0.0026 314 142 357 203
person 0.0020 171 113 254 206
person 0.0019 285 99 308 124
person 0.0019 88 138 116 176
person 0.0017 145 129 214 211
person 0.0016 348 148 367 195
person 0.0015 91 117 113 148
person 0.0015 344 181 371 211
person 0.0015 90 152 116 190
person 0.0013 233 101 282 190
person 0.0010 228 214 263 284
person 0.0010 162 55 271 178
sheep 0.0056 88 179 119 215
