bicycle 0.0036 13 307 82 346
boat 0.0061 15 35 176 215
boat 0.0013 114 184 170 310
bottle 0.0011 248 203 279 263
bus 0.1655 23 1 399 292
bus 0.1037 2 55 177 234
bus 0.0552 -43 10 235 282
bus 0.0024 91 73 257 272
bus 0.0011 40 102 144 191
car 0.0091 -2 310 63 344
car 0.0059 3 329 51 346
car 0.0053 102 49 474 296
car 0.0026 111 203 175 318
person 0.0064 53 308 76 346
person 0.0041 2 308 20 346
person 0.0027 0 298 28 354
person 0.0023 -3 277 19 349
person 0.0013 0 294 18 330
train 0.0057 80 68 419 330
train 0.0020 16 149 111 352
train 0.0013 -12 8 359 232
train 0.0012 105 21 547 271
tvmonitor 0.0535 -8 60 138 286
tvmonitor 0.0065 210 6 309 88
tvmonitor 0.0057 72 41 184 303
tvmonitor 0.0035 13 125 119 323
tvmonitor 0.0020 58 180 103 229
tvmonitor 0.0011 -42 88 87 258
