aeroplane 0.0058 147 69 506 312
bird 0.0017 214 73 515 360
car 0.8658 44 165 212 306
car 0.0080 74 190 191 290
car 0.0059 79 126 265 267
car 0.0051 70 161 210 212
car 0.0034 26 152 67 166
car 0.0021 0 127 189 268
car 0.0020 48 172 151 261
car 0.0019 470 88 499 179
car 0.0018 120 176 216 262
car 0.0014 -9 94 279 289
chair 0.0303 247 162 280 231
chair 0.0060 259 161 288 235
chair 0.0027 226 152 293 242
chair 0.0025 475 89 499 201
person 0.3586 166 144 273 274
person 0.0487 196 134 252 285
person 0.0149 246 155 279 217
person 0.0112 189 110 222 256
person 0.0100 187 130 225 186
person 0.0063 225 147 259 249
person 0.0055 184 73 307 264
person 0.0045 192 134 217 165
person 0.0036 252 153 271 191
person 0.0032 251 164 272 206
person 0.0029 472 76 499 169
person 0.0028 204 143 230 170
person 0.0019 179 118 259 215
person 0.0013 200 130 234 215
person 0.0013 198 143 280 226
person 0.0013 229 159 257 185
person 0.0012 208 188 243 282
person 0.0011 230 170 254 200
person 0.0011 127 184 161 208
person 0.0010 266 178 285 219
train 0.0032 138 107 514 325
tvmonitor 0.0011 269 7 460 172
