bottle 0.4346 400 285 432 363
bottle 0.0191 326 221 488 380
bottle 0.0099 380 284 447 364
bottle 0.0033 403 285 424 336
bottle 0.0031 404 315 425 363
bottle 0.0031 397 319 433 381
bottle 0.0030 358 244 457 363
bottle 0.0013 406 250 447 370
bottle 0.0013 205 179 234 210
chair 0.2561 393 134 496 245
chair 0.0533 452 119 495 179
chair 0.0344 475 103 500 172
chair 0.0305 406 116 459 161
chair 0.0142 388 142 506 341
chair 0.0088 480 115 499 159
chair 0.0085 476 133 500 169
chair 0.0080 400 117 503 183
chair 0.0064 425 114 472 164
chair 0.0054 388 215 489 379
chair 0.0052 430 110 507 167
chair 0.0044 400 193 498 287
chair 0.0044 479 265 501 384
chair 0.0044 478 147 500 178
chair 0.0043 473 120 500 206
chair 0.0035 461 130 486 170
chair 0.0030 187 231 388 374
chair 0.0030 319 197 496 357
chair 0.0028 402 222 497 321
chair 0.0024 230 187 424 360
chair 0.0019 480 104 500 140
chair 0.0018 458 120 488 155
chair 0.0017 234 294 343 372
chair 0.0014 355 225 461 319
chair 0.0014 264 179 379 251
chair 0.0013 477 135 500 251
chair 0.0013 231 171 344 267
chair 0.0012 303 125 333 155
chair 0.0012 457 150 488 176
chair 0.0012 259 206 390 270
chair 0.0011 438 247 512 355
chair 0.0010 94 240 251 305
chair 0.0010 376 114 455 217
chair 0.0010 294 118 344 158
diningtable 0.0144 39 241 307 367
diningtable 0.0037 257 228 474 373
diningtable 0.0021 181 198 549 405
diningtable 0.0020 299 326 431 378
diningtable 0.0012 217 275 437 377
diningtable 0.0010 315 346 510 382
person 0.4351 122 141 377 290
person 0.0542 85 174 413 370
person 0.0237 121 138 244 247
person 0.0066 61 154 292 271
person 0.0050 150 171 273 254
person 0.0020 158 203 265 284
person 0.0012 183 139 314 236
person 0.0012 477 233 502 356
person 0.0011 181 199 321 284
pottedplant 0.3044 363 134 395 199
pottedplant 0.0398 447 15 481 84
pottedplant 0.0151 323 122 346 156
pottedplant 0.0138 364 157 389 201
pottedplant 0.0110 369 145 407 211
pottedplant 0.0049 452 49 481 81
pottedplant 0.0048 343 128 408 205
pottedplant 0.0029 372 125 411 179
pottedplant 0.0023 321 124 350 172
pottedplant 0.0022 363 118 446 198
pottedplant 0.0019 378 144 402 187
pottedplant 0.0013 362 151 397 234
sofa 0.3143 19 134 403 355
sofa 0.0367 190 139 378 302
sofa 0.0030 23 151 247 336
sofa 0.0012 158 171 495 374
