bird 0.0031 41 38 91 67
bird 0.0010 57 40 112 63
car 0.0020 456 22 491 44
car 0.0019 476 19 499 46
car 0.0012 0 46 19 79
dog 0.0299 16 29 120 71
motorbike 0.6634 168 134 399 281
motorbike 0.0081 187 168 316 260
person 0.9239 192 92 372 242
person 0.0196 274 106 371 210
person 0.0119 0 35 21 70
person 0.0103 214 114 255 186
person 0.0076 200 136 305 241
person 0.0065 223 117 250 151
person 0.0064 23 40 71 66
person 0.0047 256 88 343 185
person 0.0043 162 0 206 14
person 0.0039 212 118 237 152
person 0.0037 208 114 245 163
person 0.0024 -5 35 64 70
person 0.0023 115 30 168 68
person 0.0019 213 111 306 193
person 0.0019 176 0 227 15
person 0.0015 178 146 257 232
person 0.0011 184 38 219 63
person 0.0011 161 39 202 62
person 0.0010 30 23 158 68
person 0.0010 203 116 275 213
