bird 0.0240 3 97 95 163
bird 0.0048 37 99 134 173
bird 0.0042 59 108 117 164
bird 0.0024 33 114 100 158
bird 0.0021 60 77 150 167
bird 0.0013 11 112 114 185
car 0.0052 110 216 213 286
chair 0.0033 45 227 218 375
chair 0.0031 11 332 182 376
chair 0.0018 308 296 424 374
chair 0.0016 -3 264 194 388
chair 0.0014 77 261 193 345
chair 0.0013 72 300 197 370
chair 0.0013 20 297 164 373
chair 0.0012 261 236 468 364
chair 0.0010 71 358 138 375
chair 0.0010 253 295 402 364
diningtable 0.0113 5 232 186 371
diningtable 0.0028 67 210 508 393
diningtable 0.0027 191 233 463 365
diningtable 0.0025 152 273 425 386
diningtable 0.0016 6 249 103 356
motorbike 0.0011 65 170 213 311
person 0.7689 205 99 279 285
person 0.6238 313 133 348 259
person 0.3595 330 130 388 252
person 0.1673 306 149 339 239
person 0.1541 186 149 259 273
person 0.1386 385 156 404 201
person 0.1353 147 146 221 274
person 0.0949 179 145 217 299
person 0.0660 223 132 265 284
person 0.0581 9 109 87 198
person 0.0325 301 143 369 247
person 0.0320 114 206 207 276
person 0.0298 172 150 225 213
person 0.0218 375 157 406 226
person 0.0180 379 143 413 192
person 0.0161 12 133 89 241
person 0.0141 237 106 275 282
person 0.0133 0 125 56 251
person 0.0113 277 172 454 373
person 0.0096 304 154 413 277
person 0.0093 190 148 216 179
person 0.0089 82 92 122 180
person 0.0082 353 171 452 258
person 0.0079 43 116 224 260
person 0.0074 323 144 483 286
person 0.0068 10 154 180 334
person 0.0066 -5 138 111 350
person 0.0064 5 110 112 267
person 0.0061 80 147 185 224
person 0.0055 308 147 332 182
person 0.0051 -8 97 70 282
person 0.0049 350 133 398 229
person 0.0049 342 131 376 228
person 0.0046 285 159 350 255
person 0.0044 225 108 286 225
person 0.0043 163 151 207 237
person 0.0042 182 142 225 193
person 0.0040 25 187 75 257
person 0.0038 311 137 349 199
person 0.0037 344 150 370 180
person 0.0036 383 171 404 212
person 0.0036 321 184 344 232
person 0.0034 42 117 141 188
person 0.0033 320 148 344 183
person 0.0031 199 3 299 81
person 0.0027 274 123 390 258
person 0.0027 0 155 24 262
person 0.0027 347 155 435 231
person 0.0026 369 143 503 350
person 0.0026 0 172 62 272
person 0.0024 -4 14 121 191
person 0.0023 95 178 189 265
person 0.0022 108 175 220 304
person 0.0021 -5 81 61 181
person 0.0020 223 140 506 406
person 0.0016 188 141 218 168
person 0.0016 160 202 204 273
person 0.0015 220 118 265 210
person 0.0015 -2 106 31 166
person 0.0014 -6 97 100 151
person 0.0014 73 122 190 193
person 0.0014 115 153 210 237
person 0.0013 12 84 176 231
person 0.0012 53 200 137 289
person 0.0012 172 121 252 202
person 0.0011 213 134 355 291
person 0.0011 12 191 97 296
person 0.0011 399 149 422 183
person 0.0011 99 199 148 249
person 0.0011 237 111 277 160
person 0.0011 245 162 329 268
person 0.0010 358 119 447 198
person 0.0010 319 159 345 199
person 0.0010 123 121 219 200
person 0.0010 479 323 498 358
person 0.0010 392 136 426 197
person 0.0010 344 138 371 166
person 0.0010 304 175 341 267
person 0.0010 219 104 260 169
person 0.0010 480 332 498 372
pottedplant 0.0033 306 329 419 378
pottedplant 0.0018 345 326 478 381
pottedplant 0.0015 410 357 454 375
pottedplant 0.0014 303 336 374 374
pottedplant 0.0010 361 332 419 371
