bird 0.0011 453 358 490 376
boat 0.0899 -1 192 119 235
boat 0.0659 262 157 469 211
boat 0.0484 239 108 489 210
boat 0.0356 -24 203 196 241
boat 0.0348 155 188 282 228
boat 0.0308 -2 134 274 240
boat 0.0306 3 203 89 245
boat 0.0194 139 155 283 225
boat 0.0180 42 101 305 221
boat 0.0159 312 127 498 198
boat 0.0150 440 154 503 209
boat 0.0144 25 186 165 234
boat 0.0130 427 119 509 215
boat 0.0114 1 153 99 227
boat 0.0088 12 62 487 254
boat 0.0076 180 159 321 218
boat 0.0068 8 217 79 253
boat 0.0067 17 225 74 245
boat 0.0055 386 152 502 207
boat 0.0053 275 168 394 218
boat 0.0050 61 153 207 229
boat 0.0048 380 109 415 161
boat 0.0042 1 226 54 245
boat 0.0037 134 95 365 228
boat 0.0033 208 136 447 232
boat 0.0030 252 125 401 200
boat 0.0029 99 126 248 197
boat 0.0029 81 187 266 237
boat 0.0028 -1 211 25 240
boat 0.0025 190 125 311 198
boat 0.0025 260 149 376 210
boat 0.0025 281 131 524 233
boat 0.0024 475 145 502 215
boat 0.0023 0 87 192 230
boat 0.0022 -11 116 125 252
boat 0.0020 16 212 77 234
boat 0.0019 434 113 476 162
boat 0.0018 188 173 254 219
boat 0.0018 191 65 614 251
boat 0.0018 -1 125 63 236
boat 0.0018 352 98 458 165
boat 0.0015 479 165 500 200
boat 0.0015 0 215 116 267
boat 0.0015 2 215 53 235
boat 0.0014 368 184 417 204
boat 0.0014 -1 223 26 247
boat 0.0013 193 184 326 228
boat 0.0013 64 198 107 217
boat 0.0012 197 185 244 208
boat 0.0011 314 59 491 201
boat 0.0011 -5 196 27 250
boat 0.0011 447 178 494 206
boat 0.0011 172 198 230 219
boat 0.0010 166 190 239 225
boat 0.0010 78 212 133 233
boat 0.0010 20 165 245 267
boat 0.0010 373 122 413 179
boat 0.0010 41 122 150 197
car 0.0041 478 177 499 208
person 0.0019 478 265 500 383
person 0.0018 473 355 501 376
person 0.0013 384 108 411 136
