aeroplane 0.8183 3 69 495 258
aeroplane 0.0167 93 23 483 203
aeroplane 0.0151 114 90 382 239
aeroplane 0.0112 72 58 107 76
aeroplane 0.0080 256 75 469 210
aeroplane 0.0058 4 91 267 198
aeroplane 0.0049 87 58 121 75
aeroplane 0.0018 389 104 499 171
aeroplane 0.0016 129 41 370 186
aeroplane 0.0014 66 51 114 85
aeroplane 0.0012 190 84 537 241
aeroplane 0.0010 308 114 426 174
boat 0.0017 47 82 125 158
car 0.0011 284 49 317 70
car 0.0011 2 151 53 167
car 0.0011 447 103 501 162
person 0.0121 148 123 175 146
person 0.0013 277 109 312 159
person 0.0011 142 118 181 151
person 0.0010 226 187 255 211
person 0.0010 423 104 445 136
person 0.0010 1 292 116 336
tvmonitor 0.0012 468 96 502 147
