car 0.8781 42 87 379 296
car 0.7712 329 102 426 168
car 0.4758 6 88 185 202
car 0.3835 347 93 449 152
car 0.3485 427 87 481 131
car 0.1823 413 94 457 145
car 0.1583 450 91 490 126
car 0.1301 359 84 470 136
car 0.0665 -2 90 47 126
car 0.0278 364 119 421 174
car 0.0203 62 89 202 146
car 0.0176 435 93 472 123
car 0.0165 148 89 272 141
car 0.0144 -2 83 119 300
car 0.0141 311 87 436 190
car 0.0130 22 74 231 168
car 0.0100 138 86 192 128
car 0.0086 165 73 315 117
car 0.0080 444 80 494 117
car 0.0063 385 89 448 130
car 0.0063 371 88 417 103
car 0.0061 478 81 499 109
car 0.0060 236 77 410 211
car 0.0054 310 83 400 159
car 0.0054 450 87 490 110
car 0.0054 -1 85 25 181
car 0.0049 256 74 296 90
car 0.0047 137 88 353 245
car 0.0045 303 106 369 214
car 0.0038 390 89 436 104
car 0.0037 4 92 106 148
car 0.0037 269 111 390 175
car 0.0034 52 85 291 205
car 0.0034 -3 87 63 181
car 0.0032 456 105 483 133
car 0.0032 35 96 64 122
car 0.0032 418 96 453 122
car 0.0031 186 91 313 145
car 0.0031 111 65 218 100
car 0.0030 131 91 231 152
car 0.0029 353 88 397 105
car 0.0026 156 85 201 135
car 0.0026 430 88 476 107
car 0.0026 74 69 192 113
car 0.0026 2 95 120 185
car 0.0025 28 82 148 163
car 0.0025 113 62 311 173
car 0.0024 28 88 71 125
car 0.0024 318 117 363 176
car 0.0024 476 94 499 120
car 0.0023 357 98 394 117
car 0.0021 346 68 459 118
car 0.0020 330 105 379 165
car 0.0019 394 97 435 118
car 0.0018 231 75 291 90
car 0.0018 387 109 438 159
car 0.0017 224 86 348 140
car 0.0016 198 74 240 92
car 0.0013 247 79 307 112
car 0.0013 414 88 454 106
car 0.0013 31 66 180 126
car 0.0012 418 119 451 147
car 0.0012 225 66 351 116
car 0.0012 41 112 146 207
car 0.0012 322 86 429 136
car 0.0012 3 72 47 119
car 0.0011 260 82 294 106
car 0.0011 344 97 407 147
car 0.0011 480 73 501 100
car 0.0011 472 74 500 142
car 0.0011 145 93 183 118
car 0.0011 390 67 492 119
car 0.0010 117 94 170 149
car 0.0010 173 105 231 142
car 0.0010 -27 67 80 220
car 0.0010 429 105 475 136
car 0.0010 74 134 272 299
person 0.3584 45 64 85 101
person 0.2943 39 68 64 96
person 0.2472 134 66 158 97
person 0.1605 144 70 180 94
person 0.0564 318 79 360 117
person 0.0258 335 84 368 107
person 0.0220 36 70 69 115
person 0.0122 301 81 330 115
person 0.0112 49 60 85 86
person 0.0111 187 69 219 96
person 0.0104 143 73 188 117
person 0.0102 242 110 274 134
person 0.0099 243 120 273 144
person 0.0089 68 67 97 94
person 0.0086 164 72 197 94
person 0.0048 42 84 84 131
person 0.0046 223 111 256 133
person 0.0037 314 117 358 203
person 0.0036 104 73 144 91
person 0.0033 131 79 157 106
person 0.0032 324 90 353 121
person 0.0032 1 69 23 94
person 0.0031 332 86 371 133
person 0.0020 51 75 78 112
person 0.0019 0 181 21 316
person 0.0018 341 90 364 122
person 0.0017 126 72 165 115
person 0.0016 90 69 121 91
person 0.0015 147 62 179 85
person 0.0015 50 93 78 125
person 0.0013 314 96 366 145
person 0.0013 305 89 328 125
person 0.0012 224 120 256 145
person 0.0012 10 72 45 93
person 0.0011 239 112 279 151
person 0.0010 -1 86 25 206
pottedplant 0.0288 294 79 338 118
pottedplant 0.0037 299 75 334 95
pottedplant 0.0014 316 63 362 107
pottedplant 0.0013 287 74 385 122
pottedplant 0.0010 322 74 354 98
