bird 0.2316 386 249 433 313
bird 0.0112 362 251 447 337
bird 0.0098 375 255 423 329
bird 0.0079 95 89 251 168
bird 0.0051 385 239 476 323
bird 0.0037 83 65 267 202
bird 0.0036 314 264 424 335
bird 0.0022 30 13 315 304
bird 0.0020 394 261 428 300
bird 0.0014 401 250 454 312
bird 0.0014 378 244 421 291
bird 0.0012 84 116 240 186
bottle 0.0073 374 4 421 96
bottle 0.0070 318 -1 357 18
bottle 0.0056 332 -2 377 19
bottle 0.0043 348 0 394 18
bottle 0.0034 49 297 80 351
bottle 0.0028 331 -5 381 42
bottle 0.0025 299 -1 335 22
bottle 0.0023 367 -2 425 46
bottle 0.0019 357 -3 436 79
bottle 0.0019 146 24 176 53
bottle 0.0010 187 201 254 245
chair 0.0051 -1 -10 62 85
chair 0.0040 4 5 103 87
chair 0.0016 -14 -8 134 145
chair 0.0014 31 5 180 65
chair 0.0010 230 -9 348 38
diningtable 0.0031 100 89 476 341
diningtable 0.0031 55 25 520 234
diningtable 0.0013 -47 174 316 371
person 0.0436 42 21 379 354
person 0.0108 -22 99 290 389
person 0.0091 369 -9 434 90
person 0.0022 348 -4 455 47
person 0.0017 108 100 467 387
person 0.0014 395 1 473 92
person 0.0014 112 102 306 332
person 0.0014 340 -3 471 149
person 0.0013 17 92 166 341
person 0.0012 324 1 416 76
person 0.0011 364 10 449 119
person 0.0011 306 -3 423 45
