car 0.0066 -5 230 105 274
car 0.0040 176 254 220 277
car 0.0035 161 251 206 277
car 0.0030 66 208 101 230
car 0.0013 125 216 299 268
car 0.0012 53 208 86 231
car 0.0011 72 242 276 293
chair 0.0515 100 242 147 286
chair 0.0384 164 231 209 276
chair 0.0265 226 229 265 277
chair 0.0055 233 243 275 283
chair 0.0047 225 251 261 277
chair 0.0027 107 236 138 270
chair 0.0024 120 254 161 280
chair 0.0021 167 247 224 280
chair 0.0016 219 229 261 249
chair 0.0011 186 227 295 278
chair 0.0011 105 230 144 252
chair 0.0010 70 242 219 283
person 0.0053 1 172 17 215
person 0.0029 0 152 20 239
sheep 0.0032 268 257 325 275
sheep 0.0012 292 256 340 275
train 0.0036 82 192 264 249
train 0.0033 32 219 233 273
train 0.0014 1 226 169 282
train 0.0011 7 197 270 288
train 0.0011 65 161 280 271
train 0.0010 243 166 390 226
