bus 0.6333 114 95 323 239
bus 0.5763 -2 103 93 191
bus 0.0269 7 82 93 293
bus 0.0094 -18 93 70 236
bus 0.0040 181 105 384 230
bus 0.0039 64 95 99 173
bus 0.0038 136 124 295 205
bus 0.0028 15 137 83 239
bus 0.0025 47 135 89 209
bus 0.0024 48 106 90 184
bus 0.0023 21 130 109 212
bus 0.0021 88 116 258 263
bus 0.0020 19 119 73 196
bus 0.0019 68 119 102 196
bus 0.0017 8 99 183 233
bus 0.0013 -2 114 25 203
bus 0.0013 81 134 188 196
bus 0.0010 42 128 145 200
bus 0.0010 157 154 275 224
car 0.8737 251 180 467 298
car 0.5638 7 164 121 322
car 0.4946 124 123 360 255
car 0.1406 205 175 312 266
car 0.0195 169 165 411 265
car 0.0150 -11 164 106 231
car 0.0107 -1 174 64 218
car 0.0082 -1 171 58 263
car 0.0081 218 205 433 272
car 0.0057 35 121 142 314
car 0.0057 -6 138 67 229
car 0.0051 54 202 157 267
car 0.0047 396 194 494 285
car 0.0040 47 174 95 219
car 0.0034 -11 123 72 308
car 0.0033 218 185 366 240
car 0.0030 51 187 87 255
car 0.0029 165 152 326 232
car 0.0024 33 225 144 305
car 0.0023 3 180 91 287
car 0.0022 119 161 457 319
car 0.0019 212 127 517 305
car 0.0018 213 190 262 255
car 0.0014 18 183 111 258
car 0.0013 325 201 479 282
car 0.0013 87 177 179 252
car 0.0011 161 181 265 249
car 0.0010 388 188 496 244
car 0.0010 53 182 88 208
person 0.0041 320 61 355 179
person 0.0034 112 158 138 187
person 0.0034 320 197 351 223
person 0.0030 108 148 143 198
person 0.0023 292 192 339 229
person 0.0020 335 197 374 218
person 0.0015 377 196 410 219
person 0.0014 130 171 157 195
person 0.0014 0 172 25 269
person 0.0013 113 169 138 196
person 0.0013 477 176 501 291
person 0.0011 413 74 451 142
person 0.0011 66 78 96 163
person 0.0010 14 85 41 110
pottedplant 0.0071 227 59 262 109
pottedplant 0.0035 310 62 364 99
pottedplant 0.0029 231 65 256 99
pottedplant 0.0025 318 61 358 127
pottedplant 0.0015 316 68 356 92
pottedplant 0.0014 65 70 99 123
pottedplant 0.0013 231 68 274 119
pottedplant 0.0012 242 67 268 99
tvmonitor 0.0016 10 0 158 40
