bird 0.1431 120 109 300 266
bird 0.0180 1 82 344 301
bird 0.0110 245 118 280 172
bird 0.0089 198 120 373 258
bird 0.0071 51 193 197 254
bird 0.0065 209 125 299 213
bird 0.0050 77 108 499 326
bird 0.0035 110 190 215 257
bird 0.0034 240 118 332 209
bird 0.0031 60 229 110 269
bird 0.0028 238 151 336 234
bird 0.0025 68 213 198 269
bird 0.0020 270 154 385 227
bird 0.0019 256 114 293 178
bird 0.0017 268 185 383 253
bird 0.0015 34 216 156 265
bird 0.0014 138 130 279 206
bird 0.0014 56 218 115 255
bird 0.0014 225 93 428 239
bird 0.0013 293 174 340 222
bird 0.0013 310 159 421 226
bird 0.0012 232 182 342 252
bird 0.0012 225 153 426 279
bird 0.0011 247 129 274 162
cat 0.0056 293 -2 510 131
cat 0.0014 195 -24 534 203
pottedplant 0.1473 -23 30 292 251
pottedplant 0.0896 11 38 173 244
pottedplant 0.0155 -5 64 115 271
pottedplant 0.0087 79 48 266 233
pottedplant 0.0039 53 94 137 189
pottedplant 0.0038 37 189 151 251
pottedplant 0.0035 0 185 112 245
pottedplant 0.0033 -3 -9 118 190
pottedplant 0.0028 22 178 245 298
pottedplant 0.0026 76 107 192 178
pottedplant 0.0023 236 2 339 75
pottedplant 0.0023 31 0 468 281
pottedplant 0.0022 45 126 146 208
pottedplant 0.0021 -38 53 76 230
pottedplant 0.0021 12 117 95 216
pottedplant 0.0019 -10 143 60 237
pottedplant 0.0015 -30 156 144 279
pottedplant 0.0014 1 -6 109 44
pottedplant 0.0014 9 158 99 231
pottedplant 0.0014 35 109 233 269
pottedplant 0.0013 197 -23 379 103
pottedplant 0.0013 -81 20 197 313
pottedplant 0.0012 50 -1 218 180
pottedplant 0.0011 -17 91 53 192
pottedplant 0.0011 -17 -26 130 108
pottedplant 0.0011 7 -7 183 135
