bottle 0.0230 451 269 494 381
bottle 0.0068 474 283 500 366
bottle 0.0061 475 219 500 344
bottle 0.0019 17 333 158 374
bottle 0.0018 252 357 304 375
bottle 0.0015 231 357 286 375
bottle 0.0014 269 357 324 376
bottle 0.0013 167 -7 201 76
bottle 0.0013 439 260 508 359
bottle 0.0012 253 331 302 374
bottle 0.0011 442 326 497 376
chair 0.0031 79 7 185 75
chair 0.0019 77 333 267 376
chair 0.0016 386 180 494 362
diningtable 0.0187 231 332 421 378
diningtable 0.0130 38 333 233 377
diningtable 0.0110 158 328 341 375
diningtable 0.0082 181 348 375 381
diningtable 0.0020 312 329 498 380
diningtable 0.0016 222 307 429 412
person 0.8534 178 61 474 371
person 0.8223 6 113 128 365
person 0.0598 -11 68 281 363
person 0.0255 162 301 335 363
person 0.0186 304 107 501 326
person 0.0057 59 -6 101 77
person 0.0055 100 156 321 331
person 0.0055 168 276 269 375
person 0.0041 160 324 319 376
person 0.0041 50 -3 89 104
person 0.0035 34 155 466 389
person 0.0035 10 96 179 286
person 0.0028 139 -1 187 16
person 0.0023 129 -10 235 79
person 0.0023 19 180 108 306
person 0.0021 93 279 329 380
person 0.0019 186 142 395 344
person 0.0019 9 213 173 382
person 0.0018 118 -1 168 15
person 0.0017 104 -2 146 16
person 0.0017 158 -1 206 16
person 0.0016 214 305 268 368
person 0.0016 -27 101 77 332
person 0.0015 475 165 499 309
person 0.0015 12 -14 84 87
person 0.0014 233 77 421 296
person 0.0013 256 180 471 362
person 0.0013 89 -2 125 16
person 0.0013 -23 330 137 376
person 0.0012 39 7 149 84
person 0.0012 310 -11 421 50
person 0.0012 385 140 497 346
person 0.0011 175 0 227 17
person 0.0010 290 4 339 67
person 0.0010 -2 125 22 263
tvmonitor 0.0014 475 191 500 316
