car 0.8117 126 99 365 216
car 0.0033 151 103 273 179
car 0.0014 65 111 103 127
car 0.0013 49 112 87 127
car 0.0013 473 93 501 123
chair 0.0042 450 86 499 127
person 0.0159 265 107 291 134
person 0.0086 225 110 255 131
person 0.0057 304 109 329 135
person 0.0045 284 109 310 134
person 0.0039 262 100 295 120
person 0.0038 244 110 274 131
person 0.0031 228 120 253 147
person 0.0022 245 122 274 144
person 0.0022 282 98 313 122
person 0.0019 285 120 310 145
person 0.0018 259 102 298 140
person 0.0014 265 121 293 145
person 0.0013 166 124 199 144
person 0.0010 187 110 216 132
person 0.0010 274 89 321 130
pottedplant 0.0042 452 49 496 118
train 0.0234 363 84 461 128
train 0.0111 378 73 500 120
