bicycle 0.0079 367 225 419 271
bicycle 0.0030 339 230 485 269
bicycle 0.0017 358 225 395 272
bottle 0.0104 475 225 501 253
bottle 0.0016 470 214 503 260
bus 0.0013 34 54 388 321
car 0.8191 -4 116 427 373
car 0.0533 90 216 484 389
car 0.0097 86 144 337 347
car 0.0083 474 237 500 263
car 0.0060 349 222 458 273
car 0.0050 387 225 498 277
car 0.0044 458 237 487 260
car 0.0033 35 230 312 369
car 0.0013 312 215 422 279
car 0.0011 127 256 373 402
car 0.0011 187 158 389 335
motorbike 0.0097 345 204 441 276
person 0.0522 457 225 483 256
person 0.0189 437 226 466 255
person 0.0174 369 211 412 268
person 0.0158 418 227 452 255
person 0.0100 349 217 404 263
person 0.0084 409 219 463 261
person 0.0045 359 221 392 254
person 0.0038 364 232 389 270
person 0.0036 430 219 474 260
person 0.0035 379 216 404 258
person 0.0031 434 237 466 260
person 0.0029 225 112 253 139
person 0.0018 376 233 409 265
person 0.0017 381 217 443 260
person 0.0016 393 226 432 252
person 0.0014 390 238 435 262
tvmonitor 0.0016 -12 130 135 302
