bottle 0.0177 256 200 304 247
bottle 0.0081 254 150 334 238
bottle 0.0023 136 213 190 261
bottle 0.0018 274 211 315 260
bottle 0.0012 225 155 262 217
car 0.0265 1 0 43 65
car 0.0010 -1 -6 29 93
chair 0.0067 299 -10 506 142
chair 0.0034 86 208 337 328
chair 0.0028 270 5 384 76
chair 0.0021 157 39 342 196
chair 0.0015 253 -7 475 95
chair 0.0015 294 7 435 68
chair 0.0015 395 44 489 134
chair 0.0014 303 19 427 100
chair 0.0013 225 6 427 125
chair 0.0010 247 89 331 194
diningtable 0.0017 49 211 299 324
person 0.3364 -4 159 185 322
person 0.0554 6 155 339 330
person 0.0460 236 64 346 262
person 0.0200 86 167 257 220
person 0.0166 137 85 355 240
person 0.0138 178 30 474 301
person 0.0104 -9 142 69 347
person 0.0096 103 130 319 251
person 0.0071 0 178 27 295
person 0.0066 14 149 88 240
person 0.0066 11 166 106 270
person 0.0033 77 18 345 263
person 0.0032 285 62 447 270
person 0.0032 372 19 507 209
person 0.0031 78 187 270 239
person 0.0029 88 160 168 239
person 0.0027 251 59 397 224
person 0.0023 142 132 279 195
person 0.0022 158 145 339 291
person 0.0019 53 138 227 257
person 0.0017 477 137 500 259
person 0.0015 313 2 492 177
person 0.0014 100 210 247 269
person 0.0014 23 210 247 326
person 0.0012 224 -34 506 213
person 0.0012 5 161 44 286
person 0.0011 0 214 24 335
person 0.0011 -4 183 60 306
person 0.0011 199 184 305 248
tvmonitor 0.0066 132 38 294 195
tvmonitor 0.0038 134 46 218 129
tvmonitor 0.0025 121 78 218 154
tvmonitor 0.0020 158 51 257 124
tvmonitor 0.0020 74 62 273 220
tvmonitor 0.0018 159 78 263 152
tvmonitor 0.0012 195 49 304 125
