bottle 0.0293 216 288 265 335
bottle 0.0031 70 91 102 153
bottle 0.0019 418 290 488 334
bottle 0.0017 455 121 486 149
bottle 0.0017 264 268 300 333
bottle 0.0014 477 106 502 158
bottle 0.0013 384 294 442 336
bottle 0.0012 480 182 499 216
bottle 0.0010 75 105 97 142
chair 0.0207 453 243 493 308
chair 0.0146 17 82 83 160
chair 0.0133 475 244 500 305
chair 0.0123 480 258 500 292
chair 0.0089 338 -2 420 114
chair 0.0062 440 93 503 186
chair 0.0050 438 170 506 262
chair 0.0035 400 248 505 327
chair 0.0030 476 167 500 280
chair 0.0029 436 229 505 313
chair 0.0029 369 188 414 310
chair 0.0028 475 270 500 299
chair 0.0027 443 160 499 211
chair 0.0026 441 155 472 218
chair 0.0026 -1 77 20 165
chair 0.0022 337 211 411 311
chair 0.0019 354 11 399 81
chair 0.0017 432 68 515 266
chair 0.0017 407 197 494 290
chair 0.0015 363 20 430 107
chair 0.0012 359 229 443 311
chair 0.0012 474 255 499 345
chair 0.0012 146 292 277 336
chair 0.0011 479 242 501 282
chair 0.0010 369 1 413 88
diningtable 0.0175 238 294 415 336
diningtable 0.0083 325 293 501 336
diningtable 0.0060 261 308 448 338
diningtable 0.0030 321 264 490 327
diningtable 0.0029 208 240 443 335
diningtable 0.0027 154 294 344 335
diningtable 0.0013 120 243 377 331
diningtable 0.0010 180 269 393 364
person 0.8870 139 105 276 327
person 0.8773 322 110 421 329
person 0.8452 0 94 191 339
person 0.4216 253 139 397 336
person 0.2282 34 105 311 330
person 0.1282 180 143 315 332
person 0.0313 281 104 385 289
person 0.0255 357 161 401 211
person 0.0130 369 158 410 238
person 0.0115 201 112 283 173
person 0.0100 360 144 420 278
person 0.0091 352 87 436 299
person 0.0086 253 127 300 193
person 0.0082 133 53 154 85
person 0.0080 179 102 259 169
person 0.0078 239 108 489 327
person 0.0068 284 117 363 213
person 0.0066 372 146 407 201
person 0.0060 96 131 402 353
person 0.0059 55 97 200 240
person 0.0047 73 40 97 71
person 0.0035 227 104 350 291
person 0.0031 247 119 328 210
person 0.0028 166 168 257 266
person 0.0025 -2 146 120 334
person 0.0022 297 97 425 239
person 0.0022 336 189 416 292
person 0.0020 45 19 91 70
person 0.0020 379 156 403 190
person 0.0020 250 130 272 161
person 0.0019 283 141 319 228
person 0.0019 323 140 408 247
person 0.0018 362 158 390 191
person 0.0017 205 122 286 209
person 0.0017 380 174 508 311
person 0.0016 62 206 283 322
person 0.0015 243 122 278 172
person 0.0015 262 123 292 145
person 0.0014 73 29 97 60
person 0.0014 256 147 297 225
person 0.0012 81 106 185 180
person 0.0012 341 153 411 220
person 0.0012 -1 63 22 153
person 0.0011 249 190 329 292
person 0.0011 -3 31 26 135
person 0.0011 300 133 372 239
person 0.0011 292 164 369 273
person 0.0011 66 23 105 67
person 0.0010 123 106 219 181
person 0.0010 128 12 153 80
pottedplant 0.0197 177 88 258 153
pottedplant 0.0098 210 100 269 143
pottedplant 0.0080 173 132 196 163
pottedplant 0.0060 168 125 202 171
pottedplant 0.0052 176 55 265 136
pottedplant 0.0042 195 83 279 138
pottedplant 0.0032 178 109 219 159
pottedplant 0.0028 249 118 271 146
pottedplant 0.0026 476 68 499 99
pottedplant 0.0024 471 53 501 112
pottedplant 0.0024 242 98 274 145
pottedplant 0.0020 201 95 273 173
pottedplant 0.0018 454 72 490 93
pottedplant 0.0016 185 119 212 148
pottedplant 0.0015 192 105 250 161
pottedplant 0.0012 164 94 203 150
pottedplant 0.0012 170 122 197 153
pottedplant 0.0011 30 59 64 80
tvmonitor 0.0187 308 105 406 166
tvmonitor 0.0044 376 99 405 168
tvmonitor 0.0029 446 111 493 156
tvmonitor 0.0026 407 -10 493 48
