bicycle 0.0010 381 232 414 287
bus 0.6364 10 83 412 301
bus 0.0136 90 106 334 276
bus 0.0039 22 109 178 273
bus 0.0018 177 144 393 290
bus 0.0010 -47 87 241 295
car 0.0023 481 168 499 201
person 0.8527 389 183 427 288
person 0.3524 381 183 416 269
person 0.0117 -1 140 23 232
person 0.0049 396 214 426 258
person 0.0042 383 214 410 259
person 0.0022 369 202 422 291
person 0.0020 72 161 98 186
person 0.0018 169 171 190 202
person 0.0018 73 173 99 199
person 0.0017 363 145 384 171
person 0.0015 5 197 40 250
person 0.0015 171 157 192 192
person 0.0013 475 172 499 248
person 0.0012 8 162 40 236
person 0.0011 471 -11 499 125
person 0.0011 166 144 196 206
person 0.0011 131 162 157 186
person 0.0010 480 181 500 214
pottedplant 0.0051 476 122 500 223
