bus 0.7507 78 30 420 271
bus 0.0176 169 100 407 247
bus 0.0148 185 49 390 204
bus 0.0116 4 113 42 201
bus 0.0036 115 68 308 233
bus 0.0034 2 166 49 217
bus 0.0034 -6 161 65 237
bus 0.0024 52 171 134 235
bus 0.0021 91 133 269 255
bus 0.0019 -4 134 62 213
bus 0.0016 -18 134 72 264
bus 0.0015 212 99 363 156
bus 0.0015 34 138 158 262
bus 0.0015 283 77 443 224
bus 0.0014 211 44 517 257
bus 0.0011 -1 155 24 228
bus 0.0011 7 99 110 250
bus 0.0011 9 87 338 260
car 0.6066 0 201 53 250
car 0.4717 431 187 473 217
car 0.3283 46 197 90 254
car 0.3196 58 189 128 245
car 0.1501 480 188 499 218
car 0.0892 20 184 87 249
car 0.0665 89 195 131 255
car 0.0400 479 200 500 225
car 0.0244 439 182 469 206
car 0.0195 444 185 492 221
car 0.0155 53 195 107 237
car 0.0133 477 184 502 241
car 0.0095 480 177 501 207
car 0.0088 451 190 485 214
car 0.0083 411 182 495 224
car 0.0061 477 162 501 219
car 0.0054 7 209 45 243
car 0.0052 64 183 106 199
car 0.0046 83 185 126 199
car 0.0037 0 189 27 243
car 0.0034 17 196 72 236
car 0.0028 0 201 21 230
car 0.0027 379 175 481 229
car 0.0027 51 200 84 229
car 0.0023 50 210 83 243
car 0.0022 426 189 481 233
car 0.0021 -24 198 43 254
car 0.0020 28 211 63 241
car 0.0020 28 183 67 200
car 0.0019 48 183 86 200
car 0.0016 0 210 31 261
car 0.0016 451 180 487 203
car 0.0014 400 144 490 207
car 0.0012 8 221 44 252
car 0.0012 92 192 125 213
car 0.0011 2 222 23 254
car 0.0011 440 158 500 226
car 0.0011 453 202 489 222
car 0.0010 64 194 104 211
car 0.0010 45 183 97 228
chair 0.0023 420 202 478 249
person 0.2524 61 194 99 261
person 0.0391 107 183 134 249
person 0.0059 110 184 137 202
person 0.0045 72 214 94 260
person 0.0022 112 184 131 220
person 0.0017 52 211 91 259
person 0.0015 104 213 139 259
person 0.0013 381 190 410 241
person 0.0011 94 209 123 244
person 0.0010 478 117 501 218
train 0.0083 128 14 447 195
train 0.0020 150 44 360 167
