bicycle 0.6569 55 31 444 300
bicycle 0.0254 25 130 474 353
bicycle 0.0084 86 73 335 263
bicycle 0.0036 -14 86 285 295
bicycle 0.0032 182 67 394 265
bicycle 0.0018 215 96 513 339
bicycle 0.0015 238 130 416 309
bicycle 0.0013 76 138 272 297
bicycle 0.0012 15 89 177 247
bicycle 0.0012 143 130 356 307
bird 0.0091 125 77 204 138
bird 0.0034 129 82 197 115
chair 0.0089 -3 145 59 242
chair 0.0041 -19 134 70 299
chair 0.0022 403 125 493 207
chair 0.0017 412 96 494 186
chair 0.0014 391 63 504 217
chair 0.0011 319 140 476 302
person 0.0057 137 75 205 148
person 0.0030 -1 146 21 252
person 0.0010 304 20 328 46
pottedplant 0.0010 352 0 396 18
tvmonitor 0.4806 411 75 498 144
tvmonitor 0.0175 433 57 506 135
tvmonitor 0.0164 389 64 510 171
tvmonitor 0.0073 432 0 511 76
tvmonitor 0.0039 475 71 501 146
tvmonitor 0.0027 422 14 519 167
tvmonitor 0.0020 420 68 482 125
tvmonitor 0.0011 427 81 478 159
