bicycle 0.4488 351 187 433 286
bicycle 0.0549 364 210 425 311
bicycle 0.0505 297 151 332 271
bicycle 0.0451 313 151 435 271
bicycle 0.0305 107 149 184 233
bicycle 0.0162 285 172 358 257
bicycle 0.0069 117 109 206 263
bicycle 0.0048 360 207 397 287
bicycle 0.0029 123 147 163 246
bicycle 0.0028 47 92 83 149
bicycle 0.0020 145 140 181 254
bicycle 0.0014 388 202 426 294
horse 0.0011 292 143 375 250
person 0.9104 97 59 195 219
person 0.8637 326 91 423 285
person 0.6054 294 129 333 266
person 0.5227 3 74 51 143
person 0.0727 345 84 411 212
person 0.0363 288 106 362 273
person 0.0296 24 72 62 142
person 0.0186 358 124 424 255
person 0.0173 -1 82 28 135
person 0.0093 110 64 184 153
person 0.0080 130 95 192 233
person 0.0072 296 107 329 215
person 0.0061 -1 80 58 193
person 0.0055 397 124 424 246
person 0.0050 349 75 430 170
person 0.0046 268 140 329 244
person 0.0040 313 110 361 186
person 0.0037 -19 64 75 213
person 0.0030 144 140 180 233
person 0.0027 0 89 21 126
person 0.0021 -20 43 290 238
person 0.0021 289 91 354 191
person 0.0020 303 176 325 221
person 0.0020 288 119 318 253
person 0.0020 397 93 424 201
person 0.0019 154 206 180 266
person 0.0018 226 91 505 292
person 0.0018 353 189 392 262
person 0.0017 121 144 163 228
person 0.0016 289 114 316 181
person 0.0015 12 81 94 152
person 0.0015 311 153 351 243
person 0.0012 365 81 413 134
person 0.0012 10 88 43 128
person 0.0012 117 90 166 203
person 0.0011 291 128 309 166
person 0.0011 368 178 418 272
person 0.0010 335 81 372 139
person 0.0010 231 86 350 247
person 0.0010 32 90 59 125
person 0.0010 375 92 416 227
pottedplant 0.0018 294 109 335 163
pottedplant 0.0015 316 90 361 155
pottedplant 0.0014 220 93 298 176
