bottle 0.0068 447 294 488 333
bottle 0.0021 342 292 406 332
car 0.6735 2 45 60 95
car 0.5993 237 61 287 101
car 0.3924 224 36 292 104
car 0.3715 72 47 129 94
car 0.2422 331 45 370 92
car 0.1797 13 43 74 76
car 0.1553 27 41 68 95
car 0.1320 156 24 284 149
car 0.0998 270 58 380 105
car 0.0799 24 48 66 70
car 0.0709 7 46 53 67
car 0.0703 192 43 283 128
car 0.0661 39 46 150 92
car 0.0632 -3 72 54 114
car 0.0467 166 55 194 83
car 0.0461 302 39 372 102
car 0.0443 -9 44 117 85
car 0.0408 8 66 46 97
car 0.0392 67 59 110 101
car 0.0312 -2 48 32 117
car 0.0300 68 51 181 113
car 0.0199 309 41 418 92
car 0.0190 246 49 300 92
car 0.0174 335 48 369 72
car 0.0147 84 47 119 70
car 0.0140 281 41 356 127
car 0.0138 317 54 364 112
car 0.0126 135 49 194 92
car 0.0120 42 45 83 94
car 0.0106 166 46 195 70
car 0.0097 231 61 345 108
car 0.0092 10 54 50 87
car 0.0085 82 18 264 124
car 0.0085 233 40 342 93
car 0.0084 298 51 341 117
car 0.0075 69 48 109 72
car 0.0070 316 41 365 80
car 0.0068 239 55 283 85
car 0.0062 321 55 358 84
car 0.0061 222 44 269 94
car 0.0061 117 39 205 102
car 0.0058 321 48 356 73
car 0.0058 0 65 26 99
car 0.0055 71 53 106 87
car 0.0054 81 54 123 84
car 0.0047 15 62 72 98
car 0.0044 241 21 405 113
car 0.0041 178 24 297 93
car 0.0038 34 50 63 87
car 0.0035 345 41 442 125
car 0.0035 -4 59 97 101
car 0.0034 256 68 296 98
car 0.0032 0 77 24 111
car 0.0030 308 61 420 110
car 0.0027 4 80 48 105
car 0.0024 9 36 43 57
car 0.0024 121 49 229 123
car 0.0024 -30 47 50 118
car 0.0022 164 36 198 81
car 0.0021 48 48 79 70
car 0.0020 0 54 22 86
car 0.0020 45 54 122 106
car 0.0019 96 58 152 107
car 0.0019 49 33 218 142
car 0.0018 455 69 486 94
car 0.0017 259 46 295 68
car 0.0016 142 33 262 106
car 0.0014 266 19 367 96
car 0.0014 -27 13 147 115
car 0.0014 226 55 261 82
car 0.0013 52 53 77 88
car 0.0013 274 61 323 106
car 0.0012 277 43 315 96
car 0.0011 450 59 490 107
car 0.0010 148 54 183 85
car 0.0010 1 23 51 70
car 0.0010 49 60 87 101
car 0.0010 -1 42 24 69
car 0.0010 282 56 311 81
horse 0.1312 122 163 301 330
horse 0.0010 61 181 437 354
person 0.9435 294 69 449 316
person 0.7641 136 47 277 239
person 0.2742 128 87 286 347
person 0.0430 178 65 323 320
person 0.0294 178 110 476 324
person 0.0102 476 54 500 137
person 0.0062 303 57 335 129
person 0.0061 175 25 308 203
person 0.0043 100 46 399 286
person 0.0043 249 63 404 270
person 0.0040 211 121 369 312
person 0.0040 307 142 427 235
person 0.0027 162 85 258 198
person 0.0021 137 90 221 191
person 0.0016 0 90 20 124
person 0.0015 421 57 451 108
person 0.0015 154 144 269 242
person 0.0013 424 66 445 101
person 0.0013 417 64 441 126
person 0.0012 390 91 488 292
person 0.0011 314 161 492 321
person 0.0010 185 71 220 145
person 0.0010 304 178 424 259
