bird 0.0027 44 183 224 361
bottle 0.0017 230 210 281 267
bottle 0.0012 384 0 440 46
bottle 0.0010 254 229 304 274
bottle 0.0010 232 197 323 280
bottle 0.0010 359 -5 469 53
cat 0.0074 0 172 422 373
cat 0.0019 94 197 329 349
cat 0.0015 230 210 338 287
diningtable 0.0124 18 125 480 362
person 0.3335 12 8 488 365
person 0.0223 31 -32 468 175
person 0.0032 386 -6 480 75
person 0.0030 118 0 380 150
person 0.0026 207 17 521 300
person 0.0025 206 -2 447 140
person 0.0012 136 26 364 229
person 0.0010 20 75 174 301
sofa 0.0012 76 181 499 364
