aeroplane 0.0031 74 36 357 385
person 0.0118 7 475 33 501
person 0.0050 0 194 22 326
person 0.0019 45 -23 329 368
person 0.0010 -1 469 20 501
pottedplant 0.3282 197 362 278 468
pottedplant 0.1252 234 323 365 488
pottedplant 0.0714 192 314 291 491
pottedplant 0.0557 178 386 255 496
pottedplant 0.0388 239 333 307 482
pottedplant 0.0281 189 340 244 472
pottedplant 0.0276 261 329 306 383
pottedplant 0.0264 216 263 327 482
pottedplant 0.0194 0 403 23 498
pottedplant 0.0188 238 265 312 392
pottedplant 0.0145 95 223 221 510
pottedplant 0.0131 275 247 378 487
pottedplant 0.0113 154 356 281 528
pottedplant 0.0111 190 417 285 488
pottedplant 0.0111 265 2 339 116
pottedplant 0.0109 152 257 280 481
pottedplant 0.0095 51 175 265 555
pottedplant 0.0075 211 396 260 470
pottedplant 0.0069 232 4 373 186
pottedplant 0.0064 149 380 225 494
pottedplant 0.0063 204 439 284 514
pottedplant 0.0059 297 301 365 425
pottedplant 0.0058 136 287 242 519
pottedplant 0.0057 158 344 217 469
pottedplant 0.0056 192 372 227 449
pottedplant 0.0056 261 281 346 371
pottedplant 0.0052 292 339 373 476
pottedplant 0.0050 150 303 226 430
pottedplant 0.0049 180 306 253 430
pottedplant 0.0049 264 337 325 488
pottedplant 0.0048 1 369 33 500
pottedplant 0.0047 175 220 310 441
pottedplant 0.0045 239 33 265 66
pottedplant 0.0040 267 309 339 421
pottedplant 0.0036 361 95 375 154
pottedplant 0.0035 201 377 243 447
pottedplant 0.0033 117 348 196 459
pottedplant 0.0030 0 448 17 493
pottedplant 0.0029 -1 438 36 499
pottedplant 0.0027 290 278 374 381
pottedplant 0.0025 222 418 251 448
pottedplant 0.0025 221 400 252 429
pottedplant 0.0024 125 297 191 431
pottedplant 0.0024 205 279 286 386
pottedplant 0.0024 229 424 276 480
pottedplant 0.0023 202 475 244 501
pottedplant 0.0020 181 461 265 512
pottedplant 0.0019 227 398 277 464
pottedplant 0.0018 173 362 214 428
pottedplant 0.0017 244 258 346 338
pottedplant 0.0016 236 13 325 82
pottedplant 0.0014 211 448 262 495
pottedplant 0.0014 233 22 270 71
pottedplant 0.0014 223 411 309 492
pottedplant 0.0013 5 108 311 468
pottedplant 0.0012 218 474 256 501
pottedplant 0.0012 217 457 257 484
pottedplant 0.0012 148 273 226 383
pottedplant 0.0011 248 336 313 412
pottedplant 0.0011 360 121 375 161
pottedplant 0.0011 176 276 255 384
pottedplant 0.0010 0 423 17 480
pottedplant 0.0010 8 451 29 493
pottedplant 0.0010 124 172 364 479
pottedplant 0.0010 291 9 327 86
pottedplant 0.0010 204 194 344 387
pottedplant 0.0010 72 281 359 603
sheep 0.0070 0 199 20 356
