bottle 0.0076 420 240 480 357
bottle 0.0053 389 221 493 391
bottle 0.0027 197 57 279 129
bottle 0.0025 88 195 121 255
bottle 0.0025 400 292 481 378
bottle 0.0016 137 161 182 232
bottle 0.0015 453 236 491 360
bottle 0.0013 194 72 249 145
bottle 0.0013 428 224 471 316
bottle 0.0011 214 78 263 138
bottle 0.0010 94 204 116 242
person 0.7059 26 57 473 379
person 0.0794 -17 40 286 338
person 0.0700 35 44 239 219
person 0.0098 12 71 180 306
person 0.0088 138 101 362 333
person 0.0075 134 21 518 241
person 0.0058 183 54 255 162
person 0.0042 -15 -11 439 275
person 0.0033 81 85 264 289
person 0.0031 381 71 498 307
person 0.0020 474 67 499 207
person 0.0019 -5 115 124 323
person 0.0016 208 78 519 357
person 0.0015 451 64 492 128
person 0.0012 120 75 246 144
person 0.0011 235 102 417 335
person 0.0011 183 51 391 210
sofa 0.0136 35 156 464 394
