cat 0.2318 47 -1 336 270
cat 0.0443 1 43 331 456
cat 0.0065 17 31 162 234
cat 0.0017 -3 -33 234 225
dog 0.1271 63 145 319 508
dog 0.1121 -6 0 339 345
dog 0.0073 32 32 249 468
dog 0.0027 141 216 293 437
person 0.6272 19 114 313 539
person 0.0136 31 294 301 508
person 0.0061 94 175 239 476
person 0.0039 179 237 306 478
person 0.0024 133 206 351 521
person 0.0017 38 262 191 469
sheep 0.0613 132 35 303 240
sheep 0.0203 50 10 231 189
sheep 0.0065 52 90 229 263
sheep 0.0046 1 44 15 87
sheep 0.0045 204 23 330 246
sheep 0.0039 1 39 74 159
sheep 0.0018 96 121 184 230
sheep 0.0017 0 27 18 108
sheep 0.0014 5 51 30 80
sheep 0.0011 128 124 204 221
sheep 0.0010 -4 38 71 100
