bus 0.8476 90 51 336 230
bus 0.1965 104 112 306 266
bus 0.0348 217 44 340 237
bus 0.0216 2 160 97 223
bus 0.0104 -1 143 24 228
bus 0.0081 4 161 46 234
bus 0.0068 0 155 50 195
bus 0.0064 345 166 442 205
bus 0.0040 314 168 396 207
bus 0.0038 -7 158 67 208
bus 0.0032 134 108 287 175
bus 0.0025 238 147 324 234
bus 0.0022 320 166 361 208
bus 0.0015 333 142 376 207
bus 0.0015 379 146 411 205
bus 0.0015 149 155 271 227
bus 0.0015 154 25 420 256
bus 0.0015 -19 138 132 240
bus 0.0012 138 134 284 200
bus 0.0012 267 152 365 222
bus 0.0012 95 154 176 231
bus 0.0011 18 166 74 202
bus 0.0011 50 96 217 237
car 0.4681 379 177 409 199
car 0.2783 338 182 370 208
car 0.2095 333 172 377 205
car 0.1172 380 185 408 206
car 0.0334 0 197 29 254
car 0.0282 360 177 391 201
car 0.0190 324 183 352 207
car 0.0138 398 177 422 200
car 0.0043 321 176 359 214
car 0.0042 398 184 423 206
car 0.0031 0 169 20 202
car 0.0029 2 194 23 230
car 0.0028 355 185 389 205
car 0.0027 316 176 396 216
car 0.0026 7 174 44 194
car 0.0015 73 175 97 201
car 0.0014 3 171 42 249
car 0.0013 28 175 67 196
car 0.0013 52 175 84 196
car 0.0012 10 187 42 209
car 0.0011 9 162 43 188
chair 0.0022 454 201 496 297
chair 0.0015 475 237 499 339
person 0.0168 149 170 173 205
person 0.0155 444 179 459 216
person 0.0147 132 173 158 203
person 0.0043 421 173 442 200
person 0.0035 169 171 193 200
person 0.0029 144 175 179 217
person 0.0017 441 170 463 223
person 0.0017 421 162 442 188
person 0.0016 163 164 197 210
person 0.0015 456 133 484 240
person 0.0012 0 198 25 325
person 0.0011 0 182 23 213
person 0.0010 460 180 477 218
person 0.0010 402 159 421 191
person 0.0010 444 194 463 224
person 0.0010 308 206 328 241
pottedplant 0.0250 471 195 500 277
pottedplant 0.0095 469 147 500 249
pottedplant 0.0024 476 218 500 253
pottedplant 0.0023 425 125 516 312
pottedplant 0.0018 441 167 502 270
pottedplant 0.0013 475 232 500 265
pottedplant 0.0013 458 193 492 254
pottedplant 0.0011 476 179 497 216
pottedplant 0.0010 475 209 500 240
