car 0.0359 72 0 200 40
car 0.0079 83 0 181 74
car 0.0054 180 23 222 42
car 0.0037 171 -5 273 51
car 0.0032 115 -5 230 46
car 0.0017 75 1 135 42
car 0.0015 171 3 229 41
car 0.0014 181 11 220 37
chair 0.0123 1 269 91 377
chair 0.0037 -1 244 61 360
chair 0.0029 37 329 176 374
chair 0.0025 -1 250 25 367
chair 0.0025 0 222 29 338
chair 0.0024 91 304 250 370
chair 0.0023 6 224 186 372
chair 0.0020 22 291 168 371
chair 0.0012 79 278 346 380
person 0.0081 -1 158 115 383
person 0.0056 0 167 24 308
person 0.0021 -12 134 68 360
person 0.0017 5 -6 187 145
person 0.0010 19 139 173 353
person 0.0010 4 181 42 322
pottedplant 0.2343 221 155 338 261
pottedplant 0.0445 221 86 352 243
pottedplant 0.0231 241 111 333 211
pottedplant 0.0165 -10 -3 119 150
pottedplant 0.0101 208 138 298 242
pottedplant 0.0089 177 115 323 264
pottedplant 0.0041 278 139 371 234
pottedplant 0.0040 199 153 372 334
pottedplant 0.0037 234 110 418 265
pottedplant 0.0036 12 4 101 86
pottedplant 0.0035 202 116 294 206
pottedplant 0.0029 243 90 332 171
pottedplant 0.0028 79 70 497 304
pottedplant 0.0023 -17 24 60 116
pottedplant 0.0023 271 124 379 194
pottedplant 0.0020 164 149 260 232
pottedplant 0.0013 -18 2 65 83
pottedplant 0.0013 169 173 255 260
pottedplant 0.0012 125 133 298 299
pottedplant 0.0011 252 169 307 248
