aeroplane 0.0015 423 143 479 161
boat 0.1569 57 30 442 286
boat 0.0105 0 277 111 331
boat 0.0100 0 239 100 319
boat 0.0068 88 66 261 255
boat 0.0059 3 254 44 337
boat 0.0053 132 67 369 251
boat 0.0047 382 244 504 299
boat 0.0046 34 246 156 310
boat 0.0039 180 280 471 380
boat 0.0034 37 276 95 316
boat 0.0034 2 216 110 281
boat 0.0027 2 233 52 299
boat 0.0024 46 283 87 307
boat 0.0024 225 77 427 242
boat 0.0020 -12 209 128 336
boat 0.0020 82 168 128 188
boat 0.0020 304 231 503 373
boat 0.0019 -14 29 285 288
boat 0.0018 -1 238 24 265
boat 0.0017 349 275 462 342
boat 0.0015 78 136 266 295
boat 0.0015 220 302 355 370
boat 0.0015 73 128 426 360
boat 0.0015 235 335 421 379
boat 0.0015 44 212 146 284
boat 0.0014 145 163 353 323
boat 0.0013 75 157 134 203
boat 0.0013 45 43 222 219
boat 0.0012 10 280 40 309
boat 0.0011 229 237 423 367
boat 0.0011 313 210 420 283
boat 0.0011 389 219 513 286
boat 0.0010 67 250 509 412
boat 0.0010 24 268 148 324
car 0.0062 5 278 43 345
car 0.0045 -1 282 32 365
car 0.0034 -6 305 120 350
car 0.0034 -1 281 28 307
car 0.0025 -10 294 69 358
car 0.0012 0 290 23 329
car 0.0012 6 279 91 338
car 0.0012 307 356 367 373
car 0.0010 293 333 420 376
chair 0.0053 4 -8 86 109
chair 0.0046 3 297 92 379
chair 0.0032 0 294 31 381
chair 0.0015 21 308 73 367
person 0.0042 2 284 43 365
person 0.0018 -14 4 65 82
train 0.0014 21 276 151 344
tvmonitor 0.0106 392 298 490 370
tvmonitor 0.0049 453 282 497 367
tvmonitor 0.0045 356 279 473 370
tvmonitor 0.0010 440 358 500 375
