person 0.5035 358 165 400 282
person 0.0022 318 141 421 290
person 0.0016 369 200 407 271
sheep 0.6555 177 130 225 178
sheep 0.5297 236 177 277 239
sheep 0.5254 296 128 346 171
sheep 0.3730 281 106 313 134
sheep 0.3228 378 121 410 150
sheep 0.1882 383 111 409 139
sheep 0.1874 285 116 344 162
sheep 0.0746 283 98 312 124
sheep 0.0458 283 127 321 174
sheep 0.0362 245 171 272 218
sheep 0.0348 363 123 393 146
sheep 0.0317 230 173 260 243
sheep 0.0306 287 112 351 193
sheep 0.0274 288 136 313 169
sheep 0.0252 318 133 348 171
sheep 0.0114 358 172 393 193
sheep 0.0104 359 180 395 202
sheep 0.0102 299 123 335 154
sheep 0.0101 223 161 291 230
sheep 0.0100 318 125 349 153
sheep 0.0071 395 121 422 148
sheep 0.0068 167 141 208 183
sheep 0.0057 301 150 337 173
sheep 0.0056 397 110 422 138
sheep 0.0047 253 98 344 148
sheep 0.0035 350 116 438 156
sheep 0.0034 269 106 293 134
sheep 0.0034 286 149 314 176
sheep 0.0029 235 156 277 209
sheep 0.0029 338 126 370 146
sheep 0.0029 320 150 347 175
sheep 0.0026 252 123 345 177
sheep 0.0022 240 170 273 195
sheep 0.0021 380 135 410 160
sheep 0.0020 185 127 218 152
sheep 0.0018 232 186 253 231
sheep 0.0017 335 102 450 148
sheep 0.0016 389 99 426 151
sheep 0.0015 358 116 400 153
sheep 0.0014 202 127 237 148
sheep 0.0013 274 115 392 163
sheep 0.0012 179 115 222 161
sheep 0.0012 366 111 388 141
sheep 0.0011 231 177 253 212
sheep 0.0010 293 111 334 132
