aeroplane 0.0839 45 -2 83 14
aeroplane 0.0669 90 33 150 66
aeroplane 0.0251 19 0 77 14
aeroplane 0.0131 24 37 68 56
aeroplane 0.0070 0 0 56 15
aeroplane 0.0034 102 28 140 50
aeroplane 0.0030 22 29 66 48
aeroplane 0.0026 -19 -12 112 24
aeroplane 0.0026 91 28 125 50
aeroplane 0.0020 40 -8 86 22
aeroplane 0.0019 8 26 52 49
aeroplane 0.0018 5 15 58 59
aeroplane 0.0014 16 30 75 65
aeroplane 0.0013 44 42 88 58
aeroplane 0.0010 21 61 401 312
bus 0.5915 212 120 356 250
bus 0.0031 264 128 370 232
bus 0.0023 432 164 476 219
bus 0.0019 391 159 432 206
car 0.0319 397 178 426 206
car 0.0259 0 218 211 285
car 0.0182 195 196 361 250
car 0.0124 -10 68 356 305
car 0.0097 452 150 494 214
car 0.0094 379 177 408 211
car 0.0082 416 181 444 204
car 0.0071 65 222 187 279
car 0.0059 358 184 393 210
car 0.0050 482 145 498 188
car 0.0048 478 133 501 203
car 0.0021 437 177 466 209
car 0.0018 398 170 429 198
car 0.0016 458 163 489 196
car 0.0016 342 181 370 211
person 0.0247 228 148 255 181
person 0.0138 476 146 500 214
person 0.0123 441 132 471 227
person 0.0065 451 157 488 229
person 0.0062 479 172 498 214
person 0.0059 347 162 366 200
person 0.0037 458 178 485 213
person 0.0033 436 136 468 161
person 0.0028 266 181 293 207
person 0.0025 245 150 267 181
person 0.0022 381 166 404 200
person 0.0019 459 193 481 224
person 0.0016 25 20 397 295
person 0.0015 342 153 370 209
person 0.0015 475 106 500 199
person 0.0011 362 166 389 199
person 0.0010 380 153 405 181
person 0.0010 261 169 297 190
tvmonitor 0.2050 0 101 198 272
tvmonitor 0.0269 1 57 267 316
tvmonitor 0.0049 28 141 160 233
tvmonitor 0.0047 46 104 300 268
tvmonitor 0.0016 74 117 193 206
tvmonitor 0.0016 -22 72 145 244
tvmonitor 0.0013 35 114 151 207
