bicycle 0.0013 156 181 282 256
bird 0.0034 50 61 145 225
bird 0.0010 175 8 273 131
car 0.0026 261 236 285 250
car 0.0016 269 235 294 250
chair 0.0033 80 192 133 249
dog 0.0292 131 155 222 241
dog 0.0019 154 161 202 233
dog 0.0014 148 179 210 252
person 0.8769 149 -2 289 252
person 0.3129 9 4 152 246
person 0.0473 39 18 306 231
person 0.0390 165 3 271 168
person 0.0213 170 85 270 237
person 0.0090 159 187 223 247
person 0.0074 14 55 106 230
person 0.0055 29 117 129 246
person 0.0048 9 12 115 162
person 0.0042 147 112 244 251
person 0.0041 138 176 250 254
person 0.0027 97 152 202 249
person 0.0026 0 39 68 210
person 0.0020 222 54 305 197
person 0.0019 44 48 159 202
person 0.0016 184 197 255 245
person 0.0013 103 98 288 265
pottedplant 0.0025 25 28 274 220
pottedplant 0.0013 101 80 198 208
