boat 0.3003 155 222 340 269
boat 0.0993 338 219 456 272
boat 0.0516 343 241 443 277
boat 0.0231 101 252 151 271
boat 0.0197 91 231 159 270
boat 0.0152 92 211 178 282
boat 0.0137 178 202 397 281
boat 0.0130 317 193 480 291
boat 0.0121 370 237 490 285
boat 0.0120 157 238 337 286
boat 0.0111 328 189 425 242
boat 0.0096 259 217 397 267
boat 0.0093 150 146 349 285
boat 0.0091 79 239 178 290
boat 0.0088 108 244 170 277
boat 0.0087 359 253 427 269
boat 0.0080 217 231 377 266
boat 0.0067 383 223 492 271
boat 0.0065 191 110 386 268
boat 0.0061 111 213 232 274
boat 0.0058 124 198 303 285
boat 0.0042 142 230 262 264
boat 0.0039 99 239 150 260
boat 0.0032 355 230 435 268
boat 0.0030 344 166 461 220
boat 0.0028 142 220 351 308
boat 0.0027 314 237 425 288
boat 0.0026 61 86 361 294
boat 0.0026 348 186 401 233
boat 0.0024 121 106 300 273
boat 0.0024 255 239 303 257
boat 0.0023 296 225 340 244
boat 0.0023 118 239 167 260
boat 0.0022 64 178 207 304
boat 0.0018 349 253 401 270
boat 0.0016 233 239 283 255
boat 0.0016 194 183 307 253
boat 0.0016 156 224 213 269
boat 0.0015 226 218 368 254
boat 0.0014 398 233 465 269
boat 0.0014 232 226 284 242
boat 0.0014 148 187 270 252
boat 0.0014 429 229 476 271
boat 0.0014 449 249 495 269
boat 0.0013 383 252 440 268
boat 0.0013 433 252 475 272
boat 0.0013 336 212 376 234
boat 0.0012 82 175 166 272
boat 0.0012 269 241 326 256
boat 0.0012 364 198 421 243
boat 0.0012 353 239 398 259
boat 0.0012 213 228 269 245
boat 0.0012 367 174 418 220
boat 0.0012 345 213 402 258
boat 0.0012 337 250 374 271
boat 0.0012 80 212 131 260
boat 0.0011 47 224 168 271
boat 0.0011 348 191 472 255
boat 0.0011 338 237 371 259
boat 0.0011 445 240 499 278
boat 0.0010 139 252 183 271
boat 0.0010 357 209 390 235
boat 0.0010 141 93 511 288
boat 0.0010 87 237 123 262
boat 0.0010 223 230 294 266
bus 0.0124 156 102 343 279
bus 0.0075 87 41 412 289
