bicycle 0.0047 11 0 125 38
car 0.8732 176 168 300 245
car 0.0080 374 337 503 376
car 0.0054 204 176 273 237
car 0.0030 258 170 295 190
car 0.0025 378 -4 505 37
car 0.0015 208 165 267 200
car 0.0013 372 7 416 28
car 0.0013 373 0 413 21
car 0.0013 188 161 285 205
chair 0.0066 -2 -3 52 38
chair 0.0065 381 307 497 371
chair 0.0036 339 331 526 373
chair 0.0015 361 335 425 372
chair 0.0014 17 0 80 38
chair 0.0011 344 349 483 377
person 0.1132 457 263 482 290
person 0.0120 234 -1 274 45
person 0.0093 76 -1 122 43
person 0.0033 217 168 262 191
person 0.0030 -19 -3 131 37
person 0.0029 199 170 242 191
person 0.0024 241 169 278 191
person 0.0020 59 0 113 19
person 0.0019 40 0 93 17
person 0.0017 17 0 79 17
person 0.0016 50 -1 198 45
person 0.0015 35 0 98 35
person 0.0015 81 0 128 19
person 0.0012 97 1 151 41
sheep 0.0281 454 257 480 284
