boat 0.0294 -1 145 53 288
boat 0.0066 87 227 122 247
boat 0.0046 1 150 43 239
boat 0.0042 -2 123 110 310
boat 0.0036 53 177 77 210
boat 0.0035 49 170 81 221
boat 0.0026 33 117 162 313
boat 0.0026 132 210 161 231
boat 0.0025 61 176 140 260
boat 0.0020 9 161 91 271
boat 0.0017 133 194 161 221
boat 0.0017 132 186 163 209
boat 0.0016 88 185 120 262
boat 0.0013 88 183 181 255
car 0.8092 186 114 466 319
car 0.0044 73 46 425 328
car 0.0015 163 129 346 300
car 0.0011 249 176 404 257
chair 0.0053 402 18 500 230
chair 0.0012 416 65 491 194
person 0.0374 -5 114 61 317
person 0.0189 4 139 40 305
person 0.0069 417 26 486 287
person 0.0060 91 175 116 209
person 0.0051 424 64 486 207
person 0.0049 477 147 499 269
person 0.0036 0 127 29 263
person 0.0033 427 59 517 313
person 0.0029 86 167 122 220
person 0.0021 -24 42 60 276
person 0.0015 477 75 500 226
person 0.0011 75 179 100 209
person 0.0010 430 74 474 172
tvmonitor 0.0035 225 -2 428 148
