bird 0.1795 151 244 235 355
bottle 0.0011 1 288 16 345
cat 0.1985 138 236 246 354
cat 0.0814 296 299 477 504
cat 0.0212 138 0 257 51
cat 0.0169 66 216 275 361
cat 0.0035 -7 127 406 448
cat 0.0011 311 343 455 463
cat 0.0011 257 348 435 525
chair 0.0515 10 440 120 503
chair 0.0211 4 256 83 410
chair 0.0126 143 480 201 500
chair 0.0082 1 413 52 495
chair 0.0073 45 442 152 498
chair 0.0047 23 405 136 505
chair 0.0046 0 274 23 393
chair 0.0031 13 433 70 506
chair 0.0030 0 429 27 504
chair 0.0025 3 476 51 500
chair 0.0023 52 477 110 500
chair 0.0021 0 310 19 361
chair 0.0021 -3 249 93 346
chair 0.0021 0 368 90 498
chair 0.0018 32 -5 150 52
chair 0.0016 0 361 23 501
chair 0.0016 0 432 22 475
chair 0.0013 0 282 55 387
chair 0.0013 353 133 472 352
chair 0.0013 -4 475 25 502
chair 0.0013 105 466 238 503
chair 0.0012 -1 205 19 350
chair 0.0012 14 477 74 499
chair 0.0011 -1 216 59 365
chair 0.0011 -5 133 108 371
chair 0.0011 139 2 253 96
diningtable 0.0041 53 170 278 333
diningtable 0.0032 17 152 454 422
diningtable 0.0018 18 82 380 338
diningtable 0.0015 -22 302 129 499
diningtable 0.0010 0 356 103 457
dog 0.0010 141 -4 244 60
person 0.0025 447 105 472 297
person 0.0021 253 302 437 506
person 0.0018 164 -4 306 51
person 0.0015 96 454 229 513
person 0.0014 -28 403 64 491
person 0.0013 44 -8 206 57
person 0.0010 408 19 484 328
pottedplant 0.0899 139 264 242 369
pottedplant 0.0763 94 442 148 500
pottedplant 0.0691 267 114 423 327
pottedplant 0.0679 31 444 148 502
pottedplant 0.0292 308 35 450 319
pottedplant 0.0236 253 163 365 260
pottedplant 0.0150 257 423 306 483
pottedplant 0.0128 69 402 184 494
pottedplant 0.0124 348 142 427 263
pottedplant 0.0118 296 148 396 270
pottedplant 0.0092 223 196 336 284
pottedplant 0.0088 146 173 401 337
pottedplant 0.0087 286 140 421 227
pottedplant 0.0077 0 407 106 497
pottedplant 0.0071 329 185 435 314
pottedplant 0.0059 366 5 465 342
pottedplant 0.0053 91 473 145 501
pottedplant 0.0052 255 207 365 304
pottedplant 0.0052 217 241 327 330
pottedplant 0.0046 64 141 480 434
pottedplant 0.0046 267 -11 493 357
pottedplant 0.0032 271 152 328 209
pottedplant 0.0031 116 451 149 495
pottedplant 0.0031 312 149 362 215
pottedplant 0.0030 374 -2 464 117
pottedplant 0.0029 31 367 226 505
pottedplant 0.0027 363 163 417 241
pottedplant 0.0027 125 446 177 499
pottedplant 0.0026 232 206 291 273
pottedplant 0.0026 189 206 291 296
pottedplant 0.0025 124 479 184 500
pottedplant 0.0025 247 146 353 219
pottedplant 0.0022 102 138 367 300
pottedplant 0.0020 66 462 163 506
pottedplant 0.0018 141 76 474 345
pottedplant 0.0017 264 435 299 475
pottedplant 0.0017 102 442 207 501
pottedplant 0.0016 292 229 341 290
pottedplant 0.0015 263 390 301 479
pottedplant 0.0015 113 415 157 492
pottedplant 0.0015 235 441 292 498
pottedplant 0.0015 166 171 305 261
pottedplant 0.0015 345 -45 484 163
pottedplant 0.0015 336 69 428 198
pottedplant 0.0014 290 154 345 210
pottedplant 0.0013 335 -1 425 112
pottedplant 0.0013 136 324 172 352
pottedplant 0.0012 339 33 422 154
pottedplant 0.0012 387 164 428 242
pottedplant 0.0012 265 236 353 342
pottedplant 0.0011 299 242 335 278
pottedplant 0.0011 279 163 318 197
pottedplant 0.0011 371 144 460 285
pottedplant 0.0010 330 158 378 245
pottedplant 0.0010 276 413 316 490
pottedplant 0.0010 134 455 170 493
