chair 0.0250 470 263 500 382
chair 0.0197 436 248 503 367
chair 0.0080 451 288 500 361
chair 0.0064 127 281 237 367
chair 0.0045 29 330 180 374
chair 0.0041 402 280 496 376
chair 0.0034 96 231 244 366
chair 0.0030 233 241 495 368
chair 0.0020 108 326 176 376
chair 0.0017 39 190 225 352
chair 0.0014 440 327 501 374
chair 0.0013 69 313 183 368
chair 0.0012 268 306 462 372
chair 0.0012 457 266 517 378
chair 0.0010 49 257 216 397
person 0.8610 222 106 357 375
person 0.2219 190 118 462 370
person 0.0042 426 230 510 376
person 0.0033 377 183 503 367
person 0.0027 52 113 372 375
person 0.0027 185 158 325 380
person 0.0021 477 203 500 329
person 0.0014 44 127 224 305
person 0.0014 246 185 337 302
person 0.0012 121 138 303 354
person 0.0012 229 119 290 243
person 0.0011 128 61 160 155
tvmonitor 0.2742 -9 123 124 366
tvmonitor 0.0459 7 185 178 349
tvmonitor 0.0064 85 143 254 348
tvmonitor 0.0046 6 122 89 236
tvmonitor 0.0042 8 223 105 323
tvmonitor 0.0025 180 28 229 72
tvmonitor 0.0020 45 223 148 322
tvmonitor 0.0012 120 177 225 259
tvmonitor 0.0010 109 200 175 303
