car 0.8275 291 248 379 291
car 0.7070 191 243 288 286
car 0.4584 123 255 167 274
car 0.3231 142 253 177 275
car 0.2839 94 255 151 274
car 0.1838 79 247 128 265
car 0.1732 226 248 284 283
car 0.1184 78 250 138 278
car 0.0985 67 244 195 280
car 0.0762 197 248 252 286
car 0.0630 126 247 165 268
car 0.0477 211 254 269 281
car 0.0455 102 246 146 268
car 0.0284 67 256 109 274
car 0.0232 382 241 495 285
car 0.0206 70 247 108 267
car 0.0199 1 243 24 269
car 0.0193 53 245 84 268
car 0.0163 306 256 366 282
car 0.0161 292 254 343 284
car 0.0142 49 256 85 274
car 0.0100 161 256 201 274
car 0.0085 260 245 294 267
car 0.0082 206 257 276 297
car 0.0080 307 265 365 291
car 0.0075 12 254 42 274
car 0.0071 137 239 181 272
car 0.0069 278 246 314 266
car 0.0068 209 243 361 287
car 0.0066 280 255 318 277
car 0.0061 281 234 385 279
car 0.0060 256 254 299 277
car 0.0046 10 245 41 269
car 0.0044 333 256 374 284
car 0.0042 0 252 22 276
car 0.0042 322 260 380 294
car 0.0041 29 257 65 273
car 0.0037 106 248 223 282
car 0.0036 311 254 417 308
car 0.0035 161 246 199 268
car 0.0035 299 247 448 288
car 0.0026 55 239 158 271
car 0.0023 210 247 270 264
car 0.0022 190 252 219 280
car 0.0020 241 245 279 267
car 0.0019 64 239 116 272
car 0.0016 182 208 313 314
car 0.0015 201 246 242 266
car 0.0014 49 235 89 272
car 0.0013 267 209 403 313
car 0.0011 344 248 398 286
car 0.0011 329 233 495 274
car 0.0011 185 246 218 268
car 0.0010 254 235 298 274
car 0.0010 288 236 346 277
