aeroplane 0.0045 183 294 368 451
aeroplane 0.0013 2 304 42 326
bicycle 0.0027 241 -3 350 66
bird 0.0014 22 303 47 333
bird 0.0010 165 12 323 93
cat 0.0020 35 44 339 453
chair 0.0128 61 471 96 499
chair 0.0077 326 349 377 517
chair 0.0068 56 442 143 500
chair 0.0053 270 309 391 488
chair 0.0050 90 473 126 499
chair 0.0038 294 338 371 470
chair 0.0034 123 470 154 500
chair 0.0031 71 475 115 499
chair 0.0020 80 452 105 491
chair 0.0020 48 470 80 500
chair 0.0017 32 475 68 500
chair 0.0017 88 459 127 509
chair 0.0016 100 477 144 499
chair 0.0012 18 471 48 502
chair 0.0011 7 471 39 503
chair 0.0010 256 341 351 459
diningtable 0.0104 219 319 383 483
person 0.7082 132 439 165 507
person 0.5624 91 437 124 502
person 0.3618 7 441 41 503
person 0.2734 50 443 85 500
person 0.2475 163 442 197 502
person 0.0219 200 441 243 500
person 0.0197 127 438 203 503
person 0.0190 74 435 139 503
person 0.0171 145 442 185 500
person 0.0131 103 437 134 499
person 0.0120 148 440 227 513
person 0.0115 134 440 162 470
person 0.0093 173 440 211 499
person 0.0091 30 444 100 500
person 0.0090 23 445 42 502
person 0.0073 213 444 260 498
person 0.0057 172 437 261 505
person 0.0043 102 443 172 500
person 0.0041 125 448 152 494
person 0.0038 0 448 84 503
person 0.0037 110 448 130 494
person 0.0032 64 445 87 490
person 0.0028 153 449 177 494
person 0.0026 127 440 151 472
person 0.0018 162 472 198 502
person 0.0017 264 -1 302 56
person 0.0016 182 447 203 495
person 0.0015 96 438 120 472
person 0.0014 276 -1 313 26
person 0.0013 53 441 76 471
person 0.0012 172 477 215 500
person 0.0011 122 457 158 512
person 0.0010 277 0 312 60
pottedplant 0.1034 66 354 132 455
pottedplant 0.0319 88 225 227 441
pottedplant 0.0158 72 364 118 424
pottedplant 0.0101 70 384 119 444
pottedplant 0.0084 76 231 106 326
pottedplant 0.0078 64 186 123 335
pottedplant 0.0065 63 402 137 494
pottedplant 0.0062 85 347 124 403
pottedplant 0.0055 263 285 343 363
pottedplant 0.0048 206 288 284 380
pottedplant 0.0045 120 268 194 392
pottedplant 0.0035 61 186 90 257
pottedplant 0.0035 56 316 142 492
pottedplant 0.0032 263 250 342 339
pottedplant 0.0027 280 266 368 331
pottedplant 0.0025 74 399 113 428
pottedplant 0.0025 62 182 195 396
pottedplant 0.0024 96 265 160 394
pottedplant 0.0023 90 320 166 422
pottedplant 0.0023 282 293 337 342
pottedplant 0.0022 81 355 108 394
pottedplant 0.0021 74 343 144 407
pottedplant 0.0021 258 -5 348 58
pottedplant 0.0021 53 182 263 469
pottedplant 0.0019 236 290 313 373
pottedplant 0.0019 91 228 165 343
pottedplant 0.0018 78 372 109 410
pottedplant 0.0018 326 299 354 338
pottedplant 0.0017 89 360 168 457
pottedplant 0.0017 119 235 195 339
pottedplant 0.0017 107 258 137 339
pottedplant 0.0016 146 282 227 384
pottedplant 0.0016 30 407 112 492
pottedplant 0.0016 175 234 315 427
pottedplant 0.0015 288 273 331 330
pottedplant 0.0015 179 280 253 384
pottedplant 0.0014 58 273 200 462
pottedplant 0.0013 66 183 91 216
pottedplant 0.0013 58 196 97 322
pottedplant 0.0013 217 9 333 89
pottedplant 0.0012 65 361 97 429
pottedplant 0.0012 116 280 155 356
pottedplant 0.0012 92 355 119 395
pottedplant 0.0012 302 273 345 327
pottedplant 0.0010 191 -12 354 140
pottedplant 0.0010 69 266 132 388
