bicycle 0.6220 223 211 297 290
bicycle 0.5831 81 189 164 281
bicycle 0.2521 317 224 391 317
bicycle 0.2330 147 200 217 282
bicycle 0.2138 306 186 365 317
bicycle 0.1724 73 167 141 266
bicycle 0.0831 170 194 239 285
bicycle 0.0767 246 190 314 288
bicycle 0.0539 312 229 361 302
bicycle 0.0506 154 207 284 294
bicycle 0.0478 78 202 132 271
bicycle 0.0216 231 177 278 298
bicycle 0.0127 237 234 337 302
bicycle 0.0091 231 254 278 303
bicycle 0.0079 144 203 190 270
bicycle 0.0052 51 139 153 288
bicycle 0.0041 209 174 311 311
bicycle 0.0026 195 213 238 289
bicycle 0.0025 121 202 166 270
bicycle 0.0020 70 210 112 266
bicycle 0.0018 333 214 372 315
bicycle 0.0018 277 220 358 311
bicycle 0.0017 32 199 142 278
bicycle 0.0017 133 173 228 309
bicycle 0.0016 261 229 304 303
bicycle 0.0014 300 229 342 303
bicycle 0.0013 99 169 186 274
bicycle 0.0011 224 231 265 295
bus 0.0072 0 149 91 211
bus 0.0065 1 148 47 212
bus 0.0033 19 171 72 213
bus 0.0018 14 123 96 200
bus 0.0017 -1 115 24 218
bus 0.0011 251 93 402 228
car 0.0271 4 197 47 216
car 0.0059 0 192 22 221
car 0.0048 9 182 43 211
car 0.0035 281 125 371 202
car 0.0024 29 183 66 208
car 0.0023 202 126 296 201
car 0.0020 0 189 53 222
car 0.0013 0 161 30 226
car 0.0010 1 177 25 214
chair 0.0860 439 250 500 342
chair 0.0099 476 222 500 312
chair 0.0046 475 254 500 337
chair 0.0040 445 229 496 305
chair 0.0034 419 197 518 353
chair 0.0010 480 244 499 290
person 0.8416 316 174 357 300
person 0.8065 174 130 226 288
person 0.7111 92 157 157 271
person 0.7100 230 147 290 296
person 0.6515 321 173 386 317
person 0.5811 264 147 296 299
person 0.4768 159 139 198 277
person 0.4173 89 125 122 264
person 0.3766 350 159 390 316
person 0.2951 197 134 238 285
person 0.2008 119 145 157 211
person 0.1510 105 133 143 254
person 0.1496 263 131 298 228
person 0.1455 78 137 136 280
person 0.1412 338 170 372 305
person 0.1385 305 172 340 242
person 0.1347 246 129 279 201
person 0.1179 386 150 408 185
person 0.1115 246 167 305 306
person 0.0793 148 145 188 214
person 0.0650 249 131 275 167
person 0.0639 189 130 222 227
person 0.0570 203 133 232 226
person 0.0560 343 133 378 255
person 0.0523 249 139 310 244
person 0.0509 123 138 155 278
person 0.0493 257 126 292 179
person 0.0454 299 126 367 314
person 0.0417 211 131 269 290
person 0.0346 353 149 385 238
person 0.0315 86 133 118 202
person 0.0304 241 139 273 251
person 0.0196 227 142 259 216
person 0.0192 302 179 341 294
person 0.0183 128 145 153 185
person 0.0172 225 158 261 285
person 0.0158 277 133 309 283
person 0.0156 313 162 349 230
person 0.0135 307 175 332 210
person 0.0128 161 140 197 195
person 0.0122 76 161 107 221
person 0.0117 110 141 146 195
person 0.0114 79 175 100 211
person 0.0112 310 162 328 201
person 0.0109 149 159 185 284
person 0.0093 343 150 377 211
person 0.0086 343 151 370 183
person 0.0085 400 145 420 187
person 0.0085 265 150 327 296
person 0.0083 274 142 310 194
person 0.0078 110 138 171 251
person 0.0077 226 141 256 164
person 0.0075 185 140 217 165
person 0.0072 129 140 156 166
person 0.0071 263 124 287 156
person 0.0071 104 150 182 208
person 0.0070 227 148 253 181
person 0.0068 324 214 350 259
person 0.0068 248 144 272 185
person 0.0068 136 142 192 246
person 0.0065 283 148 306 184
person 0.0061 191 185 215 230
person 0.0057 115 146 138 184
person 0.0054 309 150 330 186
person 0.0053 326 140 391 240
person 0.0052 247 158 269 199
person 0.0052 229 129 291 230
person 0.0051 203 141 235 166
person 0.0048 154 138 217 223
person 0.0048 133 120 219 266
person 0.0047 321 175 344 214
person 0.0044 282 168 351 248
person 0.0044 88 142 161 218
person 0.0043 92 144 114 185
person 0.0043 168 144 191 185
person 0.0041 360 153 389 183
person 0.0038 153 146 178 182
person 0.0038 267 158 292 197
person 0.0037 210 143 231 185
person 0.0037 230 159 254 196
person 0.0036 351 231 401 301
person 0.0034 284 159 306 201
person 0.0032 191 143 214 184
person 0.0030 167 142 197 166
person 0.0030 184 136 252 225
person 0.0028 89 140 117 167
person 0.0024 343 142 403 275
person 0.0024 279 141 309 165
person 0.0024 75 128 104 206
person 0.0023 307 186 334 228
person 0.0023 305 151 336 211
person 0.0023 92 157 114 202
person 0.0023 361 157 384 197
person 0.0022 113 140 140 168
person 0.0020 317 151 350 178
person 0.0020 309 142 356 192
person 0.0019 418 152 443 184
person 0.0018 151 160 180 196
person 0.0018 247 173 269 212
person 0.0017 346 159 369 197
person 0.0016 78 161 100 201
person 0.0016 96 188 118 230
person 0.0016 268 198 290 246
person 0.0015 208 127 309 264
person 0.0015 295 146 370 228
person 0.0015 114 158 138 199
person 0.0015 324 162 344 197
person 0.0014 245 201 269 242
person 0.0014 360 215 384 259
person 0.0014 242 121 283 160
person 0.0013 94 168 114 221
person 0.0013 143 143 184 164
person 0.0013 55 117 153 263
person 0.0011 240 121 325 204
person 0.0011 169 183 192 231
person 0.0011 178 135 224 174
person 0.0011 345 217 367 256
person 0.0010 166 156 192 199
person 0.0010 77 147 99 185
