bicycle 0.0012 -1 268 27 377
chair 0.0092 182 269 261 382
chair 0.0047 187 303 288 373
chair 0.0019 191 306 245 370
chair 0.0016 111 327 233 376
chair 0.0015 179 264 226 327
chair 0.0013 235 307 323 368
chair 0.0012 134 270 187 316
chair 0.0012 70 325 199 380
chair 0.0011 137 258 226 332
chair 0.0011 155 267 209 322
chair 0.0010 26 225 68 278
chair 0.0010 44 228 84 276
person 0.0037 0 195 27 308
person 0.0016 0 227 28 364
pottedplant 0.1458 9 243 193 374
pottedplant 0.0323 101 252 150 304
pottedplant 0.0322 193 283 305 376
pottedplant 0.0317 76 256 177 348
pottedplant 0.0287 -1 258 94 362
pottedplant 0.0267 4 191 41 284
pottedplant 0.0245 172 245 326 368
pottedplant 0.0207 59 285 156 362
pottedplant 0.0201 83 243 165 316
pottedplant 0.0168 4 166 43 251
pottedplant 0.0134 108 286 238 370
pottedplant 0.0123 53 276 290 374
pottedplant 0.0097 227 273 329 349
pottedplant 0.0093 -4 283 63 375
pottedplant 0.0082 169 258 261 357
pottedplant 0.0078 -2 170 28 250
pottedplant 0.0071 1 156 47 205
pottedplant 0.0065 78 254 137 307
pottedplant 0.0062 121 258 222 353
pottedplant 0.0059 37 261 134 359
pottedplant 0.0058 5 212 44 352
pottedplant 0.0057 4 227 84 334
pottedplant 0.0053 199 239 299 319
pottedplant 0.0051 109 261 140 295
pottedplant 0.0049 -9 188 54 307
pottedplant 0.0048 97 273 151 344
pottedplant 0.0041 111 252 140 282
pottedplant 0.0031 22 246 70 315
pottedplant 0.0030 234 255 287 308
pottedplant 0.0029 195 259 244 330
pottedplant 0.0028 368 134 460 198
pottedplant 0.0026 -18 168 58 265
pottedplant 0.0025 23 292 72 356
pottedplant 0.0024 74 297 138 349
pottedplant 0.0024 91 294 194 380
pottedplant 0.0024 -25 181 78 366
pottedplant 0.0023 163 304 208 370
pottedplant 0.0022 27 210 67 264
pottedplant 0.0021 -3 147 29 211
pottedplant 0.0020 119 264 167 324
pottedplant 0.0020 118 290 168 357
pottedplant 0.0019 177 276 220 372
pottedplant 0.0019 46 293 88 356
pottedplant 0.0018 13 216 36 256
pottedplant 0.0018 29 298 142 376
pottedplant 0.0018 -1 190 21 229
pottedplant 0.0016 9 166 42 196
pottedplant 0.0015 1 289 27 386
pottedplant 0.0014 135 312 187 362
pottedplant 0.0013 197 276 245 375
pottedplant 0.0013 245 293 306 355
pottedplant 0.0012 0 205 21 240
pottedplant 0.0012 215 254 264 310
pottedplant 0.0011 66 275 110 343
pottedplant 0.0011 -1 177 25 211
