cat 0.0019 11 22 305 399
pottedplant 0.1595 116 177 256 471
pottedplant 0.1276 69 40 305 459
pottedplant 0.0426 34 165 94 314
pottedplant 0.0417 31 121 112 379
pottedplant 0.0408 111 0 187 136
pottedplant 0.0214 40 183 155 399
pottedplant 0.0113 63 224 136 357
pottedplant 0.0112 153 98 279 405
pottedplant 0.0095 37 190 69 289
pottedplant 0.0085 213 226 275 362
pottedplant 0.0083 43 79 157 341
pottedplant 0.0082 211 186 280 316
pottedplant 0.0061 188 145 298 360
pottedplant 0.0061 18 186 75 313
pottedplant 0.0041 176 233 257 351
pottedplant 0.0040 99 36 166 150
pottedplant 0.0040 106 -21 204 216
pottedplant 0.0034 42 180 82 261
pottedplant 0.0030 67 226 187 432
pottedplant 0.0030 47 216 111 343
pottedplant 0.0027 91 266 166 390
pottedplant 0.0027 109 302 263 505
pottedplant 0.0026 120 81 193 187
pottedplant 0.0021 119 274 196 384
pottedplant 0.0020 30 175 71 230
pottedplant 0.0020 150 273 226 383
pottedplant 0.0020 116 243 186 354
pottedplant 0.0020 46 211 82 307
pottedplant 0.0020 183 270 252 394
pottedplant 0.0019 68 15 190 256
pottedplant 0.0019 69 141 130 279
pottedplant 0.0018 60 103 199 396
pottedplant 0.0018 182 192 251 317
pottedplant 0.0017 128 317 247 410
pottedplant 0.0016 7 155 77 269
pottedplant 0.0016 -7 147 96 351
pottedplant 0.0013 10 127 249 448
pottedplant 0.0013 148 233 227 350
pottedplant 0.0011 36 184 64 220
pottedplant 0.0011 92 74 164 189
pottedplant 0.0011 115 18 159 116
tvmonitor 0.1503 231 -51 370 165
tvmonitor 0.0047 263 1 345 121
tvmonitor 0.0035 235 52 364 148
tvmonitor 0.0012 226 10 324 110
