bird 0.0085 254 179 476 322
bird 0.0067 273 176 313 219
bird 0.0032 253 207 398 282
bird 0.0015 265 176 301 238
bird 0.0013 267 182 296 212
bird 0.0011 288 186 443 255
bird 0.0011 225 188 331 286
bottle 0.0082 78 98 184 336
bottle 0.0015 93 215 168 333
bottle 0.0010 88 159 172 275
person 0.0444 27 24 163 352
person 0.0101 69 25 184 289
person 0.0029 10 -6 259 382
person 0.0015 326 38 481 278
pottedplant 0.0760 199 188 456 352
pottedplant 0.0169 63 89 436 400
pottedplant 0.0156 -19 136 74 355
pottedplant 0.0136 142 43 284 274
pottedplant 0.0107 -50 65 93 251
pottedplant 0.0106 -21 62 136 312
pottedplant 0.0098 281 59 373 146
pottedplant 0.0087 94 2 481 314
pottedplant 0.0078 323 55 409 148
pottedplant 0.0065 363 44 434 158
pottedplant 0.0054 -4 -10 122 215
pottedplant 0.0054 -4 152 62 280
pottedplant 0.0045 -66 8 182 366
pottedplant 0.0044 169 166 243 271
pottedplant 0.0043 199 42 377 217
pottedplant 0.0043 241 30 412 176
pottedplant 0.0038 94 70 251 307
pottedplant 0.0037 -41 -21 76 168
pottedplant 0.0037 26 -12 170 271
pottedplant 0.0037 153 111 270 327
pottedplant 0.0036 346 11 451 192
pottedplant 0.0034 159 146 339 347
pottedplant 0.0033 -19 78 60 178
pottedplant 0.0033 -28 110 65 206
pottedplant 0.0033 270 266 383 343
pottedplant 0.0026 202 291 316 385
pottedplant 0.0026 354 80 396 137
pottedplant 0.0026 2 -1 90 103
pottedplant 0.0026 33 94 162 341
pottedplant 0.0024 289 29 442 231
pottedplant 0.0023 -15 287 65 378
pottedplant 0.0022 12 182 81 308
pottedplant 0.0021 235 233 340 315
pottedplant 0.0021 -19 21 61 125
pottedplant 0.0020 204 80 296 176
pottedplant 0.0019 168 12 331 190
pottedplant 0.0018 263 229 389 317
pottedplant 0.0017 229 91 424 283
pottedplant 0.0015 163 300 278 375
pottedplant 0.0015 136 167 213 268
pottedplant 0.0015 224 259 429 397
pottedplant 0.0014 37 20 308 354
pottedplant 0.0014 237 82 335 175
pottedplant 0.0014 263 296 390 365
pottedplant 0.0014 10 290 102 374
pottedplant 0.0013 307 78 367 137
pottedplant 0.0013 156 260 343 401
pottedplant 0.0013 -6 210 56 336
pottedplant 0.0013 227 298 346 367
pottedplant 0.0013 198 111 299 204
pottedplant 0.0013 11 138 100 237
pottedplant 0.0013 18 76 94 185
pottedplant 0.0012 159 262 261 348
pottedplant 0.0012 1 330 53 377
pottedplant 0.0012 -16 215 117 384
pottedplant 0.0012 -2 -9 98 55
pottedplant 0.0012 159 188 209 258
pottedplant 0.0011 124 227 298 381
pottedplant 0.0011 234 265 339 343
pottedplant 0.0011 202 205 294 293
pottedplant 0.0010 159 228 261 317
pottedplant 0.0010 166 109 255 207
pottedplant 0.0010 167 25 255 116
pottedplant 0.0010 319 112 413 205
pottedplant 0.0010 400 51 484 151
pottedplant 0.0010 130 255 215 349
pottedplant 0.0010 213 328 344 379
pottedplant 0.0010 135 -10 287 155
