car 0.0297 270 0 460 35
car 0.0071 227 7 425 61
car 0.0055 203 -5 449 80
car 0.0055 318 1 469 61
car 0.0049 160 19 247 94
car 0.0037 179 11 317 65
car 0.0026 145 11 273 73
car 0.0019 68 -2 197 35
car 0.0016 310 8 367 52
car 0.0013 258 -11 413 29
car 0.0012 98 0 152 13
car 0.0010 214 -10 360 41
car 0.0010 288 -8 518 89
cat 0.3580 52 122 156 319
cat 0.0275 57 158 151 262
cat 0.0032 69 185 178 338
cat 0.0025 1 156 132 319
cat 0.0020 79 156 165 234
cat 0.0020 -27 100 219 333
cat 0.0011 42 144 137 225
chair 0.0015 18 -11 168 139
diningtable 0.0020 95 88 557 342
dog 0.3732 34 148 165 327
dog 0.0021 89 159 254 323
person 0.8467 87 13 488 318
person 0.0102 368 0 417 17
person 0.0084 170 51 407 280
person 0.0074 390 0 438 16
person 0.0050 409 -1 453 14
person 0.0048 354 0 396 18
person 0.0034 358 2 390 28
person 0.0028 354 1 397 59
person 0.0022 362 -1 419 36
person 0.0019 427 -1 472 14
person 0.0015 278 22 526 308
person 0.0013 131 66 294 268
person 0.0013 326 54 477 279
person 0.0012 136 208 182 264
person 0.0011 -10 44 356 288
person 0.0010 378 95 507 288
