bicycle 0.0358 24 202 408 524
bicycle 0.0014 151 104 394 471
bird 0.0010 112 102 162 152
car 0.0013 52 225 81 259
motorbike 0.7385 5 116 369 534
motorbike 0.0293 0 80 260 419
motorbike 0.0091 98 181 277 470
motorbike 0.0036 50 198 209 452
motorbike 0.0012 -12 221 272 505
person 0.7575 53 78 321 421
person 0.0620 120 83 257 343
person 0.0077 0 130 17 163
person 0.0014 56 115 204 391
person 0.0013 144 83 229 193
person 0.0011 161 241 270 340
pottedplant 0.0041 288 390 377 495
pottedplant 0.0017 24 223 48 251
pottedplant 0.0012 24 206 43 247
pottedplant 0.0011 269 356 392 523
