cat 0.3959 -3 68 503 363
cat 0.0230 65 8 511 251
cat 0.0050 147 167 506 378
cat 0.0033 101 78 324 242
cat 0.0030 220 52 431 210
cat 0.0022 137 119 364 313
cat 0.0017 223 117 430 317
dog 0.0489 -5 80 427 351
dog 0.0011 102 98 322 271
tvmonitor 0.0552 264 2 376 43
tvmonitor 0.0154 93 -7 234 153
tvmonitor 0.0129 116 24 209 119
tvmonitor 0.0051 -19 80 72 296
tvmonitor 0.0036 1 123 55 265
tvmonitor 0.0021 113 61 224 135
tvmonitor 0.0016 278 0 387 68
tvmonitor 0.0015 113 3 223 74
tvmonitor 0.0013 139 36 184 124
tvmonitor 0.0011 236 -37 415 76
