aeroplane 0.0039 344 137 445 179
aeroplane 0.0035 289 126 442 181
aeroplane 0.0011 338 23 464 168
aeroplane 0.0010 280 88 451 210
bottle 0.0863 24 31 109 221
bottle 0.0166 44 62 91 199
bottle 0.0142 41 37 139 262
bottle 0.0061 80 144 133 198
bottle 0.0034 51 50 114 184
bottle 0.0011 58 56 103 150
car 0.0037 254 141 337 214
car 0.0010 234 118 418 239
chair 0.0065 61 314 207 358
chair 0.0029 -6 261 278 361
chair 0.0010 348 26 439 96
motorbike 0.5161 24 110 475 356
motorbike 0.0126 81 183 344 341
motorbike 0.0051 184 137 391 335
motorbike 0.0014 113 115 308 299
motorbike 0.0012 248 115 403 299
motorbike 0.0010 167 212 409 364
person 0.0011 356 145 393 174
