bottle 0.2564 414 285 447 345
bottle 0.0909 321 313 358 377
bottle 0.0507 419 292 442 335
bottle 0.0348 435 333 474 382
bottle 0.0228 98 236 143 279
bottle 0.0194 452 331 498 382
bottle 0.0178 399 287 430 341
bottle 0.0170 435 311 466 374
bottle 0.0139 417 305 447 377
bottle 0.0137 383 296 405 332
bottle 0.0112 169 53 192 85
bottle 0.0088 421 270 447 303
bottle 0.0087 455 275 493 379
bottle 0.0070 380 289 413 339
bottle 0.0059 442 320 461 367
bottle 0.0055 433 358 471 382
bottle 0.0051 404 307 425 347
bottle 0.0051 306 297 335 387
bottle 0.0046 470 313 500 376
bottle 0.0046 418 258 452 312
bottle 0.0042 332 333 371 379
bottle 0.0040 432 261 471 310
bottle 0.0034 423 320 442 366
bottle 0.0031 474 342 499 378
bottle 0.0030 424 282 469 347
bottle 0.0028 416 328 454 387
bottle 0.0026 324 333 348 383
bottle 0.0025 420 54 451 83
bottle 0.0024 457 330 488 360
bottle 0.0024 401 284 427 317
bottle 0.0024 238 249 312 380
bottle 0.0022 324 306 346 351
bottle 0.0021 324 296 346 332
bottle 0.0020 299 65 329 89
bottle 0.0020 337 328 366 361
bottle 0.0019 475 269 499 386
bottle 0.0019 409 360 454 383
bottle 0.0018 146 235 178 302
bottle 0.0018 437 266 463 303
bottle 0.0017 149 236 175 272
bottle 0.0017 297 334 337 377
bottle 0.0016 459 267 487 302
bottle 0.0016 370 314 413 375
bottle 0.0015 382 311 408 345
bottle 0.0015 296 310 380 378
bottle 0.0013 292 41 338 92
bottle 0.0013 295 360 337 381
bottle 0.0013 436 257 465 283
bottle 0.0012 413 46 458 90
bottle 0.0011 422 339 446 377
bottle 0.0011 441 239 468 270
bottle 0.0011 272 362 322 381
bottle 0.0011 460 310 486 346
bottle 0.0011 457 284 490 309
bottle 0.0011 398 310 432 374
bottle 0.0010 355 313 398 375
bottle 0.0010 435 281 462 311
bottle 0.0010 74 231 175 285
bottle 0.0010 312 359 359 381
chair 0.6058 16 242 78 358
chair 0.0569 -1 258 28 369
chair 0.0344 3 246 48 355
chair 0.0217 469 248 499 322
chair 0.0176 33 237 69 305
chair 0.0163 0 237 30 304
chair 0.0112 7 287 90 377
chair 0.0102 152 334 253 379
chair 0.0068 0 299 24 379
chair 0.0066 -9 246 110 364
chair 0.0064 -6 230 63 330
chair 0.0046 154 295 261 381
chair 0.0046 477 279 498 317
chair 0.0038 437 257 501 364
chair 0.0037 473 255 499 372
chair 0.0033 312 263 413 348
chair 0.0032 47 238 80 363
chair 0.0030 148 334 352 384
chair 0.0022 176 243 247 374
chair 0.0018 111 279 309 385
chair 0.0017 -1 278 23 319
chair 0.0014 70 272 198 346
chair 0.0014 305 226 427 387
chair 0.0014 12 267 37 300
chair 0.0014 -34 250 54 320
chair 0.0012 39 265 142 351
chair 0.0012 374 279 421 324
chair 0.0010 -18 265 40 360
diningtable 0.0210 249 274 486 394
diningtable 0.0172 401 293 502 382
diningtable 0.0101 388 284 480 348
diningtable 0.0093 314 331 496 386
diningtable 0.0067 228 329 427 383
diningtable 0.0062 37 335 233 385
diningtable 0.0050 298 298 440 375
diningtable 0.0044 291 300 516 422
diningtable 0.0038 128 273 374 391
diningtable 0.0036 432 264 504 364
diningtable 0.0035 378 246 513 372
diningtable 0.0027 206 304 448 417
diningtable 0.0024 241 289 326 389
diningtable 0.0022 33 248 235 366
diningtable 0.0020 378 351 525 388
diningtable 0.0016 226 229 342 387
diningtable 0.0015 249 350 424 388
diningtable 0.0015 24 310 244 421
diningtable 0.0015 405 332 495 383
diningtable 0.0013 293 324 384 387
person 0.9419 177 136 255 367
person 0.8332 305 143 413 346
person 0.6395 240 131 322 359
person 0.0488 182 126 249 262
person 0.0124 478 244 500 273
person 0.0110 469 236 499 304
person 0.0097 252 151 297 240
person 0.0076 245 158 315 291
person 0.0058 441 224 505 332
person 0.0050 183 131 308 317
person 0.0034 478 161 501 291
person 0.0027 74 -1 132 42
person 0.0023 293 189 374 305
person 0.0020 211 184 288 316
person 0.0018 246 151 282 214
person 0.0016 110 138 243 361
person 0.0015 338 152 463 344
person 0.0014 314 216 401 332
person 0.0013 447 227 502 286
person 0.0013 180 232 318 373
person 0.0013 154 123 422 373
person 0.0012 472 355 501 382
pottedplant 0.0775 105 290 152 340
pottedplant 0.0323 93 55 125 80
pottedplant 0.0132 111 296 143 332
pottedplant 0.0082 104 56 140 79
pottedplant 0.0046 109 311 140 341
pottedplant 0.0046 130 53 155 83
pottedplant 0.0032 88 281 162 350
pottedplant 0.0017 214 68 258 89
pottedplant 0.0013 98 48 147 83
tvmonitor 0.0566 0 251 27 317
tvmonitor 0.0253 0 264 22 305
tvmonitor 0.0187 86 235 132 280
tvmonitor 0.0184 398 180 468 302
tvmonitor 0.0155 38 232 84 280
tvmonitor 0.0151 407 191 456 262
tvmonitor 0.0144 35 237 64 268
tvmonitor 0.0123 153 92 215 130
tvmonitor 0.0111 366 108 442 214
tvmonitor 0.0058 398 196 430 258
tvmonitor 0.0045 0 128 30 207
tvmonitor 0.0034 397 90 466 216
tvmonitor 0.0030 415 199 447 227
tvmonitor 0.0029 399 197 428 227
tvmonitor 0.0026 0 117 46 190
tvmonitor 0.0025 120 230 175 281
tvmonitor 0.0022 403 208 427 244
tvmonitor 0.0021 394 145 484 232
tvmonitor 0.0020 356 145 444 237
tvmonitor 0.0015 45 231 82 254
tvmonitor 0.0015 99 243 142 291
tvmonitor 0.0014 422 46 475 88
tvmonitor 0.0013 328 102 474 280
tvmonitor 0.0013 430 212 466 269
tvmonitor 0.0012 34 232 68 256
tvmonitor 0.0012 391 128 441 207
tvmonitor 0.0011 14 254 37 290
tvmonitor 0.0011 410 224 457 282
tvmonitor 0.0010 107 251 137 281
tvmonitor 0.0010 366 85 514 239
tvmonitor 0.0010 429 54 470 78
tvmonitor 0.0010 388 133 493 310
tvmonitor 0.0010 436 226 474 283
