boat 0.0077 125 90 167 151
boat 0.0026 86 83 122 161
boat 0.0025 115 110 229 159
boat 0.0022 60 107 191 158
boat 0.0017 130 122 161 146
boat 0.0017 100 112 144 153
boat 0.0015 105 86 181 155
boat 0.0013 131 106 160 137
boat 0.0012 65 83 147 161
boat 0.0012 39 114 151 163
boat 0.0012 108 120 137 148
boat 0.0011 69 107 109 162
boat 0.0010 112 108 138 136
bottle 0.0050 240 110 274 155
bottle 0.0049 219 112 258 153
bottle 0.0035 202 110 239 160
bottle 0.0032 285 121 308 150
bottle 0.0013 268 118 289 151
chair 0.0791 16 216 329 320
chair 0.0049 428 112 476 153
chair 0.0032 75 260 275 329
chair 0.0032 395 112 436 155
chair 0.0023 89 292 259 332
chair 0.0013 408 114 456 151
person 0.0336 9 141 337 343
person 0.0029 476 120 498 150
person 0.0013 460 119 485 149
sofa 0.0150 -37 202 383 331
