bottle 0.0843 341 86 375 130
bottle 0.0292 357 85 388 130
bottle 0.0188 383 82 409 133
bottle 0.0185 305 84 338 132
bottle 0.0170 316 84 351 133
bottle 0.0052 345 81 369 114
bottle 0.0022 362 104 384 135
bottle 0.0016 384 101 403 136
bottle 0.0015 363 82 386 114
bottle 0.0011 346 102 369 136
bottle 0.0010 306 69 357 123
car 0.0079 7 30 83 63
car 0.0011 3 30 53 82
chair 0.0108 380 69 505 264
chair 0.0069 442 95 503 147
chair 0.0054 14 268 119 334
chair 0.0024 284 100 443 282
chair 0.0024 399 73 486 145
chair 0.0020 437 87 499 181
chair 0.0019 406 93 450 148
chair 0.0016 -11 204 134 332
dog 0.0934 156 56 289 276
dog 0.0440 61 79 438 302
dog 0.0118 185 34 305 196
dog 0.0047 183 92 396 287
dog 0.0032 87 209 180 285
dog 0.0029 203 60 286 164
dog 0.0023 81 147 268 288
dog 0.0012 84 10 338 272
person 0.0096 171 32 482 300
person 0.0066 434 66 507 268
person 0.0057 474 112 499 257
person 0.0046 6 71 339 311
person 0.0028 1 40 21 73
person 0.0026 0 19 24 120
person 0.0014 307 69 330 98
person 0.0013 23 48 169 231
person 0.0010 478 160 502 286
pottedplant 0.0642 392 66 434 126
pottedplant 0.0235 382 53 446 139
pottedplant 0.0098 380 62 444 107
pottedplant 0.0080 379 59 409 133
pottedplant 0.0064 406 77 448 139
pottedplant 0.0058 400 77 426 112
pottedplant 0.0020 393 71 432 95
pottedplant 0.0016 391 63 484 124
pottedplant 0.0015 182 26 261 115
sofa 0.0012 68 100 507 331
sofa 0.0012 238 69 490 313
tvmonitor 0.0017 305 52 363 91
tvmonitor 0.0010 303 39 372 127
