bus 0.0058 299 239 489 337
car 0.9069 1 252 261 339
car 0.7878 239 249 484 332
car 0.1520 122 241 289 347
car 0.0895 0 255 51 322
car 0.0620 11 249 110 329
car 0.0494 166 248 235 277
car 0.0445 30 253 180 325
car 0.0407 242 252 305 294
car 0.0341 185 262 314 318
car 0.0251 236 250 339 336
car 0.0171 165 258 234 289
car 0.0120 -2 270 30 330
car 0.0115 -16 269 152 331
car 0.0106 2 238 52 285
car 0.0071 155 250 269 303
car 0.0062 -25 235 371 352
car 0.0061 243 250 352 297
car 0.0060 242 265 305 312
car 0.0057 14 244 74 280
car 0.0046 3 285 50 339
car 0.0043 6 275 46 298
car 0.0041 236 262 399 317
car 0.0035 236 247 292 282
car 0.0035 116 254 249 322
car 0.0035 256 252 298 279
car 0.0031 39 207 458 381
car 0.0031 12 283 185 341
car 0.0027 0 236 93 290
car 0.0025 -1 233 26 316
car 0.0024 16 257 76 296
car 0.0019 25 249 65 271
car 0.0018 7 262 47 287
car 0.0018 7 249 47 273
car 0.0016 157 264 208 282
car 0.0015 26 276 65 297
car 0.0014 161 252 205 278
car 0.0014 138 246 229 284
car 0.0013 71 251 192 300
car 0.0013 -2 271 24 304
car 0.0011 -20 211 147 335
car 0.0011 -35 268 57 333
car 0.0011 0 282 23 317
car 0.0010 223 246 296 305
person 0.0106 339 275 369 301
person 0.0058 340 264 369 287
person 0.0057 319 278 356 299
person 0.0016 112 261 138 289
person 0.0010 333 259 377 295
pottedplant 0.0738 225 161 257 208
pottedplant 0.0088 303 176 366 221
pottedplant 0.0056 289 155 370 236
pottedplant 0.0055 229 158 252 192
pottedplant 0.0037 298 185 340 235
pottedplant 0.0015 267 185 379 240
pottedplant 0.0013 226 179 251 212
train 0.0010 2 81 420 303
tvmonitor 0.0196 2 142 93 252
tvmonitor 0.0109 334 251 461 296
tvmonitor 0.0070 364 113 511 272
tvmonitor 0.0070 474 244 501 306
tvmonitor 0.0055 288 255 458 319
tvmonitor 0.0030 393 171 492 258
tvmonitor 0.0015 -10 129 123 300
tvmonitor 0.0013 374 244 487 308
