car 0.7939 157 82 495 292
car 0.0966 323 63 422 100
car 0.0308 184 108 391 268
car 0.0167 439 57 502 102
car 0.0088 244 86 359 157
car 0.0045 315 55 492 264
car 0.0044 224 66 355 200
car 0.0043 323 71 387 92
car 0.0043 318 67 490 122
car 0.0030 320 54 484 102
car 0.0027 322 68 392 111
car 0.0015 303 37 503 166
car 0.0015 450 80 492 106
car 0.0012 272 69 384 135
car 0.0010 196 13 533 247
person 0.9259 84 44 191 268
person 0.7476 179 66 261 260
person 0.6962 196 75 293 290
person 0.2539 38 53 165 259
person 0.0214 121 77 172 253
person 0.0133 1 37 267 280
person 0.0078 205 114 273 260
person 0.0075 105 60 179 203
person 0.0064 120 86 221 275
person 0.0063 132 86 192 237
person 0.0046 169 72 198 230
person 0.0038 143 62 181 210
person 0.0035 74 56 425 262
person 0.0030 206 81 241 250
person 0.0022 218 107 253 279
person 0.0021 186 74 253 188
person 0.0014 179 95 215 209
person 0.0011 321 77 352 103
person 0.0011 198 65 240 121
person 0.0011 178 43 319 228
pottedplant 0.0015 437 149 501 269
sheep 0.0012 64 264 101 290
