bottle 0.0162 330 0 373 42
bottle 0.0123 402 1 423 43
bottle 0.0110 420 -1 479 50
bottle 0.0077 337 -1 371 21
bottle 0.0075 365 0 412 41
bottle 0.0061 325 0 350 37
bottle 0.0036 409 -1 452 71
bottle 0.0029 397 -2 427 22
bottle 0.0028 374 -1 410 21
bottle 0.0024 321 0 355 22
bottle 0.0018 393 -4 472 75
bottle 0.0016 249 1 298 46
chair 0.0364 0 173 22 272
chair 0.0149 22 223 101 322
chair 0.0094 0 185 62 317
chair 0.0079 0 188 18 230
chair 0.0054 30 190 160 355
chair 0.0043 55 219 137 333
chair 0.0031 -1 219 25 339
chair 0.0029 0 189 52 256
chair 0.0024 52 259 194 330
chair 0.0022 0 173 18 218
chair 0.0021 -4 133 60 242
chair 0.0020 -39 188 82 358
chair 0.0017 -10 163 122 332
chair 0.0015 0 114 21 245
chair 0.0015 -21 111 68 319
chair 0.0012 28 192 74 250
chair 0.0012 54 18 150 81
chair 0.0012 237 -2 357 44
chair 0.0011 0 235 47 326
chair 0.0010 -3 38 58 163
diningtable 0.0654 0 184 422 361
diningtable 0.0311 86 208 334 342
diningtable 0.0043 26 209 241 338
diningtable 0.0028 148 238 269 308
diningtable 0.0025 137 262 278 341
diningtable 0.0025 110 229 227 317
diningtable 0.0024 -43 91 465 342
diningtable 0.0020 204 233 450 367
diningtable 0.0012 75 262 185 340
diningtable 0.0011 189 236 311 306
person 0.0017 0 101 24 229
person 0.0015 -1 59 29 127
person 0.0012 -1 249 20 368
person 0.0011 -15 0 64 202
pottedplant 0.3667 84 174 165 244
pottedplant 0.3142 285 38 386 123
pottedplant 0.3030 282 145 349 246
pottedplant 0.3008 335 154 416 264
pottedplant 0.1830 44 154 87 236
pottedplant 0.1786 83 7 264 147
pottedplant 0.1492 397 74 469 170
pottedplant 0.1480 176 163 249 251
pottedplant 0.1332 287 179 338 237
pottedplant 0.1249 253 161 342 232
pottedplant 0.1012 231 178 324 268
pottedplant 0.0934 15 4 126 71
pottedplant 0.0858 54 168 146 249
pottedplant 0.0842 58 68 155 144
pottedplant 0.0757 279 163 323 227
pottedplant 0.0738 171 160 223 229
pottedplant 0.0506 13 116 98 205
pottedplant 0.0498 104 69 241 141
pottedplant 0.0479 157 66 267 134
pottedplant 0.0411 123 0 234 77
pottedplant 0.0387 233 184 292 235
pottedplant 0.0380 196 175 299 246
pottedplant 0.0376 162 -4 261 89
pottedplant 0.0335 350 70 397 114
pottedplant 0.0332 21 166 93 261
pottedplant 0.0297 140 152 225 239
pottedplant 0.0289 257 38 406 163
pottedplant 0.0286 99 -2 193 76
pottedplant 0.0271 288 68 343 116
pottedplant 0.0257 344 191 402 256
pottedplant 0.0252 44 125 146 201
pottedplant 0.0237 161 94 263 151
pottedplant 0.0236 100 149 181 241
pottedplant 0.0224 20 48 251 156
pottedplant 0.0204 6 61 98 137
pottedplant 0.0200 89 160 126 230
pottedplant 0.0198 119 19 226 120
pottedplant 0.0192 235 152 403 272
pottedplant 0.0185 194 98 300 155
pottedplant 0.0177 72 95 197 151
pottedplant 0.0176 372 52 410 107
pottedplant 0.0166 96 163 149 228
pottedplant 0.0152 279 127 369 200
pottedplant 0.0151 197 43 242 111
pottedplant 0.0138 199 2 292 81
pottedplant 0.0137 55 9 111 66
pottedplant 0.0131 32 1 107 45
pottedplant 0.0129 355 58 452 140
pottedplant 0.0126 17 77 89 186
pottedplant 0.0125 9 93 182 224
pottedplant 0.0124 420 85 474 131
pottedplant 0.0121 141 8 359 139
pottedplant 0.0114 378 76 405 105
pottedplant 0.0108 253 76 385 138
pottedplant 0.0107 24 139 108 224
pottedplant 0.0104 182 33 257 122
pottedplant 0.0100 45 186 81 256
pottedplant 0.0096 298 192 331 226
pottedplant 0.0095 139 160 359 271
pottedplant 0.0092 231 42 339 114
pottedplant 0.0087 196 207 305 275
pottedplant 0.0086 49 167 219 333
pottedplant 0.0084 105 195 143 225
pottedplant 0.0081 380 62 406 98
pottedplant 0.0077 307 49 367 112
pottedplant 0.0076 51 24 144 119
pottedplant 0.0073 153 39 202 91
pottedplant 0.0072 200 63 294 141
pottedplant 0.0067 3 138 105 294
pottedplant 0.0067 387 50 481 215
pottedplant 0.0067 25 146 167 291
pottedplant 0.0066 300 121 426 261
pottedplant 0.0063 331 200 415 283
pottedplant 0.0063 111 184 169 234
pottedplant 0.0062 77 31 180 118
pottedplant 0.0062 324 41 420 117
pottedplant 0.0061 48 -8 219 106
pottedplant 0.0060 105 206 144 236
pottedplant 0.0059 216 12 256 87
pottedplant 0.0059 136 178 233 268
pottedplant 0.0058 52 174 79 214
pottedplant 0.0056 248 207 339 272
pottedplant 0.0055 164 160 207 258
pottedplant 0.0055 78 76 134 135
pottedplant 0.0054 158 202 251 280
pottedplant 0.0053 99 3 149 68
pottedplant 0.0053 286 191 314 223
pottedplant 0.0053 333 51 382 110
pottedplant 0.0052 85 207 174 280
pottedplant 0.0051 3 43 110 219
pottedplant 0.0051 280 92 376 157
pottedplant 0.0049 319 122 414 200
pottedplant 0.0048 182 38 229 89
pottedplant 0.0048 353 0 395 21
pottedplant 0.0048 232 101 347 155
pottedplant 0.0048 200 32 302 118
pottedplant 0.0046 96 67 150 120
pottedplant 0.0046 191 -6 306 42
pottedplant 0.0046 51 122 218 257
pottedplant 0.0045 53 68 522 305
pottedplant 0.0045 131 7 191 65
pottedplant 0.0045 406 103 482 207
pottedplant 0.0045 174 120 259 202
pottedplant 0.0044 300 176 329 213
pottedplant 0.0044 239 8 336 75
pottedplant 0.0043 190 69 249 117
pottedplant 0.0043 152 28 249 101
pottedplant 0.0043 321 35 486 167
pottedplant 0.0041 241 126 339 200
pottedplant 0.0040 106 -2 259 47
pottedplant 0.0039 78 127 189 198
pottedplant 0.0039 285 176 313 213
pottedplant 0.0039 63 199 139 288
pottedplant 0.0038 314 158 351 230
pottedplant 0.0037 147 40 189 117
pottedplant 0.0036 369 78 446 178
pottedplant 0.0036 191 10 253 62
pottedplant 0.0036 274 178 355 264
pottedplant 0.0036 342 78 375 110
pottedplant 0.0035 286 140 348 192
pottedplant 0.0035 51 190 79 225
pottedplant 0.0034 377 51 404 82
pottedplant 0.0032 116 24 170 73
pottedplant 0.0032 246 192 306 254
pottedplant 0.0031 224 181 267 235
pottedplant 0.0030 318 195 353 250
pottedplant 0.0030 435 80 466 107
pottedplant 0.0030 412 39 451 119
pottedplant 0.0029 115 1 175 45
pottedplant 0.0029 275 6 382 77
pottedplant 0.0029 12 7 183 145
pottedplant 0.0029 195 0 246 15
pottedplant 0.0029 203 122 299 192
pottedplant 0.0028 355 54 390 80
pottedplant 0.0027 430 92 467 120
pottedplant 0.0026 402 -4 472 90
pottedplant 0.0026 121 126 222 196
pottedplant 0.0026 64 25 105 48
pottedplant 0.0025 39 80 92 133
pottedplant 0.0025 43 25 88 47
pottedplant 0.0025 346 161 401 226
pottedplant 0.0025 33 85 138 160
pottedplant 0.0025 47 -13 143 52
pottedplant 0.0024 81 -12 186 48
pottedplant 0.0024 274 53 329 109
pottedplant 0.0024 299 162 330 194
pottedplant 0.0024 296 164 437 320
pottedplant 0.0024 296 78 333 108
pottedplant 0.0022 205 141 266 186
pottedplant 0.0022 210 81 265 131
pottedplant 0.0022 428 66 468 121
pottedplant 0.0021 43 10 90 33
pottedplant 0.0021 241 193 279 225
pottedplant 0.0021 358 61 389 98
pottedplant 0.0021 118 60 162 123
pottedplant 0.0021 281 84 450 230
pottedplant 0.0021 399 64 426 92
pottedplant 0.0021 402 33 480 114
pottedplant 0.0021 214 50 256 108
pottedplant 0.0020 85 197 129 245
pottedplant 0.0020 135 0 191 15
pottedplant 0.0019 231 207 289 264
pottedplant 0.0019 165 48 195 79
pottedplant 0.0019 120 137 167 192
pottedplant 0.0018 337 40 374 62
pottedplant 0.0018 360 148 449 230
pottedplant 0.0017 292 95 336 118
pottedplant 0.0017 202 47 236 77
pottedplant 0.0017 40 0 93 16
pottedplant 0.0017 63 161 109 228
pottedplant 0.0017 36 138 95 195
pottedplant 0.0017 332 162 378 226
pottedplant 0.0017 330 197 384 250
pottedplant 0.0017 345 46 396 88
pottedplant 0.0016 28 178 77 240
pottedplant 0.0016 53 85 119 130
pottedplant 0.0016 321 88 411 169
pottedplant 0.0016 69 197 109 246
pottedplant 0.0016 187 36 217 66
pottedplant 0.0016 91 -47 259 79
pottedplant 0.0015 283 86 345 127
pottedplant 0.0015 26 0 69 16
pottedplant 0.0015 193 166 245 222
pottedplant 0.0015 205 60 236 96
pottedplant 0.0015 413 107 451 136
pottedplant 0.0014 84 193 241 254
pottedplant 0.0014 174 9 231 64
pottedplant 0.0014 188 46 220 78
pottedplant 0.0014 67 110 104 133
pottedplant 0.0014 106 7 140 36
pottedplant 0.0014 64 67 280 184
pottedplant 0.0014 129 149 160 177
pottedplant 0.0013 8 -12 126 30
pottedplant 0.0013 330 85 384 125
pottedplant 0.0012 395 51 430 107
pottedplant 0.0012 318 80 356 107
pottedplant 0.0012 433 65 464 90
pottedplant 0.0012 337 92 377 117
pottedplant 0.0012 185 189 215 227
pottedplant 0.0012 347 0 404 40
pottedplant 0.0012 202 79 239 105
pottedplant 0.0012 -2 -28 348 172
pottedplant 0.0011 25 76 72 139
pottedplant 0.0011 63 -1 108 16
pottedplant 0.0011 92 175 119 214
pottedplant 0.0011 282 75 314 109
pottedplant 0.0011 -1 117 63 243
pottedplant 0.0010 255 197 297 222
pottedplant 0.0010 73 204 103 237
pottedplant 0.0010 284 163 314 195
pottedplant 0.0010 342 65 374 95
pottedplant 0.0010 -36 69 305 306
pottedplant 0.0010 237 0 286 44
pottedplant 0.0010 338 55 378 76
tvmonitor 0.0531 2 7 105 76
tvmonitor 0.0197 7 7 50 92
tvmonitor 0.0129 -5 12 62 118
tvmonitor 0.0122 53 24 122 72
tvmonitor 0.0030 -6 -3 121 152
tvmonitor 0.0011 -3 14 26 86
