bottle 0.0776 90 48 118 144
bottle 0.0142 419 26 449 88
bottle 0.0129 398 15 426 99
bottle 0.0074 76 78 98 111
bottle 0.0072 73 72 104 144
bottle 0.0054 83 76 119 162
bottle 0.0054 77 65 97 100
bottle 0.0053 379 7 409 107
bottle 0.0038 70 57 101 107
bottle 0.0036 422 56 442 88
bottle 0.0036 386 53 405 90
bottle 0.0032 93 38 122 100
bottle 0.0031 97 58 114 105
bottle 0.0026 59 116 78 152
bottle 0.0025 418 173 445 199
bottle 0.0023 423 38 443 79
bottle 0.0022 401 53 423 86
bottle 0.0019 0 262 21 336
bottle 0.0019 3 293 52 331
bottle 0.0018 68 106 104 161
bottle 0.0016 54 73 87 144
bottle 0.0015 237 148 280 220
bottle 0.0015 299 9 335 56
bottle 0.0015 267 82 290 114
bottle 0.0014 69 51 143 141
bottle 0.0013 78 88 96 125
bottle 0.0013 95 73 114 121
bottle 0.0013 306 29 331 56
bottle 0.0013 409 317 455 333
bottle 0.0012 31 298 60 328
bottle 0.0012 52 45 87 119
bottle 0.0012 382 68 405 97
bottle 0.0011 403 36 421 80
bottle 0.0011 106 138 178 258
bottle 0.0011 355 33 388 106
bottle 0.0010 245 64 276 127
chair 0.0180 -11 132 107 293
chair 0.0041 52 107 84 158
chair 0.0040 0 62 25 178
chair 0.0036 7 196 96 287
chair 0.0026 0 80 59 186
chair 0.0025 457 133 495 235
chair 0.0018 441 78 497 214
chair 0.0016 0 158 56 274
chair 0.0013 446 168 498 225
chair 0.0012 18 126 173 308
chair 0.0012 86 171 177 264
chair 0.0011 48 155 224 325
chair 0.0010 3 146 91 250
chair 0.0010 -16 257 72 329
diningtable 0.0220 27 242 318 344
diningtable 0.0091 110 290 314 336
diningtable 0.0077 9 270 162 327
diningtable 0.0070 42 86 154 149
diningtable 0.0060 35 201 234 331
diningtable 0.0044 7 53 184 227
diningtable 0.0043 -6 224 429 362
diningtable 0.0043 38 289 229 335
diningtable 0.0037 8 60 86 163
diningtable 0.0033 -13 232 136 350
diningtable 0.0026 94 270 327 364
diningtable 0.0026 3 226 100 314
diningtable 0.0016 19 83 114 156
diningtable 0.0013 195 294 383 335
diningtable 0.0012 78 262 268 330
diningtable 0.0011 -26 131 295 352
person 0.8630 257 80 472 355
person 0.7325 63 26 281 306
person 0.6688 98 -2 191 143
person 0.5128 6 12 88 160
person 0.2976 437 9 505 227
person 0.1148 0 24 95 259
person 0.0847 456 7 498 85
person 0.0792 -9 5 68 212
person 0.0709 443 17 499 123
person 0.0708 8 4 87 90
person 0.0535 111 45 466 339
person 0.0526 -1 5 63 117
person 0.0456 324 -5 397 84
person 0.0448 238 10 289 58
person 0.0402 348 3 397 58
person 0.0285 243 7 286 108
person 0.0273 325 9 383 57
person 0.0260 132 47 290 237
person 0.0210 371 3 414 61
person 0.0202 102 15 229 216
person 0.0198 468 4 499 62
person 0.0191 435 95 508 337
person 0.0158 0 14 23 151
person 0.0153 121 3 208 76
person 0.0143 352 -1 389 116
person 0.0119 -9 86 69 289
person 0.0113 396 9 489 71
person 0.0095 387 -16 492 152
person 0.0085 359 0 447 80
person 0.0083 470 117 500 252
person 0.0082 1 5 25 83
person 0.0069 382 82 501 302
person 0.0061 443 59 499 183
person 0.0058 1 3 22 32
person 0.0052 419 6 451 82
person 0.0049 161 -2 198 116
person 0.0045 475 13 498 50
person 0.0044 31 21 175 162
person 0.0040 468 2 501 134
person 0.0039 474 55 499 187
person 0.0037 477 154 500 292
person 0.0037 0 51 64 167
person 0.0037 207 4 293 73
person 0.0035 -1 194 20 329
person 0.0035 184 82 304 304
person 0.0034 428 6 475 57
person 0.0034 103 11 137 129
person 0.0029 167 3 255 67
person 0.0029 99 0 146 40
person 0.0028 233 0 342 72
person 0.0028 235 73 421 257
person 0.0027 89 4 164 110
person 0.0026 275 5 387 71
person 0.0026 -25 3 218 279
person 0.0026 20 21 106 115
person 0.0025 61 42 140 138
person 0.0025 0 13 21 47
person 0.0025 337 8 379 105
person 0.0024 392 0 431 63
person 0.0022 104 0 145 17
person 0.0021 101 -12 235 103
person 0.0018 38 24 94 91
person 0.0018 41 1 127 87
person 0.0017 5 5 46 61
person 0.0016 326 -12 480 95
person 0.0016 0 98 28 220
person 0.0016 122 0 163 17
person 0.0016 299 0 413 120
person 0.0016 213 152 442 329
person 0.0016 316 12 357 102
person 0.0016 0 -2 24 22
person 0.0015 261 16 290 50
person 0.0015 131 122 285 308
person 0.0015 354 0 395 16
person 0.0015 245 16 278 52
person 0.0014 206 36 523 246
person 0.0014 273 16 382 111
person 0.0014 -4 189 68 281
person 0.0013 0 174 26 269
person 0.0013 0 64 18 101
person 0.0013 141 0 185 16
person 0.0013 175 29 317 206
person 0.0013 180 60 261 157
person 0.0013 -1 -3 26 44
person 0.0013 336 18 371 48
person 0.0012 110 53 175 172
person 0.0012 308 84 498 246
person 0.0012 95 -3 197 44
person 0.0011 245 6 309 82
person 0.0011 380 14 407 48
person 0.0011 311 56 571 328
person 0.0011 216 6 265 55
person 0.0010 16 66 172 266
pottedplant 0.0084 312 20 357 67
pottedplant 0.0031 295 11 380 78
pottedplant 0.0028 320 28 347 57
tvmonitor 0.0051 242 -1 408 119
tvmonitor 0.0020 231 -5 344 36
