car 0.8499 47 95 452 337
car 0.4198 406 49 495 108
car 0.1542 391 50 492 149
car 0.0474 -4 86 101 188
car 0.0404 450 112 497 192
car 0.0265 366 50 507 206
car 0.0239 12 66 109 247
car 0.0237 179 66 549 365
car 0.0165 68 130 350 301
car 0.0164 0 212 23 319
car 0.0163 268 43 388 103
car 0.0158 349 56 464 135
car 0.0090 436 65 503 176
car 0.0089 188 113 462 260
car 0.0086 9 120 121 182
car 0.0085 475 102 501 200
car 0.0076 219 43 358 96
car 0.0071 337 47 488 107
car 0.0057 408 93 496 209
car 0.0054 307 100 493 278
car 0.0044 107 100 239 152
car 0.0043 150 83 427 185
car 0.0039 60 39 516 222
car 0.0038 -1 72 110 130
car 0.0036 -4 67 61 123
car 0.0034 343 87 464 167
car 0.0029 0 213 17 261
car 0.0029 226 18 425 126
car 0.0028 426 40 518 222
car 0.0027 250 66 402 123
car 0.0026 210 94 366 162
car 0.0026 51 130 121 173
car 0.0025 418 77 486 137
car 0.0025 48 101 231 280
car 0.0024 431 29 505 128
car 0.0022 -37 128 308 359
car 0.0021 263 64 464 206
car 0.0020 198 44 453 157
car 0.0020 223 13 349 76
car 0.0019 451 133 497 228
car 0.0017 -7 77 68 166
car 0.0017 108 127 238 185
car 0.0015 153 102 329 167
car 0.0015 25 159 107 229
car 0.0013 457 134 488 169
car 0.0012 -5 132 140 199
car 0.0012 373 92 491 154
car 0.0012 301 69 432 133
car 0.0011 477 42 500 173
car 0.0011 -10 112 70 198
car 0.0010 190 39 309 110
chair 0.0044 374 300 504 371
chair 0.0028 380 327 498 381
chair 0.0020 352 270 524 388
person 0.2274 349 44 397 91
person 0.2003 334 42 379 89
person 0.0738 294 41 342 90
person 0.0543 316 40 356 89
person 0.0289 0 162 21 285
person 0.0227 257 41 300 86
person 0.0174 278 43 320 88
person 0.0134 367 46 422 86
person 0.0110 342 60 371 91
person 0.0097 37 169 92 219
person 0.0097 334 37 415 95
person 0.0092 336 41 373 65
person 0.0091 355 58 387 92
person 0.0038 354 40 394 68
person 0.0033 475 61 500 182
person 0.0032 0 198 17 249
person 0.0027 319 39 355 68
person 0.0027 243 111 277 136
person 0.0025 266 39 292 68
person 0.0025 322 60 351 91
person 0.0019 393 51 427 79
person 0.0017 49 164 86 195
person 0.0017 474 27 499 130
person 0.0017 375 63 411 90
person 0.0016 298 40 336 66
person 0.0015 248 46 276 81
person 0.0013 338 52 374 131
person 0.0013 311 20 420 76
person 0.0013 267 59 291 94
person 0.0012 391 65 430 88
person 0.0012 262 51 298 103
person 0.0011 283 62 311 93
person 0.0010 47 176 83 209
person 0.0010 351 66 397 119
train 0.0051 137 58 265 127
train 0.0033 9 12 258 132
train 0.0024 48 48 300 151
train 0.0017 106 7 317 134
tvmonitor 0.0017 0 38 109 115
tvmonitor 0.0012 -17 -3 126 147
