aeroplane 0.0015 157 23 495 258
car 0.3408 -5 57 505 275
car 0.0309 28 128 244 263
car 0.0040 132 93 366 238
car 0.0028 -11 133 123 293
car 0.0024 86 130 200 162
car 0.0017 -7 119 354 314
car 0.0014 121 109 220 172
car 0.0010 77 139 188 193
person 0.0081 96 140 118 173
person 0.0068 195 112 241 159
person 0.0067 167 111 206 156
person 0.0059 187 129 219 157
person 0.0048 205 131 234 156
person 0.0041 177 114 226 157
person 0.0039 219 106 258 159
person 0.0039 162 80 251 151
person 0.0038 218 81 261 134
person 0.0037 460 31 481 62
person 0.0036 198 82 302 142
person 0.0027 173 116 197 150
person 0.0025 198 98 245 143
person 0.0021 456 19 484 74
person 0.0020 208 108 237 133
person 0.0018 171 103 199 136
person 0.0011 226 105 251 138
person 0.0010 198 83 252 129
train 0.0024 177 -5 476 235
tvmonitor 0.1917 250 15 467 120
tvmonitor 0.0071 298 18 421 105
tvmonitor 0.0060 -8 107 137 278
tvmonitor 0.0034 197 76 250 117
tvmonitor 0.0030 168 100 204 121
tvmonitor 0.0026 177 82 218 137
tvmonitor 0.0020 264 65 330 103
tvmonitor 0.0020 221 -17 508 146
tvmonitor 0.0018 353 33 399 83
tvmonitor 0.0010 242 55 333 124
tvmonitor 0.0010 341 24 445 93
tvmonitor 0.0010 184 96 212 123
