car 0.0020 480 92 500 152
motorbike 0.6492 47 22 452 361
motorbike 0.4864 27 3 318 278
motorbike 0.0230 120 138 454 345
motorbike 0.0144 239 82 413 301
motorbike 0.0112 36 87 231 294
motorbike 0.0062 154 82 345 302
motorbike 0.0049 212 46 515 336
motorbike 0.0041 101 0 396 232
motorbike 0.0019 -10 134 358 349
motorbike 0.0016 298 139 439 294
motorbike 0.0011 18 156 172 327
motorbike 0.0010 118 160 302 325
person 0.0622 46 4 224 173
person 0.0122 267 -10 367 239
person 0.0122 5 8 340 223
person 0.0058 151 -12 424 243
person 0.0028 165 26 333 208
person 0.0025 478 87 500 182
person 0.0024 218 0 359 182
person 0.0024 120 22 209 91
person 0.0015 295 72 430 264
person 0.0013 33 41 166 239
person 0.0011 133 17 289 166
person 0.0011 62 27 204 101
sheep 0.0028 480 103 500 140
