aeroplane 0.0352 68 405 247 457
aeroplane 0.0014 42 371 321 470
aeroplane 0.0011 121 391 311 446
boat 0.0231 26 407 222 461
bus 0.0010 53 328 197 382
car 0.0143 74 331 286 382
chair 0.0010 3 371 42 462
horse 0.3046 93 114 340 363
horse 0.0044 82 93 226 308
horse 0.0013 -3 58 305 347
person 0.6921 112 103 329 297
person 0.4853 176 88 311 259
person 0.0584 187 81 258 189
person 0.0117 188 76 231 162
person 0.0060 411 267 432 298
person 0.0052 168 40 278 231
person 0.0029 358 397 383 473
person 0.0025 213 115 301 233
person 0.0023 207 72 289 193
person 0.0010 199 89 354 315
pottedplant 0.0088 397 269 423 298
pottedplant 0.0086 80 312 125 375
pottedplant 0.0072 395 1 429 126
pottedplant 0.0067 403 34 437 127
pottedplant 0.0064 371 0 451 258
pottedplant 0.0059 392 225 430 311
pottedplant 0.0056 405 201 435 297
pottedplant 0.0050 122 327 308 388
pottedplant 0.0050 382 49 433 209
pottedplant 0.0044 186 390 313 447
pottedplant 0.0036 358 284 388 399
pottedplant 0.0028 381 188 450 301
pottedplant 0.0024 112 302 138 336
pottedplant 0.0021 111 272 143 341
pottedplant 0.0020 253 329 295 354
pottedplant 0.0019 271 348 311 371
pottedplant 0.0015 385 134 449 275
pottedplant 0.0014 193 353 307 422
pottedplant 0.0013 406 40 435 197
pottedplant 0.0013 52 324 175 380
pottedplant 0.0010 89 308 126 337
pottedplant 0.0010 81 299 133 348
pottedplant 0.0010 362 318 384 364
pottedplant 0.0010 221 309 327 373
train 0.0040 57 334 246 385
train 0.0012 95 307 255 376
