chair 0.0885 337 28 489 235
chair 0.0171 368 -4 503 161
chair 0.0093 359 45 459 150
chair 0.0076 398 40 489 165
chair 0.0037 435 136 500 281
chair 0.0036 159 36 209 89
chair 0.0035 317 51 357 103
chair 0.0021 357 81 456 178
chair 0.0020 447 32 501 170
chair 0.0017 302 78 327 112
chair 0.0014 5 8 99 80
chair 0.0010 408 8 494 121
chair 0.0010 369 56 417 159
dog 0.4448 -6 87 118 277
dog 0.4360 168 107 317 333
dog 0.2173 55 101 211 255
dog 0.1314 218 92 360 343
dog 0.1147 144 99 272 285
dog 0.0471 266 96 371 281
dog 0.0367 33 49 141 276
dog 0.0287 296 71 430 308
dog 0.0210 172 128 255 248
dog 0.0192 110 62 315 206
dog 0.0190 294 103 361 221
dog 0.0175 254 151 387 341
dog 0.0163 116 113 218 216
dog 0.0148 89 119 178 245
dog 0.0138 232 43 497 331
dog 0.0112 322 54 494 266
dog 0.0085 207 84 301 173
dog 0.0069 247 205 481 338
dog 0.0069 238 90 336 174
dog 0.0057 173 90 331 239
dog 0.0049 19 91 100 228
dog 0.0038 361 201 449 283
dog 0.0033 398 95 499 327
dog 0.0033 160 86 269 175
dog 0.0032 80 112 343 375
dog 0.0028 -51 76 243 296
dog 0.0026 214 62 366 205
dog 0.0026 254 109 326 211
dog 0.0023 205 108 295 213
dog 0.0023 60 44 361 273
dog 0.0021 323 130 394 246
dog 0.0018 293 239 437 310
dog 0.0018 4 120 186 294
dog 0.0017 117 89 227 174
dog 0.0016 315 116 354 272
dog 0.0016 150 189 347 346
dog 0.0015 93 155 256 332
dog 0.0013 270 227 380 321
dog 0.0013 154 66 263 144
dog 0.0013 199 159 288 275
dog 0.0012 282 200 368 295
dog 0.0012 290 156 369 268
dog 0.0011 334 158 474 331
person 0.0437 436 10 504 255
person 0.0423 54 55 118 155
person 0.0421 5 38 114 236
person 0.0188 14 60 109 140
person 0.0137 -25 37 78 283
person 0.0121 392 40 497 274
person 0.0121 440 114 503 311
person 0.0060 59 56 109 105
person 0.0047 474 39 499 204
person 0.0044 102 3 181 97
person 0.0033 441 62 499 199
person 0.0023 477 0 500 130
person 0.0017 477 89 499 240
person 0.0014 50 41 141 108
person 0.0014 474 130 499 288
person 0.0012 70 74 103 108
person 0.0012 267 68 538 363
person 0.0012 401 1 493 93
person 0.0012 475 192 500 339
person 0.0010 -11 -1 63 88
person 0.0010 478 243 500 374
person 0.0010 428 157 519 385
pottedplant 0.0077 363 -3 423 43
pottedplant 0.0043 266 32 297 98
pottedplant 0.0015 387 0 436 16
pottedplant 0.0011 368 0 420 19
pottedplant 0.0010 269 43 291 86
sheep 0.0021 319 112 361 188
sofa 0.0011 282 -4 525 263
tvmonitor 0.0010 0 0 63 103
