bus 0.0016 0 84 25 190
car 0.8969 386 115 499 214
car 0.8449 242 107 355 203
car 0.6153 40 79 294 231
car 0.0776 236 115 357 160
car 0.0638 124 99 374 210
car 0.0409 359 127 468 200
car 0.0332 371 138 416 186
car 0.0076 421 126 484 207
car 0.0062 193 108 310 200
car 0.0039 162 98 271 212
car 0.0036 325 122 421 195
car 0.0029 341 136 367 167
car 0.0028 213 110 265 164
car 0.0025 372 100 489 178
car 0.0024 268 107 327 143
car 0.0020 109 111 233 203
car 0.0017 475 114 500 218
car 0.0017 14 40 185 228
car 0.0015 57 27 441 232
car 0.0014 221 124 259 149
car 0.0013 408 89 534 232
car 0.0013 223 111 263 134
car 0.0013 384 137 436 192
car 0.0011 277 121 392 183
car 0.0011 362 139 392 168
car 0.0011 314 127 364 176
car 0.0010 232 140 344 222
car 0.0010 200 93 320 152
chair 0.0051 9 220 186 386
chair 0.0021 -21 188 135 357
chair 0.0011 41 258 149 347
chair 0.0010 -9 104 59 210
person 0.0105 199 63 231 211
person 0.0029 278 111 315 136
person 0.0027 0 119 25 186
person 0.0025 199 72 232 145
person 0.0019 206 113 240 218
person 0.0013 218 128 261 203
person 0.0013 296 113 337 134
person 0.0012 240 127 272 202
person 0.0011 -25 114 66 320
