bicycle 0.0184 374 132 489 225
bicycle 0.0169 437 133 499 257
bicycle 0.0065 471 164 499 282
bicycle 0.0040 439 188 501 298
bicycle 0.0017 435 111 511 317
bicycle 0.0011 470 130 501 228
car 0.7139 51 274 371 376
car 0.1192 -30 24 530 350
car 0.0333 469 233 501 299
car 0.0085 10 -6 411 266
car 0.0050 100 297 322 368
car 0.0023 52 117 447 370
car 0.0019 453 212 497 319
car 0.0017 1 226 497 377
car 0.0012 70 282 107 339
chair 0.0020 366 24 501 238
chair 0.0010 150 274 424 382
motorbike 0.0302 392 142 502 223
motorbike 0.0230 378 117 516 253
motorbike 0.0017 358 142 467 215
motorbike 0.0014 119 42 532 273
person 0.0065 471 196 500 312
person 0.0054 -8 -58 508 261
person 0.0031 480 339 499 371
person 0.0021 472 111 500 218
person 0.0019 -1 18 348 355
person 0.0014 151 293 176 328
person 0.0013 469 74 502 170
person 0.0013 475 242 499 376
person 0.0012 477 232 500 277
person 0.0010 457 172 496 302
