chair 0.0174 389 39 494 253
chair 0.0086 326 5 480 177
chair 0.0077 382 -8 494 143
chair 0.0072 413 144 492 247
chair 0.0043 431 91 507 295
chair 0.0024 438 19 516 110
chair 0.0021 433 168 504 270
chair 0.0016 319 113 497 278
chair 0.0015 384 136 501 297
chair 0.0014 430 22 514 214
chair 0.0014 456 0 491 117
chair 0.0014 475 174 501 254
chair 0.0014 358 44 452 134
chair 0.0013 399 -1 488 81
chair 0.0013 403 64 484 169
chair 0.0012 474 32 500 161
chair 0.0012 420 -10 529 144
chair 0.0011 444 203 497 253
chair 0.0011 457 47 493 146
dog 0.6566 13 3 332 337
dog 0.0080 67 49 280 291
person 0.0040 321 21 352 148
person 0.0035 354 173 384 259
person 0.0026 337 28 375 142
person 0.0015 382 28 411 115
