boat 0.0011 201 7 375 57
car 0.8688 161 120 331 194
car 0.0076 153 107 274 171
car 0.0027 300 143 344 186
car 0.0025 112 112 236 156
car 0.0023 135 90 302 189
car 0.0020 314 149 350 200
car 0.0018 212 137 269 191
car 0.0015 81 89 419 228
car 0.0015 142 112 255 145
car 0.0013 164 145 200 163
car 0.0012 184 148 316 202
car 0.0010 319 163 347 189
person 0.0585 207 115 237 140
person 0.0419 311 142 349 188
person 0.0266 242 119 270 143
person 0.0151 238 129 277 148
person 0.0143 203 127 236 148
person 0.0069 191 118 289 166
person 0.0049 226 123 283 157
person 0.0047 215 118 266 138
person 0.0028 124 144 162 189
person 0.0022 416 44 448 63
person 0.0020 203 108 235 129
person 0.0016 177 141 227 186
person 0.0014 209 126 272 179
person 0.0013 195 129 241 177
person 0.0012 221 129 260 151
person 0.0010 126 87 230 138
