car 0.0086 -1 271 45 341
car 0.0036 0 303 25 335
chair 0.0066 -11 243 44 347
chair 0.0065 -3 219 56 325
chair 0.0048 0 224 28 324
chair 0.0022 455 321 479 410
chair 0.0015 458 252 480 420
chair 0.0014 -19 169 67 361
chair 0.0012 1 254 21 297
chair 0.0011 2 182 43 303
chair 0.0010 -6 122 108 350
horse 0.5857 56 56 422 349
horse 0.0058 131 115 347 354
horse 0.0037 145 138 482 390
horse 0.0017 229 74 397 328
person 0.5194 141 54 275 225
person 0.0356 459 190 480 356
person 0.0146 68 52 411 293
person 0.0084 187 84 283 196
person 0.0050 149 52 251 124
person 0.0044 155 68 266 163
person 0.0042 85 77 254 267
person 0.0032 88 45 251 189
person 0.0014 324 259 353 354
pottedplant 0.0022 460 151 480 303
sheep 0.0923 0 300 47 341
sheep 0.0062 3 296 40 370
sheep 0.0015 0 315 21 354
