bottle 0.0587 152 219 179 284
bottle 0.0208 154 232 175 272
bottle 0.0124 473 148 499 270
bottle 0.0081 226 232 256 300
bottle 0.0058 264 258 301 332
bottle 0.0056 185 266 218 352
bottle 0.0056 102 265 144 354
bottle 0.0053 435 161 468 258
bottle 0.0051 239 217 274 314
bottle 0.0049 231 245 249 290
bottle 0.0043 212 259 229 302
bottle 0.0033 205 248 234 311
bottle 0.0018 168 233 190 269
bottle 0.0012 103 340 138 362
bus 0.0169 194 37 382 224
bus 0.0018 88 -12 411 272
chair 0.0165 351 190 389 311
chair 0.0074 337 216 381 288
chair 0.0052 333 233 408 309
chair 0.0052 402 233 492 316
chair 0.0050 241 187 314 316
chair 0.0048 77 239 192 297
chair 0.0042 355 235 386 324
chair 0.0039 292 237 345 295
chair 0.0026 321 202 396 301
chair 0.0022 373 230 408 300
chair 0.0022 477 182 500 322
chair 0.0019 200 203 238 299
chair 0.0017 444 252 499 308
chair 0.0017 234 233 330 302
chair 0.0017 408 265 450 325
chair 0.0016 438 236 463 269
chair 0.0016 407 223 458 276
chair 0.0015 399 164 427 225
chair 0.0015 381 234 403 269
chair 0.0014 452 217 492 284
chair 0.0014 267 241 377 303
chair 0.0013 473 246 500 345
chair 0.0012 434 220 503 310
chair 0.0012 259 325 388 388
chair 0.0010 165 190 237 310
chair 0.0010 395 229 436 276
chair 0.0010 402 235 428 269
diningtable 0.1289 47 245 452 415
diningtable 0.0231 54 260 289 396
diningtable 0.0201 156 269 417 395
diningtable 0.0088 237 275 493 386
diningtable 0.0045 200 238 450 370
diningtable 0.0044 72 295 197 366
diningtable 0.0033 203 289 365 375
diningtable 0.0025 308 263 422 346
diningtable 0.0022 -11 218 357 384
diningtable 0.0021 138 292 284 372
diningtable 0.0020 343 270 468 332
diningtable 0.0019 271 299 461 368
diningtable 0.0015 220 263 357 337
diningtable 0.0012 305 243 502 364
diningtable 0.0012 184 226 296 306
person 0.8770 189 149 250 296
person 0.8615 338 145 398 278
person 0.7905 242 142 307 279
person 0.3234 217 152 281 291
person 0.0289 225 156 256 290
person 0.0094 472 165 498 309
person 0.0039 66 232 96 305
person 0.0039 194 151 245 209
person 0.0029 304 166 330 194
person 0.0025 260 137 402 299
person 0.0022 353 145 393 216
person 0.0022 320 166 346 194
person 0.0022 33 222 65 313
person 0.0021 53 252 85 310
person 0.0021 401 120 498 316
person 0.0019 169 93 259 289
person 0.0018 300 161 340 229
person 0.0016 175 232 247 304
person 0.0016 314 113 419 271
person 0.0016 443 151 500 280
person 0.0016 259 148 333 296
person 0.0014 187 92 317 293
person 0.0013 416 161 484 264
person 0.0013 316 160 350 230
person 0.0013 277 163 311 281
person 0.0013 186 163 223 258
person 0.0013 359 202 388 243
person 0.0013 256 142 296 219
person 0.0012 234 156 283 235
person 0.0012 164 153 247 239
person 0.0012 374 168 406 275
person 0.0012 248 163 273 195
person 0.0011 0 268 19 381
person 0.0011 58 263 78 305
person 0.0011 0 334 19 376
person 0.0011 286 183 313 208
pottedplant 0.1207 102 227 155 279
pottedplant 0.0516 429 216 468 261
pottedplant 0.0205 438 209 463 240
pottedplant 0.0184 82 200 167 279
pottedplant 0.0180 108 239 144 268
pottedplant 0.0122 148 204 182 270
pottedplant 0.0073 109 325 135 357
pottedplant 0.0072 413 196 457 252
pottedplant 0.0062 102 314 141 364
pottedplant 0.0060 418 210 449 238
pottedplant 0.0060 22 219 175 277
pottedplant 0.0058 93 214 159 264
pottedplant 0.0030 152 217 175 258
pottedplant 0.0027 52 231 86 304
pottedplant 0.0027 53 281 85 305
pottedplant 0.0027 415 222 451 248
pottedplant 0.0027 397 183 471 265
pottedplant 0.0022 56 151 215 286
pottedplant 0.0018 37 281 63 307
pottedplant 0.0018 410 209 492 267
pottedplant 0.0016 128 236 160 265
pottedplant 0.0014 122 210 201 293
pottedplant 0.0013 1 181 198 312
pottedplant 0.0012 89 226 165 304
pottedplant 0.0011 71 279 95 310
pottedplant 0.0010 34 235 156 306
tvmonitor 0.0247 338 40 471 221
tvmonitor 0.0090 356 74 443 183
tvmonitor 0.0028 366 73 515 246
tvmonitor 0.0027 476 95 501 238
tvmonitor 0.0027 478 240 501 319
tvmonitor 0.0025 99 18 245 184
tvmonitor 0.0025 124 55 218 142
tvmonitor 0.0024 394 79 483 182
tvmonitor 0.0017 398 113 491 208
tvmonitor 0.0016 41 50 228 206
tvmonitor 0.0015 411 140 484 243
tvmonitor 0.0010 238 41 413 218
