aeroplane 0.0144 302 95 508 197
aeroplane 0.0067 388 109 501 182
aeroplane 0.0030 333 118 474 179
aeroplane 0.0020 398 99 504 144
aeroplane 0.0010 435 95 504 173
boat 0.0031 116 166 174 179
bus 0.0091 295 164 339 206
bus 0.0050 250 165 295 210
car 0.7721 167 177 237 224
car 0.3220 241 177 287 216
car 0.1955 330 130 424 204
car 0.0254 192 170 297 209
car 0.0243 191 187 244 228
car 0.0169 159 189 212 228
car 0.0130 229 194 251 223
car 0.0117 175 188 228 213
car 0.0088 175 195 229 224
car 0.0081 264 182 288 214
car 0.0075 244 174 280 200
car 0.0047 141 184 230 232
car 0.0041 223 187 255 230
car 0.0041 358 135 461 206
car 0.0030 140 138 280 244
car 0.0029 300 171 331 202
car 0.0021 135 165 189 179
car 0.0016 207 176 238 197
car 0.0013 260 173 290 202
car 0.0013 242 197 274 218
car 0.0010 128 167 228 220
person 0.0702 443 152 463 193
person 0.0161 289 169 308 205
person 0.0141 449 150 493 194
person 0.0113 471 146 500 195
person 0.0068 443 146 463 175
person 0.0030 476 142 498 178
person 0.0029 439 161 467 203
person 0.0018 456 148 483 174
person 0.0017 438 132 468 192
person 0.0012 420 160 446 188
train 0.0453 314 116 473 209
train 0.0037 214 115 440 219
train 0.0015 269 136 386 204
