bottle 0.3341 148 25 182 105
bottle 0.0292 147 5 178 70
bottle 0.0236 344 252 376 311
bottle 0.0176 176 44 320 214
bottle 0.0123 127 22 197 109
bottle 0.0118 211 30 291 112
bottle 0.0106 163 12 193 86
bottle 0.0102 154 29 174 73
bottle 0.0081 171 7 256 82
bottle 0.0062 49 25 86 49
bottle 0.0055 207 48 283 156
bottle 0.0053 50 33 78 65
bottle 0.0034 202 75 301 184
bottle 0.0032 306 66 359 117
bottle 0.0030 329 55 383 75
bottle 0.0024 44 23 83 73
bottle 0.0019 221 17 269 84
bottle 0.0015 40 17 93 56
bottle 0.0014 128 2 236 75
bottle 0.0013 176 0 227 70
bottle 0.0012 316 54 359 77
bottle 0.0010 177 2 323 143
chair 0.7042 28 276 103 373
chair 0.5952 171 308 270 371
chair 0.1497 136 274 185 320
chair 0.1457 311 323 436 378
chair 0.1330 -1 282 65 374
chair 0.0996 239 287 284 334
chair 0.0734 121 284 173 330
chair 0.0621 147 280 176 313
chair 0.0561 -6 38 197 211
chair 0.0543 327 42 467 274
chair 0.0418 85 276 124 316
chair 0.0395 287 308 308 341
chair 0.0316 0 282 25 369
chair 0.0286 467 286 501 387
chair 0.0281 103 274 146 320
chair 0.0273 244 294 276 324
chair 0.0260 279 280 317 337
chair 0.0240 274 314 394 368
chair 0.0221 92 247 124 314
chair 0.0206 362 327 425 375
chair 0.0201 159 276 207 317
chair 0.0195 164 284 240 365
chair 0.0172 46 270 85 292
chair 0.0155 249 324 308 381
chair 0.0152 131 280 159 313
chair 0.0148 193 307 325 371
chair 0.0138 8 281 42 305
chair 0.0136 327 327 384 376
chair 0.0136 282 299 313 349
chair 0.0128 165 306 207 367
chair 0.0123 373 331 501 378
chair 0.0122 -2 262 32 327
chair 0.0120 285 329 348 374
chair 0.0117 -1 272 27 295
chair 0.0116 -3 -3 131 150
chair 0.0115 149 290 176 328
chair 0.0113 190 291 286 361
chair 0.0109 129 291 161 326
chair 0.0103 50 0 198 73
chair 0.0101 4 277 49 345
chair 0.0096 182 281 216 307
chair 0.0093 -1 277 26 309
chair 0.0093 52 279 128 378
chair 0.0084 43 272 91 350
chair 0.0084 139 258 182 306
chair 0.0084 103 277 185 338
chair 0.0083 197 288 242 334
chair 0.0083 62 272 107 351
chair 0.0079 146 267 176 296
chair 0.0076 212 299 270 351
chair 0.0075 314 310 494 367
chair 0.0072 8 272 44 293
chair 0.0071 214 290 263 329
chair 0.0071 29 270 63 292
chair 0.0070 -2 23 115 111
chair 0.0065 241 310 284 369
chair 0.0064 109 279 136 315
chair 0.0062 58 276 114 315
chair 0.0061 358 -10 508 164
chair 0.0059 166 270 202 294
chair 0.0058 25 271 68 351
chair 0.0056 186 318 251 383
chair 0.0053 -1 3 124 79
chair 0.0053 242 275 286 317
chair 0.0052 -3 322 57 379
chair 0.0052 221 285 258 307
chair 0.0051 0 288 19 332
chair 0.0047 350 311 398 370
chair 0.0046 178 279 219 338
chair 0.0044 37 323 93 377
chair 0.0043 311 314 364 368
chair 0.0042 345 275 367 313
chair 0.0042 0 277 46 315
chair 0.0041 67 280 108 306
chair 0.0037 245 311 277 336
chair 0.0037 95 263 119 301
chair 0.0037 138 303 229 370
chair 0.0036 255 260 294 328
chair 0.0035 301 281 338 333
chair 0.0033 65 270 105 293
chair 0.0031 121 10 234 68
chair 0.0031 445 322 499 377
chair 0.0031 202 285 239 307
chair 0.0030 80 294 187 366
chair 0.0030 60 296 104 375
chair 0.0030 237 64 417 250
chair 0.0030 284 290 312 327
chair 0.0030 250 303 302 345
chair 0.0029 158 262 210 304
chair 0.0029 186 269 214 296
chair 0.0029 279 342 431 384
chair 0.0028 261 310 293 337
chair 0.0028 -1 24 63 162
chair 0.0027 321 292 349 323
chair 0.0027 209 321 268 379
chair 0.0026 0 300 18 348
chair 0.0026 78 -2 185 44
chair 0.0026 206 292 235 327
chair 0.0023 30 277 59 308
chair 0.0023 345 78 464 174
chair 0.0023 22 120 170 194
chair 0.0022 273 309 322 368
chair 0.0022 259 296 292 322
chair 0.0021 246 294 348 355
chair 0.0021 380 274 403 311
chair 0.0020 381 5 497 71
chair 0.0020 385 -6 498 45
chair 0.0020 246 355 309 375
chair 0.0019 8 114 109 198
chair 0.0019 158 62 345 240
chair 0.0019 -9 72 133 238
chair 0.0019 221 311 260 336
chair 0.0019 259 324 293 351
chair 0.0018 30 88 160 173
chair 0.0018 12 292 40 326
chair 0.0018 261 279 289 309
chair 0.0018 82 288 122 359
chair 0.0018 22 274 65 318
chair 0.0017 43 25 145 117
chair 0.0017 287 355 344 375
chair 0.0017 335 108 468 208
chair 0.0017 386 316 435 363
chair 0.0017 139 295 183 350
chair 0.0017 355 259 386 324
chair 0.0017 -6 251 122 365
chair 0.0016 60 268 141 340
chair 0.0016 91 290 117 326
chair 0.0016 62 260 112 302
chair 0.0016 314 292 356 353
chair 0.0015 46 279 86 307
chair 0.0015 320 307 351 335
chair 0.0015 462 269 518 377
chair 0.0015 0 262 51 303
chair 0.0015 295 339 337 366
chair 0.0014 153 304 289 408
chair 0.0014 196 248 306 309
chair 0.0013 212 278 264 315
chair 0.0013 119 325 228 382
chair 0.0013 374 267 409 354
chair 0.0013 368 70 496 303
chair 0.0013 12 268 160 389
chair 0.0013 290 280 511 384
chair 0.0012 172 282 267 341
chair 0.0012 49 306 85 342
chair 0.0012 291 308 338 368
chair 0.0012 329 297 379 350
chair 0.0012 278 53 450 208
chair 0.0012 380 297 406 327
chair 0.0012 317 85 408 177
chair 0.0012 32 291 58 326
chair 0.0012 -4 -8 66 108
chair 0.0012 178 256 221 308
chair 0.0011 155 346 324 381
chair 0.0011 284 85 382 168
chair 0.0011 135 270 225 323
chair 0.0010 29 307 63 339
chair 0.0010 290 51 374 148
chair 0.0010 57 241 144 303
chair 0.0010 331 0 418 71
diningtable 0.3039 244 327 391 376
diningtable 0.0773 173 304 308 375
diningtable 0.0611 165 287 418 381
diningtable 0.0217 -4 278 68 373
diningtable 0.0199 228 305 332 373
diningtable 0.0192 27 20 472 237
diningtable 0.0106 182 10 316 198
diningtable 0.0086 231 311 427 406
diningtable 0.0059 220 348 379 379
diningtable 0.0045 59 20 287 180
diningtable 0.0025 -30 268 90 395
diningtable 0.0023 106 268 183 322
diningtable 0.0023 -35 15 228 241
diningtable 0.0021 163 310 338 407
diningtable 0.0012 278 57 527 315
diningtable 0.0012 123 275 224 329
diningtable 0.0010 -31 -42 378 186
person 0.1753 469 209 500 349
person 0.1629 354 248 388 314
person 0.0919 457 221 496 308
person 0.0818 374 249 405 311
person 0.0260 324 21 492 191
person 0.0181 443 216 498 345
person 0.0123 32 -2 177 74
person 0.0108 277 8 361 88
person 0.0107 359 247 384 286
person 0.0103 457 246 496 371
person 0.0097 251 8 332 84
person 0.0075 14 4 157 42
person 0.0043 6 8 128 65
person 0.0042 346 233 374 304
person 0.0035 479 219 498 259
person 0.0030 473 210 499 270
person 0.0029 312 13 420 77
person 0.0028 347 247 368 288
person 0.0025 206 12 304 82
person 0.0025 292 46 431 98
person 0.0024 -1 -6 197 105
person 0.0024 376 230 509 376
person 0.0020 363 238 384 272
person 0.0018 339 246 410 318
person 0.0018 -10 0 67 87
person 0.0015 382 247 403 288
person 0.0015 462 230 487 275
person 0.0015 75 0 137 17
person 0.0015 278 5 528 254
person 0.0014 475 257 499 302
person 0.0014 0 -10 25 109
pottedplant 0.3093 275 249 322 316
pottedplant 0.1290 265 252 290 285
pottedplant 0.1089 299 249 338 313
pottedplant 0.1083 411 251 462 311
pottedplant 0.0396 260 255 299 305
pottedplant 0.0388 281 250 310 281
pottedplant 0.0372 243 244 334 318
pottedplant 0.0330 122 246 168 289
pottedplant 0.0320 129 251 160 279
pottedplant 0.0277 279 242 351 320
pottedplant 0.0255 304 248 329 285
pottedplant 0.0198 102 251 137 310
pottedplant 0.0158 118 258 172 305
pottedplant 0.0146 264 262 291 295
pottedplant 0.0137 194 234 214 273
pottedplant 0.0125 125 269 164 293
pottedplant 0.0123 406 236 494 318
pottedplant 0.0122 109 252 138 281
pottedplant 0.0107 282 262 313 299
pottedplant 0.0105 107 242 144 265
pottedplant 0.0087 94 249 180 314
pottedplant 0.0086 123 242 158 267
pottedplant 0.0080 90 238 122 296
pottedplant 0.0079 306 261 331 301
pottedplant 0.0068 389 258 431 306
pottedplant 0.0065 282 281 317 309
pottedplant 0.0064 190 248 216 278
pottedplant 0.0061 190 225 220 279
pottedplant 0.0056 314 269 350 320
pottedplant 0.0052 414 278 449 309
pottedplant 0.0049 425 269 473 317
pottedplant 0.0046 94 247 117 282
pottedplant 0.0042 321 261 347 300
pottedplant 0.0041 238 243 280 262
pottedplant 0.0041 143 255 176 279
pottedplant 0.0032 110 262 135 299
pottedplant 0.0027 436 281 463 311
pottedplant 0.0027 279 230 323 280
pottedplant 0.0026 418 263 449 300
pottedplant 0.0026 99 235 153 272
pottedplant 0.0023 221 244 258 264
pottedplant 0.0022 244 253 281 278
pottedplant 0.0020 321 252 346 285
pottedplant 0.0014 296 226 331 282
pottedplant 0.0014 220 255 259 276
pottedplant 0.0014 363 253 463 310
pottedplant 0.0013 284 240 316 271
pottedplant 0.0012 314 240 351 294
pottedplant 0.0012 211 218 367 336
pottedplant 0.0012 239 246 289 290
pottedplant 0.0011 431 232 472 303
pottedplant 0.0010 79 243 168 291
pottedplant 0.0010 307 276 333 314
pottedplant 0.0010 437 265 463 299
pottedplant 0.0010 264 241 296 269
tvmonitor 0.0169 247 282 278 308
tvmonitor 0.0150 0 227 54 281
tvmonitor 0.0100 -2 214 28 292
tvmonitor 0.0030 88 240 117 268
tvmonitor 0.0028 -4 193 61 300
tvmonitor 0.0021 76 250 101 280
tvmonitor 0.0020 72 243 105 266
tvmonitor 0.0011 -1 250 25 284
tvmonitor 0.0010 -3 235 24 270
