car 0.0216 7 239 42 266
car 0.0084 1 230 47 271
car 0.0078 0 239 25 267
car 0.0010 -2 226 29 275
person 0.0020 362 162 387 195
person 0.0012 381 163 406 193
person 0.0011 423 175 444 212
person 0.0010 356 150 392 209
person 0.0010 275 235 311 321
pottedplant 0.0030 47 238 84 263
pottedplant 0.0023 57 228 118 269
pottedplant 0.0015 39 230 92 268
pottedplant 0.0015 32 241 66 265
pottedplant 0.0011 65 236 107 263
train 0.7915 28 71 470 299
train 0.0751 151 95 426 276
train 0.0177 47 139 297 281
train 0.0156 -56 120 327 306
train 0.0062 10 139 183 284
train 0.0059 336 121 464 308
train 0.0045 197 56 531 314
train 0.0016 4 150 91 266
