bird 0.1210 56 -8 442 383
bird 0.0010 233 86 420 288
cat 0.0463 45 68 377 362
cow 0.0260 383 258 483 358
cow 0.0058 400 267 434 350
cow 0.0044 78 87 269 345
cow 0.0032 449 245 497 348
cow 0.0030 428 262 479 356
cow 0.0024 411 258 449 359
cow 0.0013 82 47 339 272
dog 0.0381 60 -21 514 339
dog 0.0237 -30 113 377 374
dog 0.0013 226 -1 425 151
horse 0.5670 407 238 496 353
horse 0.4186 -13 9 359 365
horse 0.0126 425 247 477 345
horse 0.0050 66 62 282 310
horse 0.0011 380 252 516 396
horse 0.0010 474 266 501 354
person 0.0015 475 250 502 344
