bottle 0.0010 209 288 266 332
chair 0.1011 20 128 91 233
chair 0.0773 51 125 119 234
chair 0.0179 16 196 180 350
chair 0.0131 50 258 153 365
chair 0.0121 122 175 218 255
chair 0.0113 102 271 184 377
chair 0.0098 29 161 96 268
chair 0.0095 180 201 262 292
chair 0.0092 11 206 106 286
chair 0.0091 41 241 213 376
chair 0.0091 97 228 150 275
chair 0.0081 88 170 172 256
chair 0.0061 88 202 174 286
chair 0.0057 115 225 207 310
chair 0.0052 32 138 170 221
chair 0.0051 49 168 130 254
chair 0.0051 372 165 442 256
chair 0.0050 17 228 81 274
chair 0.0048 21 244 73 312
chair 0.0045 135 204 222 283
chair 0.0042 27 179 77 234
chair 0.0039 197 234 293 312
chair 0.0036 156 179 265 263
chair 0.0035 81 147 186 231
chair 0.0034 127 137 211 237
chair 0.0033 80 230 134 271
chair 0.0032 156 186 212 231
chair 0.0032 4 260 107 352
chair 0.0032 227 183 252 212
chair 0.0030 77 236 190 316
chair 0.0028 179 185 218 207
chair 0.0028 118 143 176 188
chair 0.0028 447 194 495 250
chair 0.0027 35 207 159 289
chair 0.0026 162 185 206 206
chair 0.0026 234 236 341 306
chair 0.0025 -8 166 129 324
chair 0.0024 40 235 152 322
chair 0.0023 107 227 315 377
chair 0.0020 101 294 243 370
chair 0.0020 34 294 139 381
chair 0.0019 364 159 515 336
chair 0.0019 45 137 133 198
chair 0.0018 19 122 103 310
chair 0.0018 13 237 110 317
chair 0.0017 230 207 342 285
chair 0.0017 57 214 155 265
chair 0.0016 148 147 176 179
chair 0.0016 271 209 378 286
chair 0.0015 59 224 110 275
chair 0.0013 264 242 389 306
chair 0.0013 390 224 510 310
chair 0.0012 -12 136 64 228
chair 0.0012 124 150 165 176
chair 0.0012 -15 254 62 347
chair 0.0012 174 138 323 294
chair 0.0012 391 184 493 251
chair 0.0011 147 142 179 165
chair 0.0011 344 237 377 292
chair 0.0011 222 326 353 379
chair 0.0011 248 204 277 300
chair 0.0011 59 166 200 319
chair 0.0010 33 220 97 259
chair 0.0010 61 197 107 249
chair 0.0010 365 202 450 287
chair 0.0010 16 231 45 301
diningtable 0.0161 193 265 457 393
diningtable 0.0068 79 268 343 394
diningtable 0.0055 154 325 363 376
diningtable 0.0040 389 242 501 307
diningtable 0.0023 40 199 459 403
diningtable 0.0021 189 295 311 376
diningtable 0.0019 91 145 253 282
diningtable 0.0019 36 131 232 251
diningtable 0.0010 58 136 189 224
sofa 0.0598 -1 247 196 366
tvmonitor 0.0502 187 206 257 297
tvmonitor 0.0294 277 124 327 181
tvmonitor 0.0273 326 144 378 183
tvmonitor 0.0249 21 121 92 208
tvmonitor 0.0218 6 122 45 180
tvmonitor 0.0134 283 142 341 185
tvmonitor 0.0106 362 134 466 198
tvmonitor 0.0103 274 122 364 191
tvmonitor 0.0063 26 121 67 237
tvmonitor 0.0055 366 140 420 190
tvmonitor 0.0053 195 235 248 295
tvmonitor 0.0047 13 117 49 212
tvmonitor 0.0040 366 186 420 235
tvmonitor 0.0039 375 136 443 241
tvmonitor 0.0029 384 136 435 196
tvmonitor 0.0028 -3 117 31 184
tvmonitor 0.0013 200 234 240 266
tvmonitor 0.0012 292 151 336 179
tvmonitor 0.0010 -13 116 63 203
tvmonitor 0.0010 314 153 362 177
