bottle 0.0283 250 306 300 370
bottle 0.0093 199 332 239 374
bottle 0.0077 226 303 330 373
bottle 0.0065 244 324 280 378
bottle 0.0013 259 322 293 354
bottle 0.0012 220 324 256 378
bottle 0.0012 222 210 257 239
bottle 0.0011 248 331 270 373
chair 0.0044 -1 152 203 331
chair 0.0028 386 278 493 378
chair 0.0027 243 303 412 371
chair 0.0024 328 240 486 364
chair 0.0019 0 262 26 383
chair 0.0017 236 175 415 362
chair 0.0017 56 241 212 311
chair 0.0015 57 297 212 373
chair 0.0013 351 288 450 371
chair 0.0010 380 329 506 378
diningtable 0.0457 2 261 497 399
diningtable 0.0088 48 272 297 390
diningtable 0.0078 145 278 433 385
diningtable 0.0041 188 327 391 380
diningtable 0.0023 64 325 205 378
diningtable 0.0022 133 303 363 410
diningtable 0.0019 106 229 317 373
diningtable 0.0016 101 294 244 373
diningtable 0.0012 185 293 315 376
diningtable 0.0011 136 325 288 379
person 0.7867 27 40 182 333
person 0.7495 240 95 404 326
person 0.1536 217 82 510 350
person 0.0419 143 61 433 315
person 0.0157 -12 88 61 341
person 0.0126 379 100 504 333
person 0.0094 5 53 338 322
person 0.0087 182 87 324 288
person 0.0078 82 94 254 286
person 0.0037 321 77 486 298
person 0.0030 0 151 23 294
person 0.0021 420 74 532 303
person 0.0020 -6 75 130 300
person 0.0018 0 94 19 237
person 0.0015 115 149 462 396
person 0.0011 262 171 383 266
person 0.0010 288 47 440 273
pottedplant 0.1125 382 0 494 261
pottedplant 0.0058 423 18 521 243
pottedplant 0.0038 328 7 485 196
pottedplant 0.0024 388 18 485 122
pottedplant 0.0019 441 71 508 192
pottedplant 0.0018 398 95 476 221
pottedplant 0.0014 435 22 506 121
pottedplant 0.0014 97 62 147 125
pottedplant 0.0012 323 -22 560 281
tvmonitor 0.0148 396 248 485 369
