bicycle 0.0012 126 327 243 375
bottle 0.0100 457 37 492 178
bottle 0.0056 481 204 499 244
bottle 0.0042 436 16 509 243
bottle 0.0030 474 52 501 192
bottle 0.0030 272 353 318 375
bottle 0.0028 456 212 485 237
bottle 0.0017 476 196 503 250
bottle 0.0013 83 356 126 375
bottle 0.0010 447 57 502 200
chair 0.0161 50 85 128 165
chair 0.0069 -4 243 59 363
chair 0.0060 60 87 102 160
chair 0.0049 0 257 22 390
chair 0.0034 132 294 235 380
chair 0.0030 0 211 28 349
chair 0.0025 467 9 502 91
chair 0.0023 77 108 130 166
chair 0.0022 0 102 23 201
chair 0.0020 -17 218 132 377
chair 0.0019 49 109 123 210
chair 0.0015 390 208 489 277
chair 0.0015 0 175 29 298
chair 0.0014 51 121 93 178
chair 0.0013 1 100 52 199
chair 0.0012 -16 160 68 385
chair 0.0012 429 212 476 232
chair 0.0011 102 119 142 182
chair 0.0010 243 270 486 380
chair 0.0010 1 222 46 311
person 0.8516 35 40 310 393
person 0.8114 170 124 483 366
person 0.0187 232 116 417 319
person 0.0158 291 150 514 340
person 0.0074 68 75 276 297
person 0.0064 0 -6 27 105
person 0.0052 -20 -26 67 173
person 0.0051 -1 145 424 399
person 0.0048 -5 12 54 131
person 0.0041 242 230 484 366
person 0.0035 -8 118 65 369
person 0.0034 0 108 116 326
person 0.0031 -31 69 224 361
person 0.0029 182 210 547 391
person 0.0021 0 160 25 286
person 0.0017 440 285 512 375
person 0.0015 31 76 152 296
person 0.0014 163 105 339 326
person 0.0014 18 162 176 385
person 0.0013 373 180 512 365
person 0.0013 390 296 496 370
person 0.0012 91 48 255 218
person 0.0011 70 172 275 367
pottedplant 0.0044 -13 34 67 291
pottedplant 0.0030 -2 85 112 292
pottedplant 0.0023 9 133 92 240
pottedplant 0.0016 0 118 51 255
pottedplant 0.0015 0 130 23 286
tvmonitor 0.0244 367 159 415 199
tvmonitor 0.0226 -2 73 47 144
tvmonitor 0.0158 375 43 503 273
tvmonitor 0.0119 54 82 110 137
tvmonitor 0.0079 -1 66 58 190
tvmonitor 0.0075 51 58 135 150
tvmonitor 0.0054 10 75 92 182
tvmonitor 0.0048 383 158 434 204
tvmonitor 0.0044 -1 72 24 198
tvmonitor 0.0037 316 102 490 269
tvmonitor 0.0028 355 150 401 206
tvmonitor 0.0026 356 146 453 231
tvmonitor 0.0025 267 -30 463 118
tvmonitor 0.0023 -3 39 110 217
tvmonitor 0.0020 360 108 454 207
tvmonitor 0.0019 309 3 422 80
tvmonitor 0.0018 340 43 475 215
tvmonitor 0.0017 399 104 489 211
tvmonitor 0.0016 30 22 152 180
tvmonitor 0.0016 355 84 451 172
tvmonitor 0.0015 472 -5 501 49
tvmonitor 0.0012 457 89 494 211
tvmonitor 0.0012 -1 39 29 147
tvmonitor 0.0012 0 88 23 127
tvmonitor 0.0010 410 155 451 209
