bus 0.0049 2 -34 279 382
car 0.6064 8 114 323 461
car 0.0088 13 -6 319 353
car 0.0085 59 174 220 404
car 0.0066 132 180 352 472
car 0.0040 109 211 276 442
car 0.0035 272 236 328 397
car 0.0034 248 165 330 417
car 0.0027 174 218 308 434
car 0.0025 46 239 73 320
car 0.0025 -6 218 237 509
car 0.0019 320 249 334 387
car 0.0017 119 116 265 385
car 0.0015 321 290 333 346
car 0.0015 320 308 332 366
person 0.0077 319 300 332 452
person 0.0071 320 367 333 421
person 0.0031 277 239 296 279
person 0.0010 274 226 300 292
tvmonitor 0.0226 28 -3 147 52
tvmonitor 0.0039 90 -11 189 54
tvmonitor 0.0026 255 -12 332 55
tvmonitor 0.0021 127 -11 205 65
