bottle 0.0106 277 166 310 223
bottle 0.0025 283 174 307 214
bottle 0.0022 304 176 328 213
bottle 0.0018 285 162 307 201
bottle 0.0018 285 185 306 234
bottle 0.0014 297 178 331 240
bottle 0.0011 297 133 341 197
bottle 0.0010 152 213 184 291
chair 0.3085 -7 47 68 162
chair 0.0506 62 49 140 155
chair 0.0323 327 76 403 167
chair 0.0263 -2 15 98 184
chair 0.0193 1 98 51 175
chair 0.0170 42 23 150 178
chair 0.0146 -2 6 58 125
chair 0.0144 155 288 248 363
chair 0.0130 1 40 45 120
chair 0.0110 -4 197 61 305
chair 0.0094 -17 143 61 341
chair 0.0094 -8 54 114 261
chair 0.0055 335 47 477 267
chair 0.0048 4 85 85 187
chair 0.0048 352 79 450 177
chair 0.0044 383 44 511 210
chair 0.0043 323 49 425 140
chair 0.0035 322 35 353 62
chair 0.0033 298 52 336 76
chair 0.0032 298 40 336 62
chair 0.0029 397 75 489 182
chair 0.0028 272 268 391 344
chair 0.0025 0 50 29 165
chair 0.0024 7 7 107 72
chair 0.0023 0 175 31 300
chair 0.0023 24 32 109 155
chair 0.0023 318 55 354 76
chair 0.0020 -6 166 115 321
chair 0.0020 470 157 500 227
chair 0.0019 319 24 361 70
chair 0.0019 436 55 501 188
chair 0.0018 477 86 500 215
chair 0.0018 55 22 139 119
chair 0.0017 277 40 317 61
chair 0.0016 -1 102 22 228
chair 0.0016 3 3 57 67
chair 0.0016 5 161 96 268
chair 0.0015 431 34 512 280
chair 0.0014 -2 105 65 226
chair 0.0014 64 7 113 61
chair 0.0014 331 108 420 193
chair 0.0013 42 97 81 176
chair 0.0011 325 57 383 100
chair 0.0010 0 140 56 278
chair 0.0010 320 62 354 93
chair 0.0010 2 222 45 339
diningtable 0.4051 -17 124 439 366
diningtable 0.0904 115 116 538 316
diningtable 0.0585 70 52 429 264
diningtable 0.0353 151 192 426 354
diningtable 0.0299 72 218 580 386
diningtable 0.0213 -56 224 402 380
diningtable 0.0187 142 69 351 243
diningtable 0.0181 38 201 306 350
diningtable 0.0104 253 124 476 314
diningtable 0.0082 74 150 348 288
diningtable 0.0055 181 117 392 259
diningtable 0.0043 -1 273 269 388
diningtable 0.0036 -7 128 114 311
diningtable 0.0022 155 263 262 341
diningtable 0.0016 196 267 381 342
diningtable 0.0016 197 201 295 287
diningtable 0.0015 -79 86 349 286
diningtable 0.0014 150 146 274 226
diningtable 0.0013 208 245 449 360
diningtable 0.0013 193 174 308 249
diningtable 0.0013 115 291 231 371
diningtable 0.0013 11 103 182 269
diningtable 0.0012 154 117 269 196
diningtable 0.0010 156 206 268 282
diningtable 0.0010 229 178 347 247
diningtable 0.0010 15 157 167 331
diningtable 0.0010 27 148 162 225
person 0.1073 322 44 392 166
person 0.0085 428 -5 509 210
person 0.0046 338 22 473 179
person 0.0014 328 59 381 128
person 0.0013 478 26 501 160
person 0.0010 103 0 149 46
pottedplant 0.0774 239 51 338 144
pottedplant 0.0678 156 50 339 215
pottedplant 0.0507 194 54 381 167
pottedplant 0.0458 264 182 303 231
pottedplant 0.0398 164 55 261 145
pottedplant 0.0287 223 180 256 233
pottedplant 0.0243 137 31 295 178
pottedplant 0.0214 211 43 262 85
pottedplant 0.0185 157 58 208 102
pottedplant 0.0169 340 20 370 53
pottedplant 0.0147 286 55 379 145
pottedplant 0.0113 243 153 273 237
pottedplant 0.0089 197 36 300 110
pottedplant 0.0083 211 142 293 229
pottedplant 0.0082 260 39 294 66
pottedplant 0.0070 205 42 275 147
pottedplant 0.0070 170 65 234 180
pottedplant 0.0065 234 183 275 233
pottedplant 0.0065 202 87 301 178
pottedplant 0.0060 80 26 419 233
pottedplant 0.0057 314 59 365 127
pottedplant 0.0054 222 36 256 67
pottedplant 0.0054 166 62 197 96
pottedplant 0.0046 243 192 270 226
pottedplant 0.0045 235 110 276 223
pottedplant 0.0040 298 78 338 136
pottedplant 0.0035 251 73 306 144
pottedplant 0.0032 332 21 374 74
pottedplant 0.0031 227 177 252 215
pottedplant 0.0030 175 58 219 130
pottedplant 0.0026 269 174 293 216
pottedplant 0.0026 153 47 217 139
pottedplant 0.0025 237 147 332 229
pottedplant 0.0021 270 64 325 124
pottedplant 0.0019 166 9 334 142
pottedplant 0.0018 224 137 254 226
pottedplant 0.0018 277 41 374 109
pottedplant 0.0016 239 50 276 76
pottedplant 0.0015 282 82 373 173
pottedplant 0.0015 257 41 299 83
pottedplant 0.0013 197 107 244 167
pottedplant 0.0013 342 29 368 66
pottedplant 0.0013 248 173 268 216
pottedplant 0.0013 242 210 273 235
pottedplant 0.0012 182 86 259 187
pottedplant 0.0012 230 45 282 83
pottedplant 0.0010 269 43 323 82
pottedplant 0.0010 231 108 335 204
pottedplant 0.0010 220 61 257 91
tvmonitor 0.4315 369 2 452 74
tvmonitor 0.0684 4 -1 59 48
tvmonitor 0.0133 63 6 114 41
tvmonitor 0.0126 323 24 352 55
tvmonitor 0.0096 -1 199 32 304
tvmonitor 0.0064 316 18 359 60
tvmonitor 0.0052 -3 2 99 45
tvmonitor 0.0039 392 22 437 51
tvmonitor 0.0036 367 -2 492 51
tvmonitor 0.0028 -2 -12 28 55
tvmonitor 0.0028 33 5 102 37
tvmonitor 0.0024 358 -11 462 104
tvmonitor 0.0020 38 -4 151 45
tvmonitor 0.0016 22 7 66 33
tvmonitor 0.0011 399 13 456 54
tvmonitor 0.0010 44 8 147 73
