car 0.0272 344 236 365 268
car 0.0061 319 151 348 180
chair 0.1308 235 246 283 313
chair 0.0855 222 230 291 329
chair 0.0408 139 209 198 333
chair 0.0330 16 351 154 377
chair 0.0168 310 289 406 370
chair 0.0110 141 205 189 245
chair 0.0106 230 202 330 273
chair 0.0096 -24 336 137 376
chair 0.0095 142 214 189 289
chair 0.0087 47 359 127 376
chair 0.0083 299 284 374 357
chair 0.0066 186 205 216 297
chair 0.0054 181 195 218 249
chair 0.0054 220 227 260 308
chair 0.0049 295 208 339 267
chair 0.0040 157 199 201 277
chair 0.0039 223 239 253 263
chair 0.0036 201 192 278 228
chair 0.0033 200 214 320 289
chair 0.0033 246 261 274 302
chair 0.0031 128 255 202 347
chair 0.0028 138 180 224 260
chair 0.0026 361 97 447 337
chair 0.0021 478 339 502 372
chair 0.0020 184 196 216 223
chair 0.0020 238 166 275 189
chair 0.0019 259 195 301 220
chair 0.0018 146 206 179 354
chair 0.0017 216 183 266 202
chair 0.0017 173 190 270 256
chair 0.0016 185 204 215 237
chair 0.0016 234 236 336 311
chair 0.0016 180 241 218 318
chair 0.0015 196 211 243 262
chair 0.0015 245 239 273 264
chair 0.0014 160 210 202 234
chair 0.0014 265 216 332 257
chair 0.0014 294 186 441 362
chair 0.0014 308 302 358 372
chair 0.0013 269 229 327 269
chair 0.0013 208 232 238 301
chair 0.0013 257 184 301 205
chair 0.0013 473 352 502 376
chair 0.0012 209 197 266 219
chair 0.0012 251 188 311 227
chair 0.0011 366 218 443 327
chair 0.0011 289 267 434 380
chair 0.0011 316 208 357 264
chair 0.0011 256 235 295 296
chair 0.0011 55 333 208 378
chair 0.0011 134 167 228 321
chair 0.0010 238 194 278 219
chair 0.0010 212 202 266 244
chair 0.0010 274 196 319 222
chair 0.0010 219 264 264 321
diningtable 0.0051 206 259 289 330
person 0.0071 303 264 404 359
person 0.0064 278 270 360 349
person 0.0010 477 301 501 375
sofa 0.3993 187 187 333 250
sofa 0.0281 196 211 316 278
sofa 0.0106 188 163 363 274
sofa 0.0031 217 172 336 221
tvmonitor 0.2397 231 140 286 188
tvmonitor 0.0442 373 185 439 301
tvmonitor 0.0318 193 128 318 202
tvmonitor 0.0221 169 125 204 205
tvmonitor 0.0162 231 137 342 192
tvmonitor 0.0158 167 101 340 221
tvmonitor 0.0146 175 103 249 213
tvmonitor 0.0120 364 149 446 339
tvmonitor 0.0082 239 147 277 182
tvmonitor 0.0075 371 172 424 214
tvmonitor 0.0057 183 159 330 223
tvmonitor 0.0057 218 126 299 181
tvmonitor 0.0051 164 80 270 237
tvmonitor 0.0027 155 145 288 213
tvmonitor 0.0026 142 134 222 224
tvmonitor 0.0024 169 148 222 210
tvmonitor 0.0017 294 145 345 186
tvmonitor 0.0016 164 167 207 221
tvmonitor 0.0012 199 130 246 200
tvmonitor 0.0011 363 170 424 277
tvmonitor 0.0010 175 114 216 191
