bottle 0.0236 248 95 281 180
bottle 0.0043 7 104 41 171
bottle 0.0015 159 106 194 172
bottle 0.0011 153 118 183 179
car 0.7019 159 245 285 290
car 0.5310 29 252 141 295
car 0.0441 29 253 243 297
car 0.0240 123 255 284 302
car 0.0123 186 214 290 292
car 0.0090 -6 243 106 294
car 0.0068 164 251 241 283
car 0.0060 328 227 387 282
car 0.0044 4 231 270 320
car 0.0043 67 253 137 284
car 0.0038 173 255 228 276
car 0.0032 312 243 420 301
car 0.0030 17 246 78 291
car 0.0030 144 216 285 324
car 0.0026 175 233 303 276
car 0.0025 160 258 207 277
car 0.0023 351 75 453 143
car 0.0022 182 244 220 266
car 0.0020 126 244 239 291
car 0.0019 139 268 186 290
car 0.0017 154 192 336 302
car 0.0017 -4 224 135 328
car 0.0015 264 243 395 291
car 0.0014 196 249 318 309
car 0.0014 142 257 182 278
car 0.0013 303 214 424 284
car 0.0011 20 260 151 328
motorbike 0.4791 344 83 450 180
motorbike 0.0055 353 97 469 152
motorbike 0.0053 278 76 466 190
person 0.0707 336 95 453 155
person 0.0253 297 237 328 291
person 0.0110 292 245 310 288
person 0.0091 366 98 424 152
person 0.0076 357 92 389 119
person 0.0058 248 340 278 368
person 0.0036 262 337 286 369
person 0.0015 350 89 396 130
person 0.0014 305 228 323 278
person 0.0013 381 102 439 145
person 0.0012 374 111 414 135
person 0.0012 379 212 406 237
person 0.0011 344 94 400 151
person 0.0010 287 222 317 289
train 0.0061 114 3 462 254
train 0.0023 212 52 441 208
train 0.0012 145 75 354 239
train 0.0011 70 151 505 338
tvmonitor 0.0066 198 99 231 172
tvmonitor 0.0017 480 133 500 168
tvmonitor 0.0011 477 114 502 189
