car 0.8808 53 96 367 167
car 0.0355 116 101 171 121
car 0.0268 11 94 197 168
car 0.0097 25 95 58 155
car 0.0079 116 110 306 153
car 0.0048 -71 81 342 179
car 0.0041 15 104 97 155
car 0.0038 -9 102 143 137
car 0.0036 93 93 186 139
car 0.0031 40 103 131 150
car 0.0029 107 99 151 125
car 0.0017 18 91 49 135
car 0.0016 75 99 174 156
car 0.0012 116 94 204 128
car 0.0012 -25 95 69 136
person 0.0571 24 98 59 141
person 0.0178 164 97 197 123
person 0.0035 141 99 187 124
person 0.0018 168 95 193 114
person 0.0011 118 105 162 131
person 0.0011 150 110 176 126
person 0.0010 96 97 190 158
person 0.0010 152 102 179 121
person 0.0010 125 109 156 126
