bottle 0.0063 443 330 499 375
bottle 0.0053 120 230 159 276
bottle 0.0021 96 213 143 266
bottle 0.0019 443 355 500 375
bottle 0.0010 422 356 481 375
chair 0.1281 0 217 206 387
chair 0.0390 72 231 264 367
chair 0.0331 197 182 374 369
chair 0.0258 7 301 89 375
chair 0.0206 349 179 472 361
chair 0.0123 0 263 25 383
chair 0.0120 0 303 52 373
chair 0.0085 471 257 499 391
chair 0.0067 76 329 194 379
chair 0.0066 -2 329 122 378
chair 0.0059 19 293 172 376
chair 0.0055 430 163 513 376
chair 0.0048 201 256 295 353
chair 0.0047 114 251 227 353
chair 0.0031 362 222 456 325
chair 0.0031 472 305 501 373
chair 0.0031 440 246 505 357
chair 0.0030 451 289 502 357
chair 0.0029 476 336 500 373
chair 0.0029 -1 257 60 388
chair 0.0028 476 324 501 357
chair 0.0027 11 242 99 363
chair 0.0026 228 258 350 351
chair 0.0019 11 330 78 375
chair 0.0017 354 264 436 383
chair 0.0017 -1 317 30 382
chair 0.0017 355 222 404 281
chair 0.0016 368 195 411 282
chair 0.0015 357 201 429 301
chair 0.0015 369 221 507 375
chair 0.0013 396 248 488 354
chair 0.0011 365 236 425 357
chair 0.0011 71 257 194 343
chair 0.0010 308 44 402 141
chair 0.0010 439 46 503 169
chair 0.0010 177 295 324 366
diningtable 0.0048 77 148 422 397
person 0.7849 -2 10 194 365
person 0.4903 380 43 495 322
person 0.1865 203 78 312 286
person 0.1217 10 183 188 368
person 0.0988 364 71 464 201
person 0.0417 357 124 469 368
person 0.0133 171 66 404 366
person 0.0119 -12 127 137 357
person 0.0100 432 50 508 325
person 0.0058 -4 151 272 395
person 0.0039 341 31 541 401
person 0.0039 -25 83 74 350
person 0.0038 0 169 23 333
person 0.0034 30 230 166 313
person 0.0032 390 62 475 154
person 0.0032 -5 35 133 281
person 0.0028 471 214 499 346
person 0.0026 381 113 477 188
person 0.0025 416 59 458 124
person 0.0023 58 38 364 336
person 0.0023 214 66 302 150
person 0.0023 182 129 326 351
person 0.0022 312 36 400 110
person 0.0022 356 132 466 239
person 0.0021 215 150 439 340
person 0.0019 254 71 300 140
person 0.0018 90 75 251 295
person 0.0017 132 71 295 242
person 0.0016 372 39 492 176
person 0.0015 399 142 459 190
person 0.0014 213 42 516 332
person 0.0012 475 86 499 215
person 0.0012 213 58 349 211
person 0.0011 316 65 413 136
person 0.0011 471 123 499 264
person 0.0011 140 119 287 309
person 0.0011 79 219 165 288
person 0.0010 283 61 369 136
pottedplant 0.0212 297 28 377 117
pottedplant 0.0019 308 36 363 97
pottedplant 0.0014 276 9 390 139
pottedplant 0.0012 296 40 334 116
pottedplant 0.0010 327 47 382 110
sofa 0.0101 -37 220 306 381
tvmonitor 0.4911 71 28 258 175
tvmonitor 0.0302 3 11 265 248
tvmonitor 0.0141 75 50 196 141
tvmonitor 0.0059 112 41 222 151
tvmonitor 0.0058 57 32 212 112
tvmonitor 0.0024 5 6 184 145
tvmonitor 0.0023 87 35 164 124
tvmonitor 0.0021 115 84 231 174
tvmonitor 0.0017 97 43 155 88
tvmonitor 0.0014 74 87 193 169
tvmonitor 0.0012 470 141 500 275
