bicycle 0.0013 85 139 174 438
car 0.0497 79 190 102 221
car 0.0246 67 188 92 211
car 0.0200 238 225 263 261
car 0.0075 168 186 187 224
car 0.0041 158 189 178 221
car 0.0019 57 183 75 216
car 0.0016 357 256 375 292
car 0.0010 199 182 219 212
chair 0.0014 262 162 345 257
chair 0.0011 353 152 375 290
chair 0.0010 309 118 367 286
person 0.4363 167 179 186 263
person 0.0757 159 184 181 263
person 0.0235 159 213 177 257
person 0.0149 186 180 200 220
person 0.0039 83 199 105 232
person 0.0025 -15 47 217 452
person 0.0020 201 170 220 205
person 0.0016 184 199 202 238
pottedplant 0.0082 299 75 365 199
pottedplant 0.0082 234 217 266 265
pottedplant 0.0047 298 122 364 234
pottedplant 0.0031 280 35 381 236
pottedplant 0.0010 328 108 387 240
train 0.0094 71 58 181 357
train 0.0043 55 10 261 413
train 0.0023 121 152 188 268
tvmonitor 0.0016 320 206 358 273
