bottle 0.0073 55 2 79 40
cat 0.5902 128 82 447 407
cat 0.1337 43 19 378 356
cat 0.0936 158 174 416 374
cat 0.0253 87 69 249 238
cat 0.0043 142 98 357 335
cat 0.0039 84 119 265 310
cat 0.0012 108 186 320 356
cat 0.0010 116 78 229 180
chair 0.0479 438 120 509 363
chair 0.0141 434 0 507 255
chair 0.0074 443 177 502 315
chair 0.0060 436 38 502 161
chair 0.0037 471 171 500 303
chair 0.0030 446 111 501 270
chair 0.0023 437 238 505 370
chair 0.0022 453 143 491 302
chair 0.0015 392 108 499 326
chair 0.0014 210 -7 442 103
chair 0.0014 471 113 500 217
chair 0.0013 8 110 100 203
chair 0.0011 471 226 499 363
chair 0.0010 412 212 497 320
person 0.1073 124 -17 451 336
person 0.0118 439 70 507 306
person 0.0101 0 151 24 267
person 0.0069 -9 123 124 310
person 0.0055 231 0 289 14
person 0.0050 -1 146 22 218
person 0.0044 198 -1 244 15
person 0.0041 0 158 18 203
person 0.0040 212 0 267 14
person 0.0039 24 150 67 236
person 0.0039 458 106 490 282
person 0.0031 275 -1 319 15
person 0.0027 470 102 499 256
person 0.0021 428 -27 512 173
person 0.0018 308 -1 363 15
person 0.0018 14 150 176 333
person 0.0016 292 -1 341 15
person 0.0014 348 0 401 17
person 0.0014 389 0 437 17
person 0.0013 -2 0 30 70
person 0.0011 5 157 46 231
person 0.0011 -1 181 20 322
person 0.0011 324 -1 388 15
person 0.0010 14 142 81 275
person 0.0010 189 36 385 277
sofa 0.0012 43 -6 456 266
tvmonitor 0.0191 0 9 54 62
tvmonitor 0.0119 47 -2 83 49
tvmonitor 0.0091 0 2 106 75
tvmonitor 0.0018 24 2 65 65
tvmonitor 0.0016 450 -2 500 43
tvmonitor 0.0015 -20 -14 131 114
tvmonitor 0.0012 -12 -6 74 55
tvmonitor 0.0011 472 2 500 67
tvmonitor 0.0011 56 76 112 115
