chair 0.0240 -2 157 122 315
chair 0.0028 7 196 112 288
horse 0.6729 258 111 467 268
horse 0.0017 288 148 439 241
person 0.8756 -2 94 105 295
person 0.2140 -7 86 66 256
person 0.0391 12 99 87 232
person 0.0057 0 129 23 265
person 0.0041 0 90 26 226
person 0.0040 20 77 154 257
person 0.0035 -67 78 183 305
person 0.0034 2 19 114 210
person 0.0027 4 144 169 289
person 0.0026 0 109 53 210
person 0.0020 23 86 63 133
person 0.0017 0 181 25 313
person 0.0014 0 59 24 157
person 0.0012 6 152 42 295
person 0.0010 4 95 54 145
