bottle 0.0476 189 43 300 270
bottle 0.0076 227 87 294 217
bottle 0.0067 398 105 469 213
bottle 0.0025 84 148 187 341
bottle 0.0024 200 48 281 156
bottle 0.0014 378 83 485 233
bottle 0.0011 211 293 233 330
bottle 0.0010 207 282 238 337
car 0.0012 445 126 497 206
chair 0.0605 -4 89 123 342
chair 0.0290 431 270 503 378
chair 0.0183 11 45 102 266
chair 0.0110 0 269 93 378
chair 0.0063 20 100 97 214
chair 0.0027 475 264 501 383
chair 0.0022 406 252 491 362
chair 0.0019 7 164 106 268
chair 0.0018 252 330 401 375
chair 0.0014 -1 66 63 205
chair 0.0013 153 114 341 317
chair 0.0012 403 301 499 370
chair 0.0010 -15 69 70 305
diningtable 0.0033 44 39 379 334
diningtable 0.0020 136 274 363 388
diningtable 0.0020 107 148 319 341
diningtable 0.0013 -14 77 206 353
diningtable 0.0012 103 -40 396 242
diningtable 0.0011 175 297 324 371
person 0.0104 68 18 431 356
person 0.0052 -5 -13 111 219
person 0.0041 395 108 461 224
person 0.0031 439 103 505 216
person 0.0023 -1 136 22 252
person 0.0022 -1 72 25 199
person 0.0016 16 15 87 131
person 0.0016 -2 181 127 358
person 0.0015 370 169 508 381
person 0.0013 450 75 510 187
person 0.0011 420 77 531 237
pottedplant 0.4689 108 113 187 218
pottedplant 0.0327 122 140 172 217
pottedplant 0.0304 129 3 290 204
pottedplant 0.0233 285 49 446 267
pottedplant 0.0178 108 122 215 181
pottedplant 0.0175 85 50 258 211
pottedplant 0.0168 374 101 449 212
pottedplant 0.0163 50 113 126 208
pottedplant 0.0113 102 90 178 184
pottedplant 0.0100 226 13 502 303
pottedplant 0.0095 296 110 376 222
pottedplant 0.0079 164 129 241 231
pottedplant 0.0069 11 85 166 291
pottedplant 0.0060 130 53 217 148
pottedplant 0.0058 335 78 474 240
pottedplant 0.0057 114 127 176 176
pottedplant 0.0053 317 89 415 175
pottedplant 0.0049 102 153 171 274
pottedplant 0.0047 82 120 189 311
pottedplant 0.0046 324 116 408 207
pottedplant 0.0034 117 152 205 232
pottedplant 0.0026 33 8 389 308
pottedplant 0.0025 174 80 264 181
pottedplant 0.0024 138 109 226 223
pottedplant 0.0021 242 32 412 225
pottedplant 0.0020 402 82 472 187
pottedplant 0.0018 56 83 135 180
pottedplant 0.0016 99 187 162 306
pottedplant 0.0016 124 137 162 162
pottedplant 0.0016 125 148 160 177
pottedplant 0.0016 93 117 252 259
pottedplant 0.0016 320 19 487 182
pottedplant 0.0015 166 50 257 153
pottedplant 0.0015 126 24 219 117
pottedplant 0.0014 83 132 165 227
pottedplant 0.0014 244 119 334 202
pottedplant 0.0014 199 63 377 252
pottedplant 0.0014 93 -4 253 151
pottedplant 0.0013 316 147 415 230
pottedplant 0.0012 280 99 353 204
pottedplant 0.0012 310 125 361 207
pottedplant 0.0011 101 129 148 200
pottedplant 0.0010 452 78 498 197
pottedplant 0.0010 325 107 464 169
pottedplant 0.0010 353 56 456 143
sofa 0.0046 72 61 426 369
tvmonitor 0.0011 0 128 61 259
