bottle 0.4766 239 212 300 359
bottle 0.0831 250 224 283 370
bottle 0.0411 51 184 74 223
bottle 0.0411 262 206 292 353
bottle 0.0347 46 189 76 250
bottle 0.0126 94 188 117 224
bottle 0.0124 93 260 119 333
bottle 0.0113 77 201 109 234
bottle 0.0103 98 198 119 238
bottle 0.0079 81 186 107 225
bottle 0.0071 40 185 64 221
bottle 0.0065 222 217 277 354
bottle 0.0061 111 198 131 236
bottle 0.0059 237 214 264 382
bottle 0.0048 229 217 320 425
bottle 0.0042 98 270 116 323
bottle 0.0037 197 164 295 407
bottle 0.0034 126 262 149 295
bottle 0.0033 254 188 282 293
bottle 0.0031 68 201 92 238
bottle 0.0030 86 179 122 229
bottle 0.0027 68 186 89 223
bottle 0.0027 98 290 116 342
bottle 0.0025 239 166 260 203
bottle 0.0020 103 479 141 501
bottle 0.0019 52 168 73 205
bottle 0.0017 97 264 119 298
bottle 0.0016 109 278 136 354
bottle 0.0015 112 274 133 319
bottle 0.0014 234 443 277 497
bottle 0.0014 18 181 109 261
bottle 0.0013 125 280 149 317
bottle 0.0013 95 282 121 386
bottle 0.0013 237 186 265 292
bottle 0.0012 108 188 132 222
bottle 0.0011 230 321 318 407
bottle 0.0010 0 442 44 494
bottle 0.0010 38 223 63 260
car 0.0017 339 206 368 231
car 0.0012 352 473 377 500
chair 0.0229 -1 229 71 327
chair 0.0030 108 439 210 502
chair 0.0029 -1 221 43 297
chair 0.0025 -2 403 83 487
chair 0.0025 0 202 18 352
chair 0.0022 305 343 374 436
chair 0.0016 151 173 284 388
chair 0.0014 7 437 121 497
chair 0.0013 19 201 121 301
chair 0.0013 119 356 206 457
chair 0.0012 77 365 298 514
chair 0.0012 179 275 253 382
chair 0.0012 5 205 64 277
chair 0.0011 73 245 187 338
diningtable 0.1028 -31 302 348 502
diningtable 0.0961 33 304 224 507
diningtable 0.0042 -23 365 170 505
diningtable 0.0029 39 246 219 419
diningtable 0.0023 30 440 169 501
diningtable 0.0014 48 283 154 366
diningtable 0.0013 -57 226 202 501
diningtable 0.0013 93 286 224 363
diningtable 0.0012 -12 260 157 470
motorbike 0.0061 114 320 319 499
person 0.8191 118 74 253 338
person 0.0071 32 25 285 322
person 0.0057 102 109 135 180
person 0.0046 2 234 371 494
person 0.0026 70 74 195 272
person 0.0022 -5 384 49 501
person 0.0021 134 354 234 455
person 0.0020 224 433 309 508
person 0.0020 119 111 156 176
person 0.0018 70 133 304 439
person 0.0018 145 81 229 195
person 0.0018 105 91 211 189
person 0.0014 95 60 225 232
person 0.0013 81 288 292 450
person 0.0011 126 122 149 165
person 0.0011 -1 376 16 486
person 0.0011 110 118 129 172
person 0.0010 -4 296 98 507
person 0.0010 162 429 283 510
pottedplant 0.0078 309 185 334 221
pottedplant 0.0020 302 177 339 225
tvmonitor 0.1739 281 200 382 380
tvmonitor 0.0359 290 179 334 224
tvmonitor 0.0268 27 3 113 104
tvmonitor 0.0194 0 -18 142 150
tvmonitor 0.0193 60 134 146 213
tvmonitor 0.0181 53 93 147 186
tvmonitor 0.0162 295 258 371 390
tvmonitor 0.0099 27 53 172 220
tvmonitor 0.0096 27 82 114 179
tvmonitor 0.0096 0 95 37 159
tvmonitor 0.0067 102 124 137 197
tvmonitor 0.0063 24 45 116 144
tvmonitor 0.0047 239 44 366 228
tvmonitor 0.0046 0 171 40 237
tvmonitor 0.0040 7 127 31 162
tvmonitor 0.0036 297 316 374 416
tvmonitor 0.0035 24 131 116 213
tvmonitor 0.0034 -6 79 150 269
tvmonitor 0.0030 263 216 336 351
tvmonitor 0.0026 261 76 344 196
tvmonitor 0.0022 258 177 348 244
tvmonitor 0.0022 2 159 81 259
tvmonitor 0.0021 86 117 157 206
tvmonitor 0.0017 228 89 319 185
tvmonitor 0.0015 -1 198 17 239
tvmonitor 0.0014 39 114 120 169
tvmonitor 0.0014 279 179 369 299
tvmonitor 0.0013 220 133 257 157
tvmonitor 0.0012 0 13 85 107
tvmonitor 0.0011 2 46 81 147
tvmonitor 0.0011 0 181 16 226
tvmonitor 0.0010 356 245 374 387
tvmonitor 0.0010 5 119 78 230
