bus 0.7365 17 179 249 311
bus 0.0121 74 -6 425 265
bus 0.0102 -31 112 454 318
bus 0.0067 40 210 223 291
bus 0.0028 48 151 293 281
bus 0.0018 152 35 347 223
bus 0.0016 167 197 242 293
bus 0.0015 138 167 281 324
bus 0.0014 159 178 262 254
car 0.1526 24 -21 398 280
car 0.0076 355 226 516 373
car 0.0072 132 2 367 201
chair 0.0067 378 144 508 347
chair 0.0014 0 293 20 383
chair 0.0011 396 197 491 295
chair 0.0010 311 188 497 360
diningtable 0.0010 88 170 565 375
person 0.0133 168 223 195 249
person 0.0053 180 193 221 253
person 0.0028 168 209 196 238
person 0.0016 160 199 204 251
person 0.0015 188 219 215 253
person 0.0014 187 205 215 239
person 0.0014 199 195 232 254
train 0.0036 -21 206 226 325
