aeroplane 0.0048 398 103 501 164
aeroplane 0.0012 379 87 485 134
aeroplane 0.0012 386 59 501 198
boat 0.0040 413 47 490 144
boat 0.0038 474 37 501 150
boat 0.0032 392 100 431 123
boat 0.0030 384 91 439 131
boat 0.0028 -3 29 25 130
bus 0.0090 470 68 500 177
bus 0.0019 -1 70 26 144
car 0.0715 478 163 501 191
car 0.0621 408 122 494 183
car 0.0612 393 109 432 131
car 0.0577 451 167 493 188
car 0.0466 445 122 493 175
car 0.0364 474 106 501 168
car 0.0217 52 113 81 136
car 0.0191 8 114 48 136
car 0.0181 474 150 499 183
car 0.0172 442 143 497 187
car 0.0171 471 136 502 193
car 0.0146 394 166 432 187
car 0.0144 412 156 451 180
car 0.0117 128 110 163 131
car 0.0117 284 104 318 135
car 0.0108 0 112 24 139
car 0.0093 405 109 455 130
car 0.0088 433 166 471 187
car 0.0082 436 126 468 151
car 0.0082 147 109 173 132
car 0.0082 389 158 440 179
car 0.0078 444 159 501 195
car 0.0068 402 145 462 184
car 0.0066 355 113 397 130
car 0.0060 378 108 415 129
car 0.0049 104 113 148 129
car 0.0037 0 93 21 125
car 0.0037 427 97 508 172
car 0.0037 409 166 454 186
car 0.0033 2 106 53 144
car 0.0030 457 130 484 169
car 0.0030 430 155 474 180
car 0.0030 450 154 490 182
car 0.0029 428 117 477 162
car 0.0028 48 157 157 199
car 0.0023 129 98 161 124
car 0.0023 294 107 332 133
car 0.0022 458 121 486 155
car 0.0017 204 105 244 167
car 0.0016 28 99 65 122
car 0.0016 451 109 494 131
car 0.0015 476 102 498 144
car 0.0014 443 93 501 148
car 0.0014 23 107 67 141
car 0.0014 397 102 463 136
car 0.0012 289 97 336 141
car 0.0012 103 128 139 152
car 0.0011 -2 98 27 148
car 0.0011 430 110 470 132
car 0.0011 86 112 121 131
car 0.0010 10 98 44 123
car 0.0010 369 105 494 166
chair 0.0041 206 106 241 133
person 0.9518 135 76 224 363
person 0.9205 297 121 414 363
person 0.7191 207 84 287 357
person 0.5961 9 114 41 160
person 0.3889 235 118 322 368
person 0.3817 169 68 249 369
person 0.3660 14 131 38 165
person 0.3181 95 132 120 162
person 0.1747 1 121 24 157
person 0.1706 436 119 473 184
person 0.0997 0 111 30 166
person 0.0539 30 113 60 135
person 0.0418 108 136 135 162
person 0.0402 58 87 288 346
person 0.0324 33 118 57 149
person 0.0286 76 104 93 136
person 0.0170 246 126 483 364
person 0.0167 296 88 375 293
person 0.0158 54 122 80 145
person 0.0110 142 144 215 286
person 0.0107 441 127 463 176
person 0.0060 223 172 283 312
person 0.0055 75 98 99 124
person 0.0055 477 126 498 174
person 0.0046 142 170 263 366
person 0.0039 297 179 367 308
person 0.0028 186 109 215 252
person 0.0028 149 97 215 233
person 0.0026 247 180 308 304
person 0.0026 130 81 369 352
person 0.0025 -7 114 65 159
person 0.0024 87 98 116 121
person 0.0020 102 132 141 170
person 0.0019 172 183 234 311
person 0.0018 314 151 398 283
person 0.0016 90 119 127 158
person 0.0014 76 135 100 162
person 0.0014 431 100 470 122
person 0.0012 134 86 224 172
person 0.0012 79 135 134 188
person 0.0012 207 117 273 252
person 0.0012 66 120 211 317
person 0.0012 182 146 243 287
person 0.0010 169 103 243 217
tvmonitor 0.0012 225 92 249 126
