aeroplane 0.0034 27 5 472 254
chair 0.0048 335 237 406 363
chair 0.0042 405 232 500 356
chair 0.0025 475 194 500 338
chair 0.0014 6 237 110 306
diningtable 0.0015 383 335 501 384
person 0.9186 411 126 489 369
person 0.8665 139 216 227 377
person 0.7902 334 130 411 371
person 0.4617 211 220 295 369
person 0.0277 421 197 482 349
person 0.0262 413 123 468 263
person 0.0228 201 183 230 261
person 0.0198 170 195 230 352
person 0.0182 234 172 321 373
person 0.0180 336 133 397 241
person 0.0107 274 121 392 370
person 0.0102 400 85 476 298
person 0.0085 195 139 308 353
person 0.0082 429 90 512 344
person 0.0080 260 194 289 283
person 0.0054 477 129 500 287
person 0.0053 410 142 454 216
person 0.0049 146 185 221 293
person 0.0043 346 117 457 325
person 0.0035 206 198 234 362
person 0.0034 217 187 294 309
person 0.0022 161 231 210 360
person 0.0020 343 135 398 196
person 0.0019 235 307 286 368
person 0.0018 430 133 466 197
person 0.0017 220 212 260 376
person 0.0016 247 187 314 309
person 0.0016 157 156 268 345
person 0.0015 -1 175 20 273
person 0.0015 324 128 560 363
person 0.0014 205 200 230 244
person 0.0014 208 216 229 257
person 0.0014 178 205 229 269
person 0.0014 358 213 423 348
person 0.0013 440 177 499 316
person 0.0013 398 195 427 308
person 0.0012 228 156 502 389
person 0.0012 258 201 299 333
person 0.0010 403 118 479 206
person 0.0010 160 194 206 282
person 0.0010 202 211 234 292
person 0.0010 240 206 280 271
train 0.0021 19 77 403 354
