aeroplane 0.2528 274 105 359 134
aeroplane 0.0238 29 167 393 377
aeroplane 0.0124 304 113 368 128
aeroplane 0.0088 271 108 328 130
aeroplane 0.0058 276 91 359 154
aeroplane 0.0041 122 151 531 395
aeroplane 0.0036 287 99 346 123
aeroplane 0.0021 269 101 323 120
aeroplane 0.0015 120 237 378 371
aeroplane 0.0010 270 90 397 130
aeroplane 0.0010 308 102 365 121
car 0.2827 -4 121 350 368
car 0.0142 36 135 233 349
car 0.0024 249 93 347 154
car 0.0013 -1 306 49 371
chair 0.0016 449 353 491 375
chair 0.0014 -11 250 56 362
chair 0.0010 -8 293 66 372
person 0.0493 329 326 460 375
person 0.0073 336 329 380 373
person 0.0057 386 310 498 369
person 0.0037 444 331 489 375
person 0.0022 431 326 474 377
person 0.0016 364 327 425 374
person 0.0010 440 336 466 374
person 0.0010 253 278 471 384
train 0.2314 0 88 345 346
train 0.0033 29 125 249 311
