chair 0.0057 443 213 499 347
chair 0.0053 0 221 21 368
chair 0.0016 474 210 501 350
cow 0.5041 265 208 376 283
cow 0.3621 80 207 120 271
cow 0.3118 142 212 179 270
cow 0.3058 395 207 436 263
cow 0.2338 121 210 165 270
cow 0.1681 209 194 380 298
cow 0.1667 223 206 330 271
cow 0.0955 453 213 500 261
cow 0.0327 81 216 182 271
cow 0.0198 107 211 144 267
cow 0.0162 243 214 313 263
cow 0.0128 378 197 447 255
cow 0.0115 328 205 382 274
cow 0.0105 293 215 341 282
cow 0.0047 67 220 144 277
cow 0.0031 232 220 284 279
cow 0.0019 358 209 389 266
cow 0.0018 438 214 519 285
cow 0.0014 400 205 483 283
cow 0.0013 267 223 324 274
cow 0.0011 227 227 348 308
cow 0.0010 268 195 384 252
horse 0.0067 125 219 196 280
person 0.0070 476 215 497 258
person 0.0059 0 215 21 347
person 0.0020 229 220 256 369
person 0.0020 230 210 259 290
person 0.0019 450 252 517 349
sheep 0.3155 4 204 52 248
sheep 0.0387 150 220 176 261
sheep 0.0348 399 214 428 258
sheep 0.0262 9 217 45 256
sheep 0.0176 90 213 116 263
sheep 0.0151 0 208 28 265
sheep 0.0120 2 217 22 256
sheep 0.0091 130 214 156 260
sheep 0.0082 1 206 22 240
sheep 0.0050 461 207 488 244
sheep 0.0047 76 215 103 261
sheep 0.0040 125 211 157 238
sheep 0.0033 288 208 345 269
sheep 0.0031 305 217 368 281
sheep 0.0031 405 208 449 266
sheep 0.0026 86 230 118 270
sheep 0.0021 113 218 137 260
sheep 0.0018 20 210 67 259
sheep 0.0010 431 214 475 262
