bottle 0.0066 415 238 494 384
bottle 0.0014 469 -9 502 57
bottle 0.0010 413 324 461 378
car 0.0084 376 56 413 73
car 0.0077 387 58 438 74
car 0.0025 455 51 489 73
car 0.0020 410 57 456 75
car 0.0017 6 54 51 72
car 0.0016 66 54 106 73
car 0.0013 431 56 471 75
car 0.0012 352 56 398 72
chair 0.0069 399 203 491 392
chair 0.0037 410 280 491 375
chair 0.0021 477 231 501 387
chair 0.0014 436 238 499 380
person 0.7209 70 6 428 369
person 0.3427 93 54 121 105
person 0.3113 437 46 505 328
person 0.3000 130 60 156 94
person 0.1649 389 71 505 358
person 0.0721 154 42 211 85
person 0.0586 164 33 209 73
person 0.0375 130 30 215 112
person 0.0302 439 -19 505 225
person 0.0281 110 62 137 93
person 0.0185 147 54 179 80
person 0.0173 279 31 526 343
person 0.0171 108 56 140 79
person 0.0143 173 34 218 89
person 0.0129 330 94 482 337
person 0.0120 183 34 213 68
person 0.0119 142 61 178 89
person 0.0116 135 54 185 96
person 0.0114 150 34 351 278
person 0.0094 476 7 499 150
person 0.0092 93 54 117 84
person 0.0072 454 109 495 250
person 0.0044 397 11 498 248
person 0.0043 137 29 223 76
person 0.0033 129 43 159 90
person 0.0030 471 120 499 238
person 0.0026 449 44 499 201
person 0.0023 54 74 75 110
person 0.0021 432 165 514 381
person 0.0020 99 10 247 134
person 0.0019 73 64 105 91
person 0.0018 237 104 417 329
person 0.0018 124 62 157 116
person 0.0017 448 38 498 118
person 0.0017 470 57 500 186
person 0.0016 477 206 500 354
person 0.0015 145 41 185 62
person 0.0014 440 144 501 291
person 0.0012 130 73 154 106
person 0.0010 153 40 266 106
person 0.0010 103 48 147 86
pottedplant 0.0107 196 -12 285 56
pottedplant 0.0039 142 0 185 19
pottedplant 0.0039 121 0 166 20
pottedplant 0.0035 22 0 72 18
pottedplant 0.0022 102 0 145 22
pottedplant 0.0021 160 0 201 19
pottedplant 0.0019 88 0 126 19
pottedplant 0.0018 47 -1 86 18
pottedplant 0.0014 230 -4 289 46
pottedplant 0.0011 5 0 51 17
