aeroplane 0.0510 -66 111 412 268
aeroplane 0.0029 58 145 290 278
chair 0.0012 386 237 498 297
chair 0.0011 263 142 467 278
chair 0.0011 384 212 500 272
motorbike 0.1070 -29 134 529 294
motorbike 0.0085 134 138 360 254
person 0.0088 163 142 415 278
person 0.0010 -29 35 299 293
person 0.0010 370 109 506 271
tvmonitor 0.0282 336 142 377 200
tvmonitor 0.0123 204 139 449 247
tvmonitor 0.0067 22 106 160 274
tvmonitor 0.0067 325 125 418 200
tvmonitor 0.0063 255 161 397 220
tvmonitor 0.0062 314 158 358 205
tvmonitor 0.0054 336 103 367 164
tvmonitor 0.0030 290 153 379 211
tvmonitor 0.0022 311 115 493 269
tvmonitor 0.0014 292 110 445 228
tvmonitor 0.0013 356 127 448 204
tvmonitor 0.0010 353 157 448 228
tvmonitor 0.0010 188 166 291 252
tvmonitor 0.0010 287 161 345 204
