car 0.0031 381 320 444 333
cow 0.3337 60 64 284 269
dog 0.3142 47 53 298 279
dog 0.0022 95 79 402 304
dog 0.0019 161 101 329 285
horse 0.0508 21 79 324 302
person 0.1682 75 -1 135 32
person 0.0441 308 315 363 333
person 0.0178 78 0 131 18
person 0.0067 328 316 381 332
person 0.0045 72 1 107 29
person 0.0039 101 0 141 18
person 0.0033 287 315 345 332
person 0.0032 104 3 138 28
person 0.0027 336 303 368 327
person 0.0025 24 -3 148 36
person 0.0023 317 304 357 329
person 0.0022 326 300 375 333
person 0.0018 72 158 109 238
person 0.0018 277 311 395 336
person 0.0011 79 -8 189 40
person 0.0010 271 318 323 333
person 0.0010 231 319 287 332
