bottle 0.0043 205 189 231 224
bottle 0.0043 479 123 500 151
bottle 0.0034 82 191 121 255
bottle 0.0034 449 264 494 321
bottle 0.0032 73 184 106 263
bottle 0.0025 420 206 442 245
bottle 0.0025 416 196 448 252
bottle 0.0023 195 181 238 232
bottle 0.0021 423 213 440 261
bottle 0.0013 206 21 229 51
bottle 0.0012 188 191 222 220
bottle 0.0012 270 24 292 55
bottle 0.0010 225 22 251 46
chair 0.2592 178 196 394 343
chair 0.1445 187 138 372 294
chair 0.0171 -13 210 212 347
chair 0.0107 257 146 337 245
chair 0.0095 399 170 498 261
chair 0.0092 1 265 96 352
chair 0.0085 111 187 168 235
chair 0.0082 402 154 501 223
chair 0.0069 136 192 282 355
chair 0.0068 77 254 199 345
chair 0.0059 434 189 501 283
chair 0.0056 170 225 249 326
chair 0.0051 476 179 501 296
chair 0.0050 50 241 297 353
chair 0.0046 202 239 448 364
chair 0.0041 202 254 305 350
chair 0.0040 157 238 348 364
chair 0.0037 158 258 257 350
chair 0.0037 136 174 188 215
chair 0.0033 252 185 343 260
chair 0.0031 222 193 351 289
chair 0.0030 -2 177 32 267
chair 0.0029 438 248 502 356
chair 0.0028 313 194 405 282
chair 0.0025 114 178 175 213
chair 0.0025 121 183 168 206
chair 0.0024 337 129 405 230
chair 0.0024 213 229 364 321
chair 0.0023 137 157 184 203
chair 0.0022 9 222 110 324
chair 0.0021 413 112 489 211
chair 0.0021 474 231 499 329
chair 0.0020 0 192 26 311
chair 0.0020 163 208 260 283
chair 0.0019 195 168 308 251
chair 0.0019 277 174 370 257
chair 0.0017 31 260 157 350
chair 0.0017 145 181 182 208
chair 0.0016 301 293 429 364
chair 0.0016 190 229 251 278
chair 0.0016 267 125 294 151
chair 0.0016 276 122 315 174
chair 0.0015 137 247 227 341
chair 0.0015 384 114 506 258
chair 0.0015 34 231 155 313
chair 0.0014 124 182 223 250
chair 0.0013 3 146 46 245
chair 0.0012 477 262 499 299
chair 0.0012 77 179 199 242
chair 0.0011 247 197 307 249
chair 0.0011 394 233 496 319
chair 0.0011 425 189 514 360
chair 0.0011 235 258 341 347
chair 0.0011 10 267 258 375
chair 0.0010 405 264 496 382
chair 0.0010 317 200 490 349
diningtable 0.0239 18 209 241 349
diningtable 0.0057 -12 138 281 350
diningtable 0.0050 380 230 503 376
diningtable 0.0029 106 196 221 273
diningtable 0.0015 50 185 296 311
diningtable 0.0012 259 268 471 379
person 0.7770 196 129 296 236
person 0.0302 177 124 330 300
person 0.0079 198 134 242 223
person 0.0047 223 148 341 234
person 0.0036 216 136 259 249
person 0.0026 195 18 212 54
person 0.0020 210 158 306 259
person 0.0011 187 126 263 210
person 0.0010 161 176 264 254
pottedplant 0.2100 35 137 144 228
pottedplant 0.0891 50 40 90 87
pottedplant 0.0698 11 145 97 243
pottedplant 0.0273 79 152 180 219
pottedplant 0.0149 54 138 85 164
pottedplant 0.0145 27 152 75 207
pottedplant 0.0134 45 168 82 250
pottedplant 0.0128 53 39 86 66
pottedplant 0.0122 5 150 189 276
pottedplant 0.0100 75 170 133 218
pottedplant 0.0097 68 158 106 259
pottedplant 0.0086 59 165 150 249
pottedplant 0.0073 86 181 125 206
pottedplant 0.0063 32 164 65 253
pottedplant 0.0054 53 62 86 91
pottedplant 0.0050 15 127 102 204
pottedplant 0.0050 62 141 102 161
pottedplant 0.0040 45 139 88 193
pottedplant 0.0037 -2 103 189 222
pottedplant 0.0033 50 132 92 172
pottedplant 0.0033 340 34 402 70
pottedplant 0.0029 74 145 139 190
pottedplant 0.0026 51 192 78 225
pottedplant 0.0023 82 142 128 160
pottedplant 0.0023 60 151 110 210
pottedplant 0.0023 103 152 145 207
pottedplant 0.0021 118 145 170 189
pottedplant 0.0020 32 162 64 195
pottedplant 0.0019 106 142 144 162
pottedplant 0.0019 128 153 162 182
pottedplant 0.0018 325 20 404 121
pottedplant 0.0017 29 198 76 251
pottedplant 0.0015 350 40 395 64
pottedplant 0.0014 421 66 449 91
pottedplant 0.0013 142 156 184 178
pottedplant 0.0012 51 148 80 179
pottedplant 0.0012 92 135 188 198
pottedplant 0.0011 365 27 411 76
pottedplant 0.0011 3 146 46 213
pottedplant 0.0011 37 189 59 226
pottedplant 0.0010 418 25 451 48
sofa 0.3626 188 148 377 343
sofa 0.0297 74 138 425 350
sofa 0.0021 25 145 246 283
tvmonitor 0.0295 4 155 41 259
tvmonitor 0.0239 450 100 491 147
tvmonitor 0.0195 340 87 407 186
tvmonitor 0.0156 -6 153 63 236
tvmonitor 0.0122 466 52 502 108
tvmonitor 0.0077 455 108 487 139
tvmonitor 0.0041 438 125 471 152
tvmonitor 0.0035 434 117 478 161
tvmonitor 0.0031 466 71 504 144
tvmonitor 0.0031 323 42 416 217
tvmonitor 0.0022 451 122 488 149
tvmonitor 0.0016 328 52 405 148
tvmonitor 0.0010 -2 144 29 216
