bottle 0.0144 211 43 231 86
bottle 0.0089 348 45 365 86
bottle 0.0036 136 163 157 197
bottle 0.0036 343 35 370 94
bottle 0.0010 224 52 251 80
car 0.0012 436 355 508 375
chair 0.2390 98 228 258 372
chair 0.1491 113 235 381 366
chair 0.0142 269 257 379 351
chair 0.0136 238 240 415 364
chair 0.0114 204 183 377 363
chair 0.0074 133 228 231 326
chair 0.0063 308 224 500 378
chair 0.0056 2 290 110 368
chair 0.0037 0 183 119 369
chair 0.0027 188 252 309 357
chair 0.0025 65 242 140 353
chair 0.0023 242 228 339 322
chair 0.0016 69 261 198 342
chair 0.0014 421 47 446 78
chair 0.0014 417 36 449 90
chair 0.0013 305 260 424 346
chair 0.0012 28 205 241 348
chair 0.0012 -20 262 138 389
chair 0.0011 15 222 103 330
chair 0.0011 352 256 457 347
chair 0.0010 5 231 183 365
diningtable 0.0097 302 188 507 358
diningtable 0.0091 48 223 450 379
diningtable 0.0039 192 204 537 399
diningtable 0.0020 -54 195 324 407
diningtable 0.0019 378 154 505 335
diningtable 0.0012 352 203 457 281
person 0.0024 361 120 390 151
pottedplant 0.0024 458 176 485 205
pottedplant 0.0014 345 62 365 91
pottedplant 0.0013 342 3 368 100
pottedplant 0.0010 453 166 489 215
tvmonitor 0.7539 177 66 313 196
tvmonitor 0.6717 325 86 416 189
tvmonitor 0.4321 137 74 212 184
tvmonitor 0.1281 12 80 158 238
tvmonitor 0.0340 351 103 444 207
tvmonitor 0.0302 175 81 267 175
tvmonitor 0.0287 33 109 146 194
tvmonitor 0.0196 136 104 185 195
tvmonitor 0.0185 350 101 399 174
tvmonitor 0.0173 2 259 93 360
tvmonitor 0.0154 87 90 199 182
tvmonitor 0.0100 230 83 337 171
tvmonitor 0.0078 331 104 384 170
tvmonitor 0.0065 198 123 319 205
tvmonitor 0.0061 0 8 112 77
tvmonitor 0.0059 47 71 208 200
tvmonitor 0.0041 10 -27 180 115
tvmonitor 0.0040 39 6 149 84
tvmonitor 0.0037 161 120 273 187
tvmonitor 0.0033 134 90 190 157
tvmonitor 0.0029 289 93 388 180
tvmonitor 0.0029 148 167 179 196
tvmonitor 0.0025 330 65 470 199
tvmonitor 0.0024 200 4 298 82
tvmonitor 0.0020 115 20 383 239
tvmonitor 0.0020 371 113 411 187
tvmonitor 0.0019 335 131 374 193
tvmonitor 0.0018 196 42 302 106
tvmonitor 0.0018 5 84 109 175
tvmonitor 0.0017 115 78 232 236
tvmonitor 0.0016 204 78 368 238
tvmonitor 0.0013 139 161 188 202
tvmonitor 0.0012 151 159 210 198
tvmonitor 0.0011 77 121 181 192
tvmonitor 0.0010 240 73 417 197
tvmonitor 0.0010 198 59 282 160
