bicycle 0.4514 26 9 472 322
bicycle 0.0102 87 134 257 303
bicycle 0.0062 143 58 355 275
bicycle 0.0015 26 109 319 324
bottle 0.2111 33 154 97 268
bottle 0.0184 236 2 270 110
bottle 0.0184 46 142 88 230
bottle 0.0074 22 63 105 273
bottle 0.0049 226 63 254 125
bottle 0.0025 226 5 261 85
bottle 0.0015 230 74 249 118
bottle 0.0015 203 -1 247 88
bottle 0.0014 35 126 104 221
bottle 0.0014 238 72 278 117
car 0.0048 325 2 414 79
car 0.0017 14 73 172 263
car 0.0014 351 0 455 76
car 0.0010 276 3 451 128
motorbike 0.6414 102 26 474 305
motorbike 0.0268 265 11 540 270
motorbike 0.0167 381 28 500 252
motorbike 0.0146 213 12 367 269
motorbike 0.0049 53 87 218 295
motorbike 0.0046 325 9 479 225
motorbike 0.0043 -1 22 272 310
motorbike 0.0031 19 -22 402 254
motorbike 0.0021 145 52 354 231
motorbike 0.0010 324 106 484 277
person 0.0438 235 -4 271 97
person 0.0132 203 -4 284 79
person 0.0117 250 0 324 81
person 0.0092 223 -9 356 189
person 0.0041 181 -3 257 92
person 0.0032 276 0 351 115
person 0.0023 147 301 173 330
person 0.0019 476 140 501 282
person 0.0019 357 0 394 18
person 0.0016 372 0 415 15
person 0.0015 389 0 437 13
person 0.0013 313 0 358 14
person 0.0012 476 33 501 157
person 0.0012 296 0 338 15
person 0.0012 174 1 320 129
pottedplant 0.0020 380 7 502 230
tvmonitor 0.0051 -8 -23 199 98
tvmonitor 0.0048 0 -8 134 47
tvmonitor 0.0042 36 0 151 68
tvmonitor 0.0014 2 1 108 74
