bottle 0.4859 36 158 111 410
bottle 0.0910 41 179 109 317
bottle 0.0606 50 232 105 401
bottle 0.0136 143 445 182 500
bottle 0.0102 -4 189 93 465
bottle 0.0095 42 189 147 462
bottle 0.0088 51 195 81 362
bottle 0.0078 67 174 119 332
bottle 0.0046 150 454 178 492
bottle 0.0040 118 439 212 504
bottle 0.0034 62 168 96 242
bottle 0.0025 145 470 184 502
bottle 0.0023 13 203 68 357
bottle 0.0022 76 178 110 260
bottle 0.0020 77 195 106 398
bottle 0.0015 61 193 95 366
bottle 0.0014 2 237 33 359
bottle 0.0014 56 285 97 387
bottle 0.0013 37 220 64 377
bottle 0.0011 148 410 180 493
bottle 0.0010 11 252 73 403
bottle 0.0010 58 166 126 271
chair 0.0033 271 256 379 474
chair 0.0028 241 202 363 454
chair 0.0014 0 238 20 393
chair 0.0012 293 381 374 500
chair 0.0010 63 440 196 501
diningtable 0.0034 78 371 296 514
diningtable 0.0030 0 267 375 535
diningtable 0.0023 121 318 309 484
diningtable 0.0015 64 399 194 493
diningtable 0.0012 118 439 257 506
person 0.9110 70 6 361 494
person 0.0208 127 66 303 433
person 0.0169 -18 89 278 485
person 0.0091 37 171 107 272
person 0.0031 238 154 365 425
person 0.0023 82 85 236 412
person 0.0020 7 142 93 372
person 0.0019 -5 221 91 506
person 0.0018 67 162 114 321
person 0.0013 -12 148 157 504
person 0.0011 25 179 77 319
person 0.0011 0 273 16 435
person 0.0010 -10 185 49 466
