bottle 0.0025 126 310 166 367
bus 0.0031 223 -8 352 36
cat 0.0147 2 103 192 336
chair 0.0031 253 265 473 387
chair 0.0017 302 293 420 374
chair 0.0016 219 303 357 371
chair 0.0011 17 77 39 112
cow 0.0019 21 148 239 341
horse 0.0111 -27 107 297 382
person 0.8007 308 109 502 376
person 0.0923 -34 106 228 383
person 0.0706 173 230 236 374
person 0.0442 167 96 486 394
person 0.0346 265 206 459 388
person 0.0135 147 238 218 365
person 0.0132 168 220 231 317
person 0.0081 433 110 512 382
person 0.0066 53 21 446 353
person 0.0045 144 225 355 376
person 0.0038 249 117 409 374
person 0.0032 129 283 217 378
person 0.0032 152 293 259 370
person 0.0025 478 160 499 314
person 0.0024 151 184 266 367
person 0.0020 474 242 499 376
person 0.0019 369 211 511 381
person 0.0015 121 264 296 381
person 0.0014 0 293 21 383
person 0.0013 0 133 422 413
person 0.0011 114 328 232 380
person 0.0011 475 114 499 245
person 0.0010 412 241 493 377
person 0.0010 36 179 232 371
person 0.0010 291 0 342 17
tvmonitor 0.0026 264 -13 387 33
