bus 0.0420 300 201 366 252
bus 0.0045 -7 94 353 370
bus 0.0033 36 202 154 271
bus 0.0014 -1 159 196 300
car 0.7785 -1 226 58 282
car 0.0971 6 234 93 286
car 0.0111 85 227 133 279
car 0.0098 0 223 22 259
car 0.0068 -1 207 101 270
car 0.0065 0 213 27 272
car 0.0028 9 225 42 255
car 0.0021 48 245 82 272
car 0.0018 311 214 360 243
car 0.0015 -43 225 67 286
car 0.0014 31 232 159 283
chair 0.0160 299 189 374 263
chair 0.0024 104 244 320 399
chair 0.0020 377 121 496 339
chair 0.0013 342 223 367 253
diningtable 0.0011 26 233 473 415
pottedplant 0.0713 85 216 133 270
pottedplant 0.0044 90 225 125 261
pottedplant 0.0010 89 214 124 243
train 0.0133 -4 51 350 352
train 0.0029 278 191 358 256
train 0.0010 73 106 272 295
tvmonitor 0.0028 370 82 505 323
