aeroplane 0.0024 230 193 421 344
boat 0.2383 238 176 421 325
boat 0.0092 307 204 417 293
boat 0.0060 273 201 382 297
bottle 0.0025 196 284 238 335
bottle 0.0015 191 293 216 326
bottle 0.0011 183 286 226 331
bottle 0.0010 230 302 285 346
chair 0.0053 237 175 272 269
chair 0.0052 220 204 263 263
chair 0.0010 245 203 268 242
person 0.8602 176 150 233 295
person 0.3582 253 163 336 324
person 0.1320 258 153 316 272
person 0.0594 230 128 255 201
person 0.0482 229 129 251 168
person 0.0172 224 155 263 261
person 0.0138 205 137 270 279
person 0.0079 195 144 242 274
person 0.0053 269 153 295 182
person 0.0044 265 153 301 206
person 0.0040 207 143 238 219
person 0.0037 187 133 221 256
person 0.0031 211 137 236 164
person 0.0028 189 202 217 244
person 0.0022 186 173 223 329
person 0.0021 228 141 294 274
person 0.0021 240 148 273 211
person 0.0021 212 144 234 184
person 0.0016 246 162 268 197
person 0.0013 212 158 231 202
person 0.0012 321 237 350 265
person 0.0011 215 196 362 341
person 0.0011 169 157 328 328
person 0.0010 283 160 307 195
