bus 0.0253 381 89 508 288
bus 0.0151 149 153 216 234
bus 0.0062 304 164 342 231
bus 0.0038 284 142 371 230
bus 0.0030 254 108 392 266
bus 0.0028 419 117 528 311
bus 0.0027 154 188 213 233
bus 0.0026 331 114 480 321
bus 0.0020 266 77 540 355
bus 0.0019 130 95 230 279
bus 0.0017 325 142 407 229
bus 0.0016 310 136 353 228
bus 0.0014 395 169 488 266
bus 0.0014 342 179 371 241
bus 0.0012 439 166 512 270
car 0.1832 160 213 198 235
car 0.1298 301 187 343 233
car 0.0587 304 208 336 231
car 0.0350 318 207 348 232
car 0.0167 146 215 186 235
car 0.0140 341 208 366 235
car 0.0122 474 255 499 283
car 0.0116 446 220 493 284
car 0.0112 475 213 501 290
car 0.0036 447 268 493 289
car 0.0029 311 201 352 238
car 0.0022 345 194 367 228
car 0.0016 440 268 466 293
car 0.0015 337 200 371 243
car 0.0015 444 257 498 298
car 0.0013 472 247 500 309
car 0.0012 439 251 464 282
car 0.0012 143 204 193 239
car 0.0012 478 230 500 274
car 0.0010 0 177 21 214
chair 0.0011 23 92 163 278
person 0.8858 384 184 442 324
person 0.0735 411 196 447 336
person 0.0623 384 204 413 329
person 0.0252 477 189 499 290
person 0.0082 400 194 463 301
person 0.0061 396 174 433 274
person 0.0052 483 197 498 251
person 0.0037 442 191 503 295
person 0.0033 402 182 428 205
person 0.0026 391 252 437 335
person 0.0023 265 184 292 212
person 0.0022 437 216 468 288
person 0.0016 397 245 428 284
person 0.0015 455 209 484 235
person 0.0014 458 194 480 228
person 0.0013 452 163 483 259
person 0.0013 381 200 483 341
person 0.0013 401 192 426 225
person 0.0012 478 132 501 258
person 0.0010 394 234 430 268
pottedplant 0.0043 242 208 272 271
pottedplant 0.0023 246 221 269 258
pottedplant 0.0020 241 215 272 318
pottedplant 0.0014 246 231 267 273
train 0.0058 18 18 154 237
train 0.0012 49 67 219 251
tvmonitor 0.0597 157 135 205 199
tvmonitor 0.0054 145 110 215 217
tvmonitor 0.0020 165 149 198 182
tvmonitor 0.0019 123 73 227 248
tvmonitor 0.0015 -2 279 22 367
