chair 0.3489 152 284 218 381
chair 0.1225 16 232 108 331
chair 0.0912 27 218 74 265
chair 0.0784 103 273 196 364
chair 0.0531 145 312 230 401
chair 0.0503 168 320 263 407
chair 0.0327 -2 240 39 322
chair 0.0286 83 280 163 356
chair 0.0263 20 209 83 307
chair 0.0263 143 320 286 492
chair 0.0200 94 270 181 327
chair 0.0169 110 316 201 398
chair 0.0154 -13 257 213 387
chair 0.0131 166 294 265 376
chair 0.0124 115 233 156 283
chair 0.0114 179 342 255 474
chair 0.0105 95 293 143 372
chair 0.0100 21 281 181 361
chair 0.0080 178 327 368 479
chair 0.0074 19 256 182 324
chair 0.0069 200 350 285 463
chair 0.0066 205 390 278 493
chair 0.0065 232 321 316 404
chair 0.0065 206 323 283 411
chair 0.0055 25 266 105 370
chair 0.0048 81 222 174 285
chair 0.0047 128 261 242 395
chair 0.0047 148 355 270 430
chair 0.0044 284 317 377 398
chair 0.0041 141 344 228 456
chair 0.0041 200 393 342 487
chair 0.0035 122 226 151 259
chair 0.0031 133 267 225 333
chair 0.0031 176 305 216 371
chair 0.0029 128 279 174 360
chair 0.0028 219 355 328 460
chair 0.0027 39 225 87 293
chair 0.0026 116 299 256 431
chair 0.0023 217 402 256 495
chair 0.0021 1 308 82 422
chair 0.0020 91 231 126 286
chair 0.0019 107 352 204 451
chair 0.0019 87 222 225 367
chair 0.0017 142 320 188 386
chair 0.0016 88 257 126 339
chair 0.0015 2 345 84 462
chair 0.0015 27 312 114 407
chair 0.0015 23 227 53 258
chair 0.0015 84 311 160 394
chair 0.0013 -4 251 46 391
chair 0.0013 231 278 372 436
chair 0.0012 107 227 139 255
chair 0.0011 135 238 163 272
chair 0.0011 44 285 213 441
chair 0.0011 145 278 184 356
chair 0.0010 2 399 73 485
chair 0.0010 211 277 279 378
chair 0.0010 -13 243 89 350
chair 0.0010 38 321 165 412
chair 0.0010 82 240 164 312
chair 0.0010 -16 304 100 495
chair 0.0010 183 318 208 352
diningtable 0.0232 20 370 239 504
diningtable 0.0117 95 324 275 478
diningtable 0.0042 51 294 380 509
diningtable 0.0019 70 383 190 489
diningtable 0.0018 -19 226 221 499
pottedplant 0.0133 158 48 231 122
pottedplant 0.0017 206 43 234 129
pottedplant 0.0016 149 19 227 104
pottedplant 0.0010 170 36 217 101
sofa 0.1570 -7 223 99 330
sofa 0.0295 2 256 97 376
sofa 0.0046 -10 246 93 471
tvmonitor 0.7208 285 240 360 346
tvmonitor 0.2772 293 243 330 315
tvmonitor 0.0123 298 255 346 332
tvmonitor 0.0118 334 255 378 339
tvmonitor 0.0040 270 230 377 408
tvmonitor 0.0014 321 250 360 342
tvmonitor 0.0014 275 269 345 371
tvmonitor 0.0011 290 212 370 305
