bicycle 0.0059 477 65 499 124
bird 0.0011 477 15 501 99
boat 0.0105 250 -4 295 43
boat 0.0056 161 57 199 105
boat 0.0022 259 3 290 33
boat 0.0021 237 -7 319 49
bottle 0.0606 251 -1 293 65
bottle 0.0083 54 259 74 292
bottle 0.0042 54 272 75 307
bottle 0.0029 46 264 78 313
bottle 0.0018 260 16 290 48
bottle 0.0018 50 249 76 276
bottle 0.0013 39 249 67 328
bottle 0.0012 165 43 198 101
car 0.0027 347 0 401 12
chair 0.3210 142 250 185 303
chair 0.3195 83 202 129 247
chair 0.0675 160 260 197 316
chair 0.0667 211 174 278 244
chair 0.0388 131 230 167 295
chair 0.0387 205 224 274 317
chair 0.0384 148 259 177 292
chair 0.0366 165 199 196 221
chair 0.0358 163 261 269 322
chair 0.0311 169 242 239 338
chair 0.0273 130 243 200 309
chair 0.0235 304 185 339 241
chair 0.0233 165 205 262 289
chair 0.0201 61 190 126 300
chair 0.0161 108 210 178 292
chair 0.0132 49 196 124 251
chair 0.0123 83 198 165 249
chair 0.0105 102 210 141 260
chair 0.0095 76 194 135 232
chair 0.0095 101 195 143 232
chair 0.0085 109 221 144 301
chair 0.0067 134 217 183 284
chair 0.0066 114 257 242 327
chair 0.0052 88 222 122 251
chair 0.0050 217 213 272 256
chair 0.0050 192 256 248 298
chair 0.0048 147 197 181 221
chair 0.0048 106 208 137 241
chair 0.0045 133 262 158 293
chair 0.0039 108 199 137 226
chair 0.0038 47 253 128 327
chair 0.0037 123 194 164 281
chair 0.0036 187 208 300 328
chair 0.0036 47 194 90 232
chair 0.0035 122 187 225 255
chair 0.0034 67 207 143 262
chair 0.0034 54 277 117 323
chair 0.0033 194 215 252 258
chair 0.0033 125 201 163 221
chair 0.0033 139 191 190 228
chair 0.0033 135 245 158 281
chair 0.0031 143 191 183 209
chair 0.0030 137 201 188 247
chair 0.0029 157 224 205 276
chair 0.0028 214 250 271 301
chair 0.0028 181 199 217 223
chair 0.0026 159 198 200 247
chair 0.0026 180 254 222 299
chair 0.0025 82 209 133 289
chair 0.0024 104 249 141 298
chair 0.0020 167 258 193 293
chair 0.0019 144 250 259 304
chair 0.0018 202 212 241 236
chair 0.0018 126 190 162 210
chair 0.0018 116 194 170 229
chair 0.0017 86 218 161 303
chair 0.0016 147 272 179 303
chair 0.0016 70 277 103 301
chair 0.0016 165 189 195 214
chair 0.0015 86 200 126 224
chair 0.0015 143 251 179 276
chair 0.0015 167 268 193 307
chair 0.0015 131 235 159 266
chair 0.0015 146 210 179 234
chair 0.0014 170 188 265 250
chair 0.0014 166 209 195 234
chair 0.0013 195 208 246 292
chair 0.0013 44 226 85 274
chair 0.0013 183 210 218 232
chair 0.0013 59 245 107 310
chair 0.0012 177 203 223 242
chair 0.0012 202 191 242 233
chair 0.0011 84 190 206 233
chair 0.0011 228 206 281 242
chair 0.0011 236 256 271 322
chair 0.0011 319 195 346 228
chair 0.0011 189 269 247 333
chair 0.0011 140 273 187 325
chair 0.0010 112 290 235 338
diningtable 0.2042 76 193 270 298
diningtable 0.0349 112 206 227 286
diningtable 0.0319 129 212 291 320
diningtable 0.0180 35 210 230 321
diningtable 0.0091 94 199 231 251
diningtable 0.0040 70 231 192 309
diningtable 0.0039 73 241 276 333
person 0.0028 481 74 500 117
person 0.0024 477 38 502 129
person 0.0012 435 85 461 113
pottedplant 0.0058 303 174 339 224
pottedplant 0.0034 305 175 335 200
pottedplant 0.0022 246 19 302 69
pottedplant 0.0016 39 241 67 313
pottedplant 0.0014 322 170 344 202
pottedplant 0.0014 301 147 339 202
pottedplant 0.0011 161 83 200 103
tvmonitor 0.0321 250 118 272 150
tvmonitor 0.0118 211 169 278 204
tvmonitor 0.0019 218 177 265 198
