bottle 0.0467 2 100 66 408
bottle 0.0167 21 109 110 398
bottle 0.0073 -9 129 45 437
bottle 0.0061 8 164 56 334
bottle 0.0012 43 134 95 289
chair 0.0717 46 100 122 390
chair 0.0441 61 126 111 286
chair 0.0206 81 155 150 257
chair 0.0120 63 227 117 357
chair 0.0079 41 154 104 245
chair 0.0072 6 24 71 327
chair 0.0065 109 147 167 268
chair 0.0053 77 113 205 304
chair 0.0049 52 126 137 243
chair 0.0049 102 116 180 243
chair 0.0047 18 50 112 300
chair 0.0037 0 235 123 400
chair 0.0035 13 273 114 372
chair 0.0024 -10 65 46 357
chair 0.0024 -1 227 42 405
chair 0.0019 0 144 19 333
chair 0.0017 9 97 57 247
chair 0.0014 20 320 109 400
chair 0.0014 -3 296 39 433
chair 0.0013 -9 173 42 476
chair 0.0012 57 34 173 247
chair 0.0012 20 185 63 372
chair 0.0010 62 135 100 235
diningtable 0.0613 8 54 273 443
diningtable 0.0197 50 87 182 271
diningtable 0.0029 -25 115 153 459
diningtable 0.0013 7 48 223 296
person 0.8268 78 12 305 487
person 0.0343 153 42 281 457
person 0.0036 161 3 273 262
person 0.0019 97 97 235 400
person 0.0017 46 -30 286 301
person 0.0012 -1 126 15 313
tvmonitor 0.0023 -1 182 19 331
tvmonitor 0.0012 -1 169 40 330
