boat 0.0010 12 11 179 190
bus 0.0155 371 90 409 156
bus 0.0050 417 103 484 143
bus 0.0043 340 95 487 146
bus 0.0014 387 97 437 145
car 0.0249 358 113 401 161
car 0.0155 362 122 392 155
car 0.0111 357 138 397 158
car 0.0106 375 121 405 154
car 0.0069 381 104 491 152
car 0.0066 374 135 408 159
car 0.0017 378 106 405 142
car 0.0016 -2 142 59 189
car 0.0011 396 111 430 137
car 0.0011 429 113 476 138
cow 0.0036 16 146 122 181
person 0.0024 5 0 49 15
person 0.0019 145 116 296 309
person 0.0017 -2 -1 28 18
pottedplant 0.0021 206 271 239 294
pottedplant 0.0021 204 231 241 304
sheep 0.6874 202 114 359 275
sheep 0.0285 187 127 316 197
sheep 0.0261 149 104 356 219
sheep 0.0180 233 130 335 248
sheep 0.0164 210 111 233 135
sheep 0.0085 48 145 116 180
sheep 0.0067 203 113 249 160
sheep 0.0062 268 89 372 291
sheep 0.0051 168 115 265 203
sheep 0.0050 233 100 345 168
sheep 0.0043 207 119 238 148
sheep 0.0043 199 96 300 167
sheep 0.0037 33 153 99 174
sheep 0.0026 284 129 363 250
sheep 0.0023 162 111 413 320
sheep 0.0022 24 151 68 176
sheep 0.0018 198 155 302 276
sheep 0.0018 278 115 376 200
sheep 0.0016 192 70 385 193
sheep 0.0015 154 105 285 276
sheep 0.0011 179 107 265 168
train 0.0026 -5 182 202 309
train 0.0021 271 73 384 132
train 0.0016 229 77 348 126
