bottle 0.3533 103 313 229 493
bottle 0.0445 123 212 218 449
bottle 0.0356 126 7 203 101
bottle 0.0139 202 451 216 496
bottle 0.0112 113 320 217 416
bottle 0.0097 131 328 203 482
bottle 0.0087 135 272 205 382
bottle 0.0086 113 -20 219 146
bottle 0.0065 135 239 199 344
bottle 0.0031 156 300 227 430
bottle 0.0027 4 271 121 478
bottle 0.0025 5 341 74 474
bottle 0.0025 22 307 98 421
bottle 0.0017 29 330 98 477
bottle 0.0015 196 442 221 496
bottle 0.0011 52 316 125 408
chair 0.0098 121 438 210 502
chair 0.0070 83 294 204 502
chair 0.0038 130 310 304 488
chair 0.0018 201 303 330 491
chair 0.0014 75 348 148 461
chair 0.0012 106 333 172 469
chair 0.0011 249 237 337 488
chair 0.0011 101 58 227 286
chair 0.0010 9 119 120 379
diningtable 0.0242 29 91 302 484
diningtable 0.0072 54 295 278 509
diningtable 0.0035 73 226 361 501
diningtable 0.0033 15 301 160 497
diningtable 0.0013 -29 280 208 523
diningtable 0.0012 11 395 115 486
person 0.0790 52 5 331 339
person 0.0093 2 308 128 491
person 0.0044 135 15 300 255
person 0.0043 206 -4 330 277
person 0.0033 183 -38 352 384
person 0.0031 181 -1 216 20
person 0.0030 0 63 74 361
person 0.0022 256 69 331 351
person 0.0022 -6 40 42 384
person 0.0019 78 95 305 481
person 0.0018 0 317 15 469
person 0.0016 171 -22 315 143
person 0.0014 -1 357 42 470
person 0.0014 -6 -28 237 372
person 0.0010 222 -6 315 58
pottedplant 0.0057 156 0 190 21
pottedplant 0.0055 168 -2 199 21
pottedplant 0.0048 127 -6 205 64
pottedplant 0.0013 149 -18 222 36
sofa 0.0091 5 49 275 371
tvmonitor 0.0022 0 3 14 167
tvmonitor 0.0016 34 156 139 411
