aeroplane 0.0187 54 130 115 175
aeroplane 0.0102 65 184 100 209
aeroplane 0.0053 40 133 150 184
aeroplane 0.0049 23 169 71 190
aeroplane 0.0032 51 155 87 179
aeroplane 0.0030 66 151 103 178
aeroplane 0.0025 83 302 126 324
aeroplane 0.0022 40 159 100 201
aeroplane 0.0021 19 161 78 197
aeroplane 0.0019 23 132 111 197
aeroplane 0.0017 60 130 188 201
aeroplane 0.0015 47 167 91 190
aeroplane 0.0013 65 167 102 196
aeroplane 0.0011 45 143 95 188
aeroplane 0.0011 68 136 135 171
bird 0.1986 205 137 295 227
bird 0.0415 200 129 382 301
bird 0.0106 211 132 263 172
bird 0.0081 178 110 475 378
bird 0.0071 57 159 111 202
bird 0.0057 411 274 493 349
bird 0.0041 194 170 307 257
bird 0.0034 156 135 261 196
bird 0.0025 195 132 245 171
bird 0.0024 228 128 337 234
bird 0.0019 166 146 331 344
bird 0.0017 36 118 228 262
bird 0.0014 316 209 411 285
bird 0.0014 173 151 271 238
bird 0.0013 268 163 378 270
bird 0.0012 193 128 289 176
bird 0.0011 167 109 335 219
bird 0.0010 209 183 266 235
bird 0.0010 60 131 201 196
boat 0.0010 168 346 311 383
