car 0.0042 413 73 444 94
motorbike 0.8692 284 109 467 213
motorbike 0.5545 138 78 267 203
motorbike 0.4470 40 102 165 169
motorbike 0.3479 30 83 224 188
motorbike 0.3231 88 62 164 161
motorbike 0.0786 165 81 257 158
motorbike 0.0393 200 99 287 182
motorbike 0.0393 119 104 239 183
motorbike 0.0196 116 79 228 144
motorbike 0.0162 88 60 261 170
motorbike 0.0129 166 116 275 197
motorbike 0.0098 175 85 318 192
motorbike 0.0058 293 141 438 229
motorbike 0.0052 280 130 395 203
motorbike 0.0032 49 47 372 230
motorbike 0.0029 223 63 507 216
motorbike 0.0015 15 107 109 170
motorbike 0.0014 244 79 418 200
motorbike 0.0013 85 122 182 199
motorbike 0.0012 96 90 188 173
person 0.5862 333 87 453 201
person 0.3428 366 84 456 157
person 0.3193 102 53 164 136
person 0.2572 302 49 335 97
person 0.1776 146 62 185 123
person 0.1332 111 70 143 93
person 0.1167 128 66 157 94
person 0.0867 61 69 154 149
person 0.0757 187 76 256 159
person 0.0492 150 66 181 96
person 0.0378 208 84 268 129
person 0.0334 147 61 183 83
person 0.0308 165 60 192 86
person 0.0295 194 83 246 134
person 0.0248 321 57 345 84
person 0.0155 158 60 195 104
person 0.0148 137 80 182 130
person 0.0132 128 61 159 83
person 0.0078 89 67 131 122
person 0.0077 120 78 170 134
person 0.0050 122 58 206 127
person 0.0036 74 93 137 149
person 0.0033 153 75 179 111
person 0.0030 382 76 447 116
person 0.0030 183 92 231 145
person 0.0029 222 84 263 107
person 0.0025 316 83 413 157
person 0.0023 238 86 272 106
person 0.0022 156 76 202 138
person 0.0019 112 77 140 111
person 0.0018 176 78 231 117
person 0.0018 126 78 160 109
person 0.0016 321 110 431 182
person 0.0015 369 98 419 167
person 0.0014 167 75 191 110
person 0.0014 289 62 440 177
person 0.0014 477 114 500 201
person 0.0013 121 57 168 86
person 0.0013 200 86 238 109
person 0.0013 94 70 122 95
person 0.0013 85 39 181 151
person 0.0012 76 62 173 106
person 0.0012 185 85 221 108
person 0.0012 203 65 295 122
person 0.0012 111 62 143 84
person 0.0011 110 89 140 123
person 0.0011 146 91 176 120
person 0.0010 369 82 423 137
