bicycle 0.0064 86 363 289 508
bicycle 0.0026 75 207 357 520
bottle 0.0027 361 225 374 292
bottle 0.0026 358 189 375 290
bottle 0.0018 223 55 251 87
bottle 0.0013 226 68 248 99
bottle 0.0011 209 55 237 85
bottle 0.0010 1 154 13 208
bottle 0.0010 345 239 363 287
chair 0.0206 277 305 375 500
chair 0.0194 3 257 131 469
chair 0.0082 273 193 378 461
chair 0.0071 42 440 147 500
chair 0.0060 295 381 367 500
chair 0.0058 54 357 147 452
chair 0.0050 0 181 102 394
chair 0.0044 291 143 357 292
chair 0.0040 17 414 141 493
chair 0.0033 19 310 122 424
chair 0.0033 30 317 169 481
chair 0.0030 327 335 378 472
chair 0.0028 3 346 79 462
chair 0.0021 112 325 318 480
chair 0.0020 358 139 375 301
chair 0.0018 -4 297 93 500
chair 0.0018 7 120 88 207
chair 0.0018 276 353 344 461
chair 0.0016 58 314 144 421
chair 0.0016 354 330 374 495
chair 0.0015 -14 370 156 497
chair 0.0015 294 265 369 391
chair 0.0014 114 442 199 505
chair 0.0014 85 400 172 496
chair 0.0013 91 340 167 470
chair 0.0012 91 307 168 422
chair 0.0012 28 343 116 464
chair 0.0012 168 382 265 501
chair 0.0012 199 242 275 318
chair 0.0010 195 439 295 504
chair 0.0010 311 250 394 483
chair 0.0010 322 397 392 495
chair 0.0010 119 348 197 464
person 0.0053 359 215 376 337
person 0.0045 359 249 374 304
person 0.0031 332 254 349 297
person 0.0020 252 54 281 86
person 0.0013 183 46 205 91
person 0.0011 32 74 96 214
person 0.0010 341 256 362 293
pottedplant 0.0025 126 186 146 224
pottedplant 0.0015 124 204 145 233
pottedplant 0.0012 190 37 225 61
pottedplant 0.0011 182 46 234 89
train 0.0011 66 159 366 495
tvmonitor 0.4298 150 74 296 208
tvmonitor 0.2605 190 97 289 192
tvmonitor 0.2177 25 205 103 293
tvmonitor 0.0518 293 141 363 294
tvmonitor 0.0452 8 173 124 400
tvmonitor 0.0317 174 112 269 216
tvmonitor 0.0264 9 58 88 154
tvmonitor 0.0156 301 82 368 182
tvmonitor 0.0128 26 74 105 179
tvmonitor 0.0103 225 90 318 184
tvmonitor 0.0089 107 210 144 306
tvmonitor 0.0076 14 38 56 100
tvmonitor 0.0065 0 44 99 225
tvmonitor 0.0054 194 245 297 324
tvmonitor 0.0050 271 364 347 460
tvmonitor 0.0049 265 202 345 301
tvmonitor 0.0040 263 89 347 184
tvmonitor 0.0035 200 67 343 214
tvmonitor 0.0029 242 65 369 285
tvmonitor 0.0027 156 91 235 197
tvmonitor 0.0026 238 152 370 343
tvmonitor 0.0022 200 356 270 469
tvmonitor 0.0022 304 222 343 301
tvmonitor 0.0021 4 6 79 112
tvmonitor 0.0021 291 32 371 243
tvmonitor 0.0019 9 217 86 349
tvmonitor 0.0018 288 83 328 170
tvmonitor 0.0018 110 43 322 301
tvmonitor 0.0016 215 108 262 182
tvmonitor 0.0015 25 21 117 101
tvmonitor 0.0014 295 226 365 338
tvmonitor 0.0013 268 118 340 231
tvmonitor 0.0011 301 105 347 176
tvmonitor 0.0010 28 70 75 141
