bird 0.0034 285 84 308 117
bus 0.0014 63 153 91 252
car 0.2972 219 208 376 370
car 0.0238 285 215 383 292
car 0.0149 321 213 377 261
car 0.0091 295 220 323 254
car 0.0067 285 228 373 351
car 0.0067 259 175 393 339
car 0.0050 287 182 375 248
car 0.0035 273 210 373 264
car 0.0023 70 203 87 245
car 0.0022 325 224 383 339
car 0.0014 294 193 325 254
car 0.0013 19 285 49 310
car 0.0012 330 211 374 308
car 0.0012 316 223 359 253
car 0.0010 64 169 90 273
chair 0.0053 62 121 100 202
dog 0.0035 183 329 319 415
person 0.0030 70 234 85 279
person 0.0013 70 215 84 264
pottedplant 0.0235 1 234 39 326
pottedplant 0.0052 168 296 189 331
pottedplant 0.0045 137 285 164 314
pottedplant 0.0030 149 48 224 147
pottedplant 0.0027 5 285 36 317
pottedplant 0.0020 129 288 173 340
pottedplant 0.0018 0 252 21 341
pottedplant 0.0018 134 297 168 329
pottedplant 0.0017 9 130 77 221
pottedplant 0.0016 150 299 181 332
pottedplant 0.0016 163 286 193 343
pottedplant 0.0015 145 290 186 343
pottedplant 0.0013 109 284 190 347
pottedplant 0.0012 117 166 198 259
pottedplant 0.0011 149 77 221 187
pottedplant 0.0011 97 295 203 377
pottedplant 0.0010 130 273 170 323
pottedplant 0.0010 116 215 197 300
train 0.0466 161 207 387 361
train 0.0151 106 93 382 406
train 0.0040 225 183 318 249
train 0.0038 211 144 391 293
train 0.0031 89 216 170 299
train 0.0030 60 212 371 440
train 0.0025 157 245 335 403
train 0.0019 84 251 174 327
train 0.0016 200 207 289 295
train 0.0016 197 172 291 247
train 0.0016 108 289 206 369
train 0.0013 -2 203 72 316
train 0.0011 77 247 238 407
train 0.0010 227 202 273 247
tvmonitor 0.0110 -3 204 50 316
