aeroplane 0.4126 184 251 222 320
aeroplane 0.3851 85 206 134 268
aeroplane 0.3617 209 146 263 208
aeroplane 0.0630 185 286 219 314
aeroplane 0.0556 188 263 215 309
aeroplane 0.0533 296 55 421 145
aeroplane 0.0285 206 149 284 230
aeroplane 0.0276 343 292 371 316
aeroplane 0.0259 89 218 126 257
aeroplane 0.0234 39 303 90 325
aeroplane 0.0153 229 298 342 347
aeroplane 0.0147 43 287 88 319
aeroplane 0.0099 218 158 258 197
aeroplane 0.0086 217 177 258 212
aeroplane 0.0081 181 248 242 335
aeroplane 0.0081 217 196 257 218
aeroplane 0.0041 177 228 219 288
aeroplane 0.0039 184 249 212 294
aeroplane 0.0021 203 161 248 222
aeroplane 0.0021 39 271 172 333
aeroplane 0.0018 339 280 377 326
aeroplane 0.0013 183 241 212 275
aeroplane 0.0012 163 219 243 297
aeroplane 0.0011 138 242 228 329
bird 0.6354 325 29 424 135
bird 0.5111 397 208 472 302
bird 0.4541 101 45 169 112
bird 0.4464 79 192 128 257
bird 0.3577 26 269 106 329
bird 0.0824 44 321 134 377
bird 0.0773 56 340 121 386
bird 0.0604 232 314 278 353
bird 0.0574 16 291 113 351
bird 0.0338 32 294 97 335
bird 0.0303 86 202 121 247
bird 0.0103 320 84 426 143
bird 0.0099 32 286 69 321
bird 0.0095 341 73 412 129
bird 0.0087 223 313 336 351
bird 0.0080 89 200 149 251
bird 0.0077 398 216 437 295
bird 0.0065 106 50 139 88
bird 0.0048 62 352 110 381
bird 0.0044 343 216 447 296
bird 0.0035 118 69 166 98
bird 0.0033 120 71 166 124
bird 0.0027 87 193 118 229
bird 0.0026 46 284 115 324
bird 0.0026 87 209 132 301
bird 0.0025 106 65 146 100
bird 0.0024 103 12 173 95
bird 0.0022 200 -34 529 189
bird 0.0021 345 13 400 59
bird 0.0020 78 198 173 271
bird 0.0019 70 179 144 244
bird 0.0018 268 311 328 329
bird 0.0017 119 56 163 88
bird 0.0017 340 188 485 333
bird 0.0016 57 305 111 326
bird 0.0015 241 333 273 359
bird 0.0015 96 34 147 79
bird 0.0013 364 87 420 139
bird 0.0013 339 9 374 64
bird 0.0012 350 90 401 113
bird 0.0012 101 43 143 68
bird 0.0012 20 262 159 393
bird 0.0012 350 19 404 119
bird 0.0011 411 252 448 289
bird 0.0011 8 231 117 360
bird 0.0011 23 314 113 391
bird 0.0010 106 59 152 135
bird 0.0010 126 82 160 114
bird 0.0010 73 28 197 182
