car 0.0109 -1 149 32 207
car 0.0030 0 158 25 196
car 0.0021 1 131 52 199
car 0.0012 1 144 24 185
chair 0.1013 436 193 502 294
chair 0.0097 446 232 500 319
chair 0.0093 470 193 499 332
chair 0.0082 477 243 500 335
chair 0.0034 424 163 516 320
chair 0.0029 480 269 500 310
chair 0.0021 439 254 470 332
chair 0.0019 177 235 243 355
chair 0.0010 0 69 96 168
person 0.9553 69 127 181 355
person 0.9218 164 141 257 352
person 0.8963 298 127 367 365
person 0.8853 350 112 444 384
person 0.6743 327 126 409 367
person 0.6678 250 152 323 385
person 0.6358 220 139 294 356
person 0.1073 253 137 294 246
person 0.0412 125 144 228 345
person 0.0258 294 149 377 264
person 0.0166 -5 97 198 387
person 0.0156 365 109 439 210
person 0.0150 168 148 244 226
person 0.0103 244 151 308 277
person 0.0089 245 236 317 358
person 0.0074 269 192 331 363
person 0.0068 182 146 256 268
person 0.0056 299 145 342 213
person 0.0054 142 129 179 199
person 0.0050 336 195 395 341
person 0.0048 248 144 282 214
person 0.0046 96 203 164 341
person 0.0042 218 139 289 231
person 0.0042 292 111 514 374
person 0.0038 84 159 174 272
person 0.0036 360 200 435 341
person 0.0035 180 220 261 337
person 0.0033 240 193 278 335
person 0.0032 287 187 351 341
person 0.0031 255 132 292 201
person 0.0030 202 106 451 379
person 0.0027 189 150 218 178
person 0.0026 256 162 294 337
person 0.0024 168 171 242 298
person 0.0023 203 153 235 177
person 0.0023 68 151 355 334
person 0.0022 134 195 165 332
person 0.0018 146 190 175 311
person 0.0018 142 158 215 268
person 0.0017 194 154 248 205
person 0.0017 242 147 310 215
person 0.0017 -1 157 30 223
person 0.0016 386 164 495 371
person 0.0016 182 148 226 210
person 0.0015 32 208 172 377
person 0.0015 296 176 329 324
person 0.0015 283 181 316 347
person 0.0014 247 151 279 289
person 0.0014 0 201 25 325
person 0.0014 356 154 441 273
person 0.0014 296 160 337 251
person 0.0013 302 107 431 272
person 0.0013 347 86 453 246
person 0.0013 163 255 203 357
person 0.0013 262 155 329 287
person 0.0012 252 145 340 239
person 0.0011 323 139 408 237
person 0.0011 250 158 275 194
person 0.0011 277 172 319 270
person 0.0011 440 295 470 345
person 0.0011 301 219 438 362
person 0.0010 146 219 216 325
person 0.0010 198 183 277 316
pottedplant 0.1255 22 126 102 354
pottedplant 0.0462 25 175 87 309
pottedplant 0.0405 10 138 87 238
pottedplant 0.0261 5 98 100 277
pottedplant 0.0177 5 20 92 114
pottedplant 0.0144 -5 -8 108 148
pottedplant 0.0102 -14 104 68 323
pottedplant 0.0077 12 216 79 338
pottedplant 0.0072 0 161 27 252
pottedplant 0.0070 5 160 47 223
pottedplant 0.0066 -3 182 58 302
pottedplant 0.0064 440 270 470 341
pottedplant 0.0056 29 154 104 258
pottedplant 0.0055 -6 1 68 98
pottedplant 0.0054 -2 49 32 106
pottedplant 0.0053 35 162 93 221
pottedplant 0.0036 46 210 79 315
pottedplant 0.0030 30 192 75 276
pottedplant 0.0025 164 47 336 208
pottedplant 0.0022 23 163 75 247
pottedplant 0.0021 2 23 49 106
pottedplant 0.0019 -33 177 73 363
pottedplant 0.0018 167 127 255 197
pottedplant 0.0018 -2 39 27 145
pottedplant 0.0017 -27 -25 71 169
pottedplant 0.0016 199 86 299 171
pottedplant 0.0015 441 172 501 271
pottedplant 0.0014 22 132 74 196
pottedplant 0.0012 3 228 46 297
pottedplant 0.0012 0 186 22 226
pottedplant 0.0011 42 176 84 265
pottedplant 0.0011 32 234 70 350
pottedplant 0.0011 26 5 103 95
pottedplant 0.0011 4 59 100 145
pottedplant 0.0010 3 43 45 141
tvmonitor 0.0015 8 81 97 179
