bottle 0.2617 281 246 350 497
bottle 0.0159 281 379 351 508
bottle 0.0092 216 298 359 503
bottle 0.0027 294 252 348 407
bottle 0.0018 137 390 219 493
bottle 0.0018 229 397 346 492
bottle 0.0017 263 335 353 454
bottle 0.0016 303 288 335 422
bottle 0.0011 148 409 190 462
bottle 0.0011 141 349 211 470
chair 0.0012 160 392 245 488
diningtable 0.0063 -12 233 313 492
diningtable 0.0024 53 368 245 507
diningtable 0.0013 33 321 212 482
diningtable 0.0012 -21 340 322 540
diningtable 0.0010 97 391 204 490
person 0.8693 32 33 323 466
person 0.1513 7 157 238 494
person 0.0129 159 31 359 467
person 0.0078 126 69 284 429
person 0.0071 75 83 226 413
person 0.0035 280 68 347 428
person 0.0023 14 144 126 433
person 0.0018 232 51 343 370
person 0.0017 -15 14 207 408
person 0.0012 339 298 356 487
person 0.0010 103 192 252 455
tvmonitor 0.0010 269 441 345 501
