bird 0.0192 151 288 330 425
bird 0.0046 130 211 298 382
bird 0.0043 63 403 92 429
bird 0.0018 224 289 324 379
bird 0.0017 136 97 297 326
bird 0.0015 164 250 265 346
bird 0.0014 79 148 353 426
cat 0.0941 122 267 300 399
cat 0.0110 112 297 211 371
cat 0.0033 86 290 232 443
cat 0.0021 54 65 319 433
cat 0.0010 154 301 263 409
pottedplant 0.0129 91 74 398 422
pottedplant 0.0032 238 71 367 349
pottedplant 0.0029 273 110 390 393
pottedplant 0.0026 18 -18 355 365
pottedplant 0.0022 178 61 312 360
pottedplant 0.0017 356 235 375 360
pottedplant 0.0014 355 130 375 273
pottedplant 0.0014 329 104 389 245
pottedplant 0.0013 307 259 369 375
