bird 0.0014 327 135 497 186
boat 0.2083 -11 19 356 261
boat 0.0267 140 65 282 265
boat 0.0231 340 138 464 188
boat 0.0122 31 61 467 320
boat 0.0110 52 51 293 229
boat 0.0053 183 97 313 283
boat 0.0049 348 176 399 191
boat 0.0040 216 111 289 217
boat 0.0033 2 59 187 274
boat 0.0029 133 180 272 240
boat 0.0028 118 140 301 289
boat 0.0028 171 121 258 207
boat 0.0025 243 133 338 202
boat 0.0025 239 159 340 226
boat 0.0025 329 149 375 191
boat 0.0024 296 165 452 202
boat 0.0018 203 181 292 253
boat 0.0018 309 116 492 215
boat 0.0018 336 174 374 191
boat 0.0018 198 123 380 258
boat 0.0017 374 161 411 182
boat 0.0017 121 105 226 178
boat 0.0016 347 149 399 192
boat 0.0015 370 176 417 191
boat 0.0014 155 214 269 274
boat 0.0012 321 145 428 197
boat 0.0012 241 116 274 230
boat 0.0012 163 153 261 231
boat 0.0010 360 138 424 182
bottle 0.0011 270 144 460 290
chair 0.0015 0 178 59 294
chair 0.0010 444 155 494 194
diningtable 0.0015 242 173 489 312
person 0.0022 1 186 25 285
person 0.0021 330 143 380 181
person 0.0013 348 115 456 178
person 0.0010 146 104 181 189
