bottle 0.0518 276 122 311 168
bottle 0.0143 267 122 299 170
bottle 0.0115 301 119 329 172
bottle 0.0073 306 127 325 164
bottle 0.0068 288 115 307 154
bottle 0.0059 319 110 355 157
bottle 0.0031 207 194 235 277
bottle 0.0027 248 157 279 260
bottle 0.0026 336 104 368 161
bottle 0.0020 325 117 348 153
bottle 0.0016 250 131 271 159
bottle 0.0016 306 117 327 150
bottle 0.0016 227 167 253 278
bottle 0.0012 198 43 283 118
bottle 0.0011 418 104 448 161
car 0.0011 -3 277 55 322
chair 0.1135 378 252 495 332
chair 0.0614 299 197 412 335
chair 0.0117 475 249 499 343
chair 0.0112 314 251 400 333
chair 0.0093 292 160 376 325
chair 0.0082 435 239 502 333
chair 0.0024 447 288 500 331
chair 0.0023 255 221 325 314
chair 0.0022 -13 137 67 344
chair 0.0022 298 228 381 317
chair 0.0021 0 290 57 329
chair 0.0020 429 248 476 326
chair 0.0020 322 285 384 333
chair 0.0019 298 133 431 302
chair 0.0017 -2 220 60 314
chair 0.0014 482 265 498 307
chair 0.0012 482 253 499 292
chair 0.0011 344 286 481 331
chair 0.0010 470 285 501 336
person 0.8847 59 22 285 360
person 0.8781 391 191 494 338
person 0.2352 261 113 326 328
person 0.1228 372 246 451 330
person 0.0476 27 106 241 326
person 0.0218 431 167 506 330
person 0.0214 341 163 483 328
person 0.0106 477 220 500 326
person 0.0084 280 143 320 299
person 0.0066 -6 82 63 295
person 0.0052 -4 105 61 216
person 0.0040 25 11 396 270
person 0.0035 384 243 433 306
person 0.0034 69 29 275 152
person 0.0028 155 39 420 342
person 0.0027 75 58 269 220
person 0.0026 278 120 364 320
person 0.0023 0 78 103 252
person 0.0021 246 147 280 297
person 0.0020 68 83 201 136
person 0.0020 189 124 312 307
person 0.0020 477 183 500 287
person 0.0019 233 66 345 267
person 0.0017 204 54 300 125
person 0.0017 6 90 91 190
person 0.0013 444 178 498 244
person 0.0013 299 125 333 216
person 0.0013 481 228 499 267
person 0.0013 118 74 299 304
person 0.0012 255 165 291 278
person 0.0012 101 56 242 123
person 0.0011 258 119 329 217
person 0.0011 387 259 433 331
person 0.0011 8 74 185 254
person 0.0010 -3 100 29 191
person 0.0010 178 52 314 227
person 0.0010 375 193 449 297
person 0.0010 427 204 476 317
pottedplant 0.0019 92 119 120 147
tvmonitor 0.0149 -4 90 62 189
tvmonitor 0.0071 319 150 400 232
tvmonitor 0.0066 320 160 362 208
tvmonitor 0.0022 366 170 417 219
tvmonitor 0.0022 356 163 453 222
