bird 0.4980 433 257 503 355
bird 0.0682 427 245 471 339
bird 0.0083 426 287 482 347
bird 0.0073 416 246 531 371
bird 0.0048 392 227 510 346
bird 0.0037 429 257 467 304
bird 0.0026 434 262 462 292
bird 0.0012 427 241 512 319
bird 0.0011 470 258 505 326
bird 0.0010 447 305 492 334
bird 0.0010 449 290 492 318
boat 0.0021 268 89 300 142
sheep 0.6193 150 166 250 231
sheep 0.5441 126 149 241 216
sheep 0.3909 137 149 180 191
sheep 0.1139 303 87 337 109
sheep 0.0715 458 93 491 117
sheep 0.0640 225 170 256 194
sheep 0.0254 163 164 241 203
sheep 0.0238 147 151 252 193
sheep 0.0226 314 89 349 110
sheep 0.0215 149 155 214 188
sheep 0.0179 227 159 254 185
sheep 0.0162 99 133 266 231
sheep 0.0147 177 161 227 179
sheep 0.0084 194 172 253 224
sheep 0.0077 156 160 205 181
sheep 0.0074 198 173 247 192
sheep 0.0066 470 93 501 115
sheep 0.0058 144 147 178 170
sheep 0.0046 198 161 246 182
sheep 0.0040 221 169 257 220
sheep 0.0039 176 171 229 192
sheep 0.0033 214 184 257 233
sheep 0.0031 159 125 259 186
sheep 0.0027 130 155 165 183
sheep 0.0025 306 83 353 115
sheep 0.0025 315 80 348 102
sheep 0.0020 153 194 266 255
sheep 0.0020 169 186 234 230
sheep 0.0019 87 149 200 191
sheep 0.0018 136 172 189 218
sheep 0.0015 147 189 217 227
sheep 0.0015 199 145 285 212
sheep 0.0013 178 186 224 208
sheep 0.0010 182 164 296 204
sheep 0.0010 157 187 205 207
