bird 0.0012 275 273 322 347
bird 0.0010 367 271 420 321
cow 0.0096 205 249 307 341
cow 0.0019 185 107 395 323
cow 0.0019 188 245 258 351
cow 0.0012 194 275 239 346
cow 0.0011 199 252 376 359
cow 0.0010 204 251 369 308
dog 0.2786 135 73 441 244
dog 0.0384 447 101 502 170
dog 0.0180 243 54 420 221
dog 0.0150 160 167 243 223
dog 0.0031 40 81 461 350
dog 0.0019 229 108 348 203
dog 0.0019 169 183 231 230
dog 0.0013 241 88 339 175
dog 0.0013 404 89 497 165
dog 0.0012 418 62 521 206
dog 0.0010 294 60 512 202
horse 0.0090 123 88 529 344
person 0.0030 404 0 458 17
person 0.0022 395 -1 434 17
person 0.0021 396 -2 497 39
person 0.0012 182 266 256 344
person 0.0011 475 2 500 33
person 0.0010 126 62 219 140
person 0.0010 308 -12 422 46
pottedplant 0.0013 -2 285 21 366
sheep 0.0033 127 67 305 207
sheep 0.0015 1 74 23 109
sheep 0.0013 157 151 259 220
sheep 0.0010 158 113 270 209
