aeroplane 0.0014 40 -4 458 263
boat 0.0198 22 34 164 234
boat 0.0174 3 72 114 242
boat 0.0064 14 102 91 217
boat 0.0059 31 167 62 189
boat 0.0039 4 115 46 186
boat 0.0028 29 14 392 245
boat 0.0023 29 158 142 204
boat 0.0022 75 51 269 206
boat 0.0020 -1 85 28 190
boat 0.0019 -1 149 19 182
boat 0.0018 -9 150 104 207
boat 0.0017 -5 113 64 215
boat 0.0017 47 81 145 176
boat 0.0014 54 60 210 255
boat 0.0012 41 158 92 177
boat 0.0012 32 155 66 179
boat 0.0010 11 151 40 180
boat 0.0010 6 144 127 190
bottle 0.0010 122 280 165 367
car 0.0034 0 190 21 226
car 0.0016 248 173 311 187
chair 0.4823 128 173 292 374
chair 0.3724 38 227 134 333
chair 0.3335 273 237 354 353
chair 0.1620 6 193 45 281
chair 0.1603 60 177 123 316
chair 0.0963 277 293 357 375
chair 0.0606 0 198 28 278
chair 0.0596 33 239 103 358
chair 0.0483 44 226 85 334
chair 0.0429 177 249 266 369
chair 0.0293 46 190 219 356
chair 0.0293 28 211 69 291
chair 0.0234 37 192 103 311
chair 0.0175 59 205 155 298
chair 0.0140 172 235 333 372
chair 0.0111 230 215 347 348
chair 0.0102 -4 198 64 289
chair 0.0092 12 204 41 241
chair 0.0073 269 325 379 378
chair 0.0069 212 244 289 362
chair 0.0064 0 210 25 320
chair 0.0063 0 215 23 262
chair 0.0058 119 274 310 375
chair 0.0052 21 178 105 263
chair 0.0044 144 180 179 207
chair 0.0043 31 232 73 328
chair 0.0042 13 217 41 258
chair 0.0041 14 207 83 322
chair 0.0040 18 191 117 354
chair 0.0034 57 238 112 325
chair 0.0033 -1 211 62 350
chair 0.0031 247 265 385 381
chair 0.0030 0 200 21 246
chair 0.0030 2 228 47 300
chair 0.0029 205 302 318 377
chair 0.0029 163 212 260 334
chair 0.0028 41 273 92 339
chair 0.0027 26 176 64 271
chair 0.0027 271 250 325 340
chair 0.0023 43 186 86 259
chair 0.0021 23 185 68 236
chair 0.0021 258 232 337 305
chair 0.0020 108 272 179 375
chair 0.0019 14 229 40 273
chair 0.0019 49 183 158 263
chair 0.0019 81 251 131 339
chair 0.0018 124 191 163 220
chair 0.0018 183 329 229 375
chair 0.0017 80 220 177 327
chair 0.0016 60 218 107 286
chair 0.0016 85 260 162 359
chair 0.0015 288 252 344 312
chair 0.0015 256 242 298 323
chair 0.0015 232 324 282 378
chair 0.0015 107 284 238 368
chair 0.0013 112 201 228 292
chair 0.0011 279 302 452 367
chair 0.0011 290 269 345 353
chair 0.0011 192 244 326 321
chair 0.0011 295 228 370 333
chair 0.0010 -26 198 46 275
chair 0.0010 159 308 242 371
chair 0.0010 11 194 42 226
diningtable 0.0085 76 164 346 382
person 0.1829 246 192 309 252
person 0.1758 112 175 177 219
person 0.1373 56 182 116 231
person 0.0789 59 174 135 257
person 0.0313 242 209 328 277
person 0.0215 89 168 261 333
person 0.0184 79 172 128 221
person 0.0156 82 168 178 254
person 0.0149 46 179 94 237
person 0.0127 50 160 143 227
person 0.0108 103 170 147 221
person 0.0089 24 169 115 249
person 0.0074 2 181 48 240
person 0.0058 91 179 119 211
person 0.0053 243 191 312 313
person 0.0050 51 40 448 333
person 0.0049 123 180 163 213
person 0.0047 226 197 254 221
person 0.0046 0 163 19 198
person 0.0042 -1 173 26 246
person 0.0041 167 180 195 210
person 0.0040 68 178 104 213
person 0.0038 56 175 81 211
person 0.0038 0 175 18 213
person 0.0036 41 152 228 291
person 0.0035 216 186 303 261
person 0.0031 50 169 84 190
person 0.0031 105 174 216 239
person 0.0029 -48 102 318 330
person 0.0025 111 191 139 219
person 0.0025 257 197 300 225
person 0.0025 -2 133 22 228
person 0.0018 177 164 329 340
person 0.0013 158 173 202 215
person 0.0012 61 173 112 190
person 0.0010 177 356 227 375
person 0.0010 248 204 276 241
pottedplant 0.0104 124 160 213 229
pottedplant 0.0037 136 159 191 203
pottedplant 0.0034 157 153 204 207
pottedplant 0.0023 146 168 178 195
pottedplant 0.0010 168 163 194 195
train 0.0011 11 23 411 293
