aeroplane 0.0164 -10 11 300 409
boat 0.0063 66 28 224 178
boat 0.0044 83 54 205 139
bottle 0.0022 169 357 208 435
chair 0.1183 258 163 344 416
chair 0.0949 112 200 232 450
chair 0.0253 76 56 318 442
chair 0.0219 108 208 181 288
chair 0.0185 225 111 284 227
chair 0.0169 274 215 339 362
chair 0.0167 91 88 251 336
chair 0.0138 113 229 192 325
chair 0.0124 269 145 337 265
chair 0.0096 91 266 204 457
chair 0.0094 218 131 335 373
chair 0.0092 149 104 287 316
chair 0.0081 124 207 218 307
chair 0.0079 221 63 337 267
chair 0.0073 220 180 275 318
chair 0.0053 253 106 345 311
chair 0.0046 223 141 276 271
chair 0.0037 106 238 142 318
chair 0.0033 82 351 156 451
chair 0.0030 114 262 178 396
chair 0.0029 181 157 265 272
chair 0.0028 164 165 276 405
chair 0.0027 103 350 186 457
chair 0.0025 248 218 309 357
chair 0.0022 295 161 353 478
chair 0.0021 86 302 148 426
chair 0.0020 191 196 261 312
chair 0.0020 110 296 217 373
chair 0.0017 302 221 343 411
chair 0.0017 197 39 308 224
chair 0.0016 269 165 323 315
chair 0.0016 241 104 313 234
chair 0.0016 218 231 286 349
chair 0.0016 150 193 245 313
chair 0.0013 126 232 178 284
chair 0.0013 65 219 171 431
chair 0.0012 133 158 210 278
chair 0.0012 137 265 203 389
chair 0.0012 63 306 177 491
chair 0.0011 78 356 119 434
chair 0.0010 322 243 343 426
diningtable 0.0154 79 162 315 487
diningtable 0.0067 66 26 328 394
diningtable 0.0019 47 320 348 560
diningtable 0.0014 100 309 243 482
person 0.0923 46 48 296 451
person 0.0013 229 -14 328 217
sofa 0.0766 39 31 303 390
train 0.0016 -50 122 235 454
