cow 0.0246 144 85 217 154
cow 0.0120 166 81 250 160
horse 0.7776 173 100 406 291
horse 0.0908 178 77 321 261
horse 0.0473 143 81 285 200
horse 0.0391 156 95 253 179
horse 0.0148 260 137 460 295
horse 0.0051 210 92 298 184
horse 0.0027 144 91 212 179
horse 0.0019 222 152 355 231
horse 0.0016 59 79 365 303
horse 0.0015 171 116 258 209
person 0.7277 247 53 307 167
person 0.0583 216 46 302 197
person 0.0387 238 70 322 213
person 0.0263 257 70 298 196
person 0.0133 238 80 280 160
person 0.0020 261 49 302 120
person 0.0018 274 41 311 176
person 0.0017 230 35 332 156
person 0.0016 221 103 266 163
person 0.0014 218 82 258 136
person 0.0014 225 49 293 136
person 0.0012 183 95 293 172
person 0.0011 174 79 228 116
person 0.0010 179 77 220 142
pottedplant 0.0071 68 176 145 272
pottedplant 0.0029 102 188 149 259
