bottle 0.0053 25 247 58 373
bus 0.6393 20 142 116 244
bus 0.2052 257 107 469 215
bus 0.1394 48 164 123 255
bus 0.1119 275 130 395 230
bus 0.0383 375 84 492 226
bus 0.0271 344 116 462 199
bus 0.0193 438 97 496 205
bus 0.0139 236 148 344 229
bus 0.0127 -1 155 21 264
bus 0.0111 38 155 170 232
bus 0.0105 317 105 501 266
bus 0.0073 215 131 372 251
bus 0.0064 125 186 169 239
bus 0.0050 8 157 44 261
bus 0.0042 473 99 501 203
bus 0.0038 59 198 113 249
bus 0.0026 154 174 211 210
bus 0.0026 432 75 504 171
bus 0.0025 41 138 94 226
bus 0.0021 138 173 189 218
bus 0.0018 -5 141 67 247
bus 0.0016 12 137 107 348
bus 0.0014 313 138 356 225
bus 0.0013 -1 178 97 267
bus 0.0013 116 170 171 220
bus 0.0012 391 119 429 183
bus 0.0011 22 162 68 255
bus 0.0011 334 164 383 226
bus 0.0011 375 142 413 219
bus 0.0011 355 150 457 228
bus 0.0011 36 122 133 214
bus 0.0010 201 154 300 223
bus 0.0010 -107 85 222 290
car 0.9055 214 207 338 265
car 0.7742 134 201 184 240
car 0.7336 381 175 493 274
car 0.5303 306 203 366 244
car 0.4330 332 196 377 245
car 0.1725 177 203 223 247
car 0.0462 128 191 218 247
car 0.0364 228 208 292 262
car 0.0228 127 205 165 238
car 0.0213 186 218 220 252
car 0.0205 154 204 205 239
car 0.0190 298 212 341 259
car 0.0166 264 213 331 260
car 0.0141 157 196 265 248
car 0.0133 165 211 277 262
car 0.0127 276 190 382 242
car 0.0123 191 213 240 257
car 0.0116 239 200 277 218
car 0.0112 309 215 357 253
car 0.0087 321 186 406 241
car 0.0056 366 216 498 286
car 0.0052 259 200 297 218
car 0.0049 190 192 326 291
car 0.0047 295 200 340 220
car 0.0047 6 178 99 365
car 0.0041 270 207 379 264
car 0.0039 219 200 261 220
car 0.0032 378 184 405 209
car 0.0032 359 192 387 223
car 0.0030 380 193 404 222
car 0.0030 163 199 197 222
car 0.0029 279 200 318 219
car 0.0029 352 184 390 235
car 0.0027 247 201 313 250
car 0.0025 312 201 361 222
car 0.0025 121 211 226 262
car 0.0022 109 208 142 233
car 0.0020 363 182 390 207
car 0.0019 160 181 207 205
car 0.0019 198 211 241 237
car 0.0019 142 222 186 244
car 0.0017 314 209 413 274
car 0.0017 252 226 306 247
car 0.0017 205 178 239 205
car 0.0016 201 201 242 221
car 0.0015 340 221 373 248
car 0.0015 355 206 387 237
car 0.0015 208 203 269 248
car 0.0015 215 167 354 271
car 0.0015 238 221 279 249
car 0.0015 184 198 215 223
car 0.0015 328 187 459 264
car 0.0012 168 221 202 247
car 0.0011 143 198 181 227
car 0.0011 407 181 458 266
car 0.0011 398 196 428 222
car 0.0010 0 159 18 204
car 0.0010 0 149 22 182
motorbike 0.0015 13 213 51 318
person 0.0233 0 186 22 319
person 0.0189 11 178 38 297
person 0.0083 1 200 16 249
person 0.0054 0 227 24 360
person 0.0047 458 195 487 223
person 0.0029 207 169 235 199
person 0.0027 437 193 467 221
person 0.0024 17 298 50 379
person 0.0023 1 187 18 234
person 0.0022 15 219 45 338
person 0.0019 245 182 273 210
person 0.0019 25 235 59 355
person 0.0017 417 195 447 222
person 0.0016 -3 248 60 359
person 0.0016 0 228 17 276
person 0.0014 0 256 17 304
person 0.0013 477 191 498 226
person 0.0012 320 168 350 195
person 0.0010 16 204 37 241
person 0.0010 418 167 447 191
pottedplant 0.0174 25 271 60 383
pottedplant 0.0044 16 247 49 373
pottedplant 0.0013 0 234 60 384
