bicycle 0.0183 -26 174 236 475
bicycle 0.0093 8 233 149 481
bottle 0.0254 102 237 125 359
bottle 0.0237 88 156 105 210
bottle 0.0108 74 160 92 208
bottle 0.0099 337 149 397 507
bottle 0.0069 373 31 389 178
bottle 0.0060 103 206 125 310
bottle 0.0049 110 220 141 338
bottle 0.0034 338 237 363 322
bottle 0.0032 91 151 125 212
bottle 0.0031 336 258 364 373
bottle 0.0031 79 130 112 197
bottle 0.0028 84 167 111 229
bottle 0.0028 86 142 107 187
bottle 0.0026 290 130 325 197
bottle 0.0019 72 144 94 185
bottle 0.0017 61 169 100 225
bottle 0.0016 69 178 94 215
bottle 0.0015 345 137 387 263
bottle 0.0015 113 184 140 297
bottle 0.0014 42 155 118 285
chair 0.2328 -2 144 153 445
chair 0.0076 34 163 109 258
chair 0.0073 -2 116 94 381
chair 0.0037 99 220 157 363
chair 0.0024 10 147 80 268
chair 0.0019 341 126 386 273
chair 0.0016 83 153 173 429
chair 0.0013 32 222 116 360
diningtable 0.0546 -46 119 255 455
diningtable 0.0031 12 172 198 417
motorbike 0.0200 311 151 389 499
motorbike 0.0063 249 196 382 448
motorbike 0.0027 143 142 423 430
motorbike 0.0024 243 69 442 506
person 0.7743 31 64 357 512
person 0.2089 115 29 392 395
person 0.1089 68 12 183 196
person 0.0756 38 34 182 307
person 0.0257 217 38 349 383
person 0.0164 340 115 397 460
person 0.0121 35 13 233 410
person 0.0081 133 124 315 448
person 0.0080 289 54 394 368
person 0.0046 302 7 389 261
person 0.0044 177 61 330 281
person 0.0043 202 43 302 130
person 0.0035 369 62 388 224
person 0.0034 343 94 387 252
person 0.0031 79 103 184 399
person 0.0031 367 166 389 353
person 0.0022 240 7 446 416
person 0.0021 371 219 388 414
person 0.0018 318 63 381 207
person 0.0016 371 -12 389 148
person 0.0015 337 45 399 307
person 0.0012 115 75 275 344
person 0.0010 274 187 342 332
person 0.0010 241 231 329 351
