bottle 0.2028 204 40 299 278
bottle 0.1947 119 68 212 301
bottle 0.1077 281 59 385 311
bottle 0.0586 49 61 131 300
bottle 0.0215 123 87 199 182
bottle 0.0214 297 93 360 223
bottle 0.0133 66 84 127 230
bottle 0.0092 133 110 198 256
bottle 0.0069 300 59 424 254
bottle 0.0059 110 101 137 195
bottle 0.0055 223 85 292 212
bottle 0.0046 87 48 190 276
bottle 0.0040 257 21 397 240
bottle 0.0028 86 109 125 215
bottle 0.0026 127 65 288 252
bottle 0.0023 207 86 364 280
bottle 0.0020 322 101 403 212
bottle 0.0018 244 103 318 212
bottle 0.0018 113 98 174 215
bottle 0.0016 163 110 248 200
bottle 0.0014 72 140 105 242
bottle 0.0013 207 136 293 236
bus 0.0303 114 96 211 317
bus 0.0190 205 32 524 335
bus 0.0140 6 14 417 353
bus 0.0077 91 132 485 346
bus 0.0059 126 162 198 265
bus 0.0045 186 108 310 313
car 0.0026 28 5 394 307
chair 0.0065 440 150 503 268
diningtable 0.0048 102 47 475 318
person 0.2457 225 204 265 261
person 0.0101 182 17 471 350
person 0.0080 79 202 126 261
person 0.0053 207 199 278 266
person 0.0049 339 219 369 246
person 0.0043 311 209 364 260
person 0.0029 1 332 19 365
person 0.0021 380 201 415 262
person 0.0021 435 71 510 298
person 0.0020 230 204 255 241
person 0.0018 304 198 336 267
person 0.0015 349 11 401 54
person 0.0013 335 10 382 54
person 0.0012 316 195 416 277
person 0.0012 477 140 500 269
person 0.0011 318 220 354 248
person 0.0010 385 203 409 239
person 0.0010 0 85 116 283
tvmonitor 0.0046 317 173 406 258
tvmonitor 0.0033 280 123 386 297
tvmonitor 0.0026 128 175 195 265
tvmonitor 0.0021 298 155 373 263
tvmonitor 0.0021 208 85 521 338
tvmonitor 0.0020 222 174 430 301
tvmonitor 0.0019 360 164 448 257
tvmonitor 0.0019 316 141 491 285
