cat 0.0017 131 226 241 310
chair 0.0012 307 169 424 256
dog 0.0768 153 239 245 310
dog 0.0015 154 263 257 327
dog 0.0013 130 220 274 329
dog 0.0010 164 207 249 296
person 0.7880 318 89 490 238
person 0.0353 371 113 492 216
person 0.0330 224 38 506 278
person 0.0205 -6 85 119 348
person 0.0166 -28 26 297 289
person 0.0112 34 36 239 218
person 0.0084 474 129 500 229
person 0.0071 -7 102 64 330
person 0.0065 270 138 462 286
person 0.0056 14 53 485 319
person 0.0040 0 15 20 86
person 0.0030 81 183 193 246
person 0.0027 -35 50 74 268
person 0.0026 335 114 456 188
person 0.0020 15 64 173 306
person 0.0017 0 152 57 283
person 0.0012 232 -7 342 47
person 0.0011 -8 25 135 235
person 0.0010 391 90 492 173
person 0.0010 476 116 501 188
person 0.0010 241 61 414 252
person 0.0010 338 156 449 261
person 0.0010 361 134 509 295
person 0.0010 67 237 202 310
sofa 0.0019 -42 87 388 343
