bottle 0.2491 184 15 312 218
bottle 0.0025 193 91 298 197
bottle 0.0023 206 44 292 136
bottle 0.0017 143 -2 287 185
car 0.0012 451 0 493 19
diningtable 0.0053 123 3 376 228
person 0.0068 133 61 297 221
person 0.0037 111 154 142 219
person 0.0034 364 54 395 138
person 0.0024 115 -38 384 219
pottedplant 0.3127 351 171 405 229
pottedplant 0.0883 385 27 497 204
pottedplant 0.0511 338 185 416 236
pottedplant 0.0387 401 66 484 168
pottedplant 0.0377 354 160 429 238
pottedplant 0.0279 4 205 48 271
pottedplant 0.0236 434 69 510 163
pottedplant 0.0172 402 132 488 205
pottedplant 0.0149 357 133 450 209
pottedplant 0.0146 364 157 414 216
pottedplant 0.0141 475 60 500 135
pottedplant 0.0122 -13 174 64 266
pottedplant 0.0119 395 46 491 131
pottedplant 0.0113 386 112 479 184
pottedplant 0.0112 360 184 393 215
pottedplant 0.0104 412 43 533 189
pottedplant 0.0102 453 41 496 126
pottedplant 0.0079 0 203 23 272
pottedplant 0.0075 390 189 434 234
pottedplant 0.0071 360 196 391 229
pottedplant 0.0066 104 147 146 199
pottedplant 0.0061 324 162 350 214
pottedplant 0.0052 342 120 408 228
pottedplant 0.0046 326 105 481 233
pottedplant 0.0045 -40 149 78 287
pottedplant 0.0038 195 131 287 216
pottedplant 0.0037 402 112 460 157
pottedplant 0.0036 316 136 420 256
pottedplant 0.0034 327 160 481 281
pottedplant 0.0032 398 160 486 227
pottedplant 0.0031 7 179 98 258
pottedplant 0.0031 469 19 498 96
pottedplant 0.0030 370 202 418 245
pottedplant 0.0026 362 70 444 160
pottedplant 0.0026 481 80 499 117
pottedplant 0.0026 0 45 25 149
pottedplant 0.0024 317 161 398 238
pottedplant 0.0023 330 39 477 193
pottedplant 0.0022 176 -25 323 158
pottedplant 0.0022 27 183 65 269
pottedplant 0.0020 363 209 388 237
pottedplant 0.0020 194 -12 305 44
pottedplant 0.0020 200 -1 297 75
pottedplant 0.0018 377 72 402 146
pottedplant 0.0017 332 170 379 228
pottedplant 0.0017 365 182 457 242
pottedplant 0.0016 363 170 390 204
pottedplant 0.0016 215 177 269 220
pottedplant 0.0016 0 80 21 190
pottedplant 0.0016 397 160 431 182
pottedplant 0.0016 109 147 142 173
pottedplant 0.0014 309 -4 573 236
pottedplant 0.0014 475 43 498 75
pottedplant 0.0014 390 109 436 161
pottedplant 0.0013 374 171 407 200
pottedplant 0.0013 397 28 486 100
pottedplant 0.0013 428 107 475 163
pottedplant 0.0012 381 104 402 140
pottedplant 0.0011 373 197 409 226
pottedplant 0.0011 376 183 407 216
pottedplant 0.0011 398 195 427 227
pottedplant 0.0010 414 135 449 158
pottedplant 0.0010 431 65 475 127
pottedplant 0.0010 110 157 141 188
pottedplant 0.0010 1 216 18 261
pottedplant 0.0010 -7 219 66 280
train 0.1032 192 81 292 244
train 0.0019 100 34 399 248
