bottle 0.3757 99 61 162 189
bottle 0.2520 391 19 490 178
bottle 0.2297 271 14 375 190
bottle 0.1715 54 28 139 181
bottle 0.0777 200 140 242 219
bottle 0.0758 401 54 463 191
bottle 0.0650 102 43 148 144
bottle 0.0536 59 64 105 152
bottle 0.0523 375 32 442 165
bottle 0.0489 54 73 115 201
bottle 0.0483 414 29 454 156
bottle 0.0330 407 109 449 194
bottle 0.0295 432 20 464 138
bottle 0.0211 114 32 137 67
bottle 0.0208 105 33 141 94
bottle 0.0183 165 84 246 174
bottle 0.0165 94 25 168 128
bottle 0.0159 104 99 147 202
bottle 0.0159 75 256 105 361
bottle 0.0155 376 53 414 192
bottle 0.0155 47 65 96 122
bottle 0.0150 364 29 457 227
bottle 0.0141 156 56 256 147
bottle 0.0132 109 214 148 261
bottle 0.0120 225 105 349 324
bottle 0.0104 71 27 109 97
bottle 0.0081 455 30 491 156
bottle 0.0078 338 24 372 163
bottle 0.0075 130 26 282 170
bottle 0.0075 472 15 501 142
bottle 0.0073 52 292 80 358
bottle 0.0062 46 275 84 342
bottle 0.0061 416 22 484 136
bottle 0.0060 76 281 100 312
bottle 0.0052 84 33 120 94
bottle 0.0049 305 5 362 64
bottle 0.0046 112 45 137 81
bottle 0.0046 31 44 100 156
bottle 0.0045 52 28 92 75
bottle 0.0045 53 322 78 355
bottle 0.0043 87 18 119 138
bottle 0.0041 91 33 118 66
bottle 0.0040 183 122 257 212
bottle 0.0039 65 216 107 287
bottle 0.0035 378 239 444 353
bottle 0.0030 49 64 92 178
bottle 0.0030 38 206 127 272
bottle 0.0029 284 10 384 78
bottle 0.0029 70 119 109 210
bottle 0.0029 333 42 404 161
bottle 0.0028 108 25 138 52
bottle 0.0027 57 304 77 349
bottle 0.0027 69 25 104 48
bottle 0.0026 35 54 154 261
bottle 0.0026 286 66 356 183
bottle 0.0026 74 270 128 347
bottle 0.0025 237 10 349 248
bottle 0.0025 299 2 370 127
bottle 0.0025 390 64 429 181
bottle 0.0024 57 25 120 131
bottle 0.0024 149 205 427 330
bottle 0.0023 478 52 499 192
bottle 0.0023 47 32 83 96
bottle 0.0023 54 73 208 301
bottle 0.0022 409 94 479 214
bottle 0.0021 11 21 110 185
bottle 0.0020 356 24 391 164
bottle 0.0018 114 231 138 271
bottle 0.0018 141 323 188 378
bottle 0.0016 85 26 120 50
bottle 0.0016 243 26 342 121
bottle 0.0016 317 117 354 186
bottle 0.0015 56 64 79 96
bottle 0.0015 52 337 77 366
bottle 0.0014 259 42 335 159
bottle 0.0014 56 287 77 329
bottle 0.0014 386 213 433 321
bottle 0.0014 23 313 68 363
bottle 0.0013 78 285 97 329
bottle 0.0013 122 109 158 191
bottle 0.0012 167 166 342 321
bottle 0.0012 395 35 431 128
bottle 0.0012 208 145 237 185
bottle 0.0011 86 75 120 199
bottle 0.0011 371 35 417 126
bottle 0.0011 32 322 63 355
bottle 0.0011 91 45 118 82
bottle 0.0011 52 76 86 111
bottle 0.0011 204 202 298 297
bottle 0.0011 176 323 223 378
bottle 0.0011 72 271 105 322
bottle 0.0011 481 245 499 285
bottle 0.0010 299 24 427 180
bottle 0.0010 110 74 139 113
chair 0.0017 477 78 501 223
chair 0.0011 456 97 497 205
diningtable 0.0300 126 50 527 322
diningtable 0.0276 110 279 388 376
diningtable 0.0076 91 323 272 378
diningtable 0.0065 -7 28 430 289
diningtable 0.0054 43 275 302 387
diningtable 0.0043 224 73 346 302
diningtable 0.0040 56 194 520 349
diningtable 0.0025 192 298 387 360
diningtable 0.0025 95 242 325 364
diningtable 0.0024 -72 86 341 345
diningtable 0.0024 109 250 467 411
diningtable 0.0020 325 80 484 291
diningtable 0.0018 41 334 230 378
diningtable 0.0016 160 -8 493 210
diningtable 0.0012 84 94 262 281
diningtable 0.0011 269 -5 615 206
diningtable 0.0011 228 107 425 323
diningtable 0.0010 25 222 399 380
diningtable 0.0010 143 264 268 345
diningtable 0.0010 93 303 328 413
person 0.4939 9 221 120 377
person 0.1668 112 190 223 347
person 0.0258 47 245 136 363
person 0.0180 0 216 25 375
person 0.0135 29 289 160 368
person 0.0114 176 183 221 261
person 0.0083 166 183 234 320
person 0.0081 41 9 457 307
person 0.0076 153 192 208 251
person 0.0055 -6 272 196 374
person 0.0044 141 185 222 289
person 0.0034 52 229 215 369
person 0.0026 14 161 179 339
person 0.0025 61 307 187 371
person 0.0024 78 223 184 322
person 0.0023 -2 117 119 316
person 0.0023 136 205 189 326
person 0.0022 22 262 109 357
person 0.0022 -23 143 74 349
person 0.0022 85 195 181 288
person 0.0020 217 5 366 152
person 0.0020 5 282 89 366
person 0.0018 -4 177 349 369
person 0.0017 -1 245 60 359
person 0.0015 84 256 177 354
person 0.0015 378 82 505 289
person 0.0014 -64 81 257 351
person 0.0014 74 309 136 368
person 0.0012 -1 52 21 191
person 0.0011 11 329 176 376
person 0.0011 121 328 169 373
person 0.0010 0 179 27 296
tvmonitor 0.0013 180 -5 319 38
