bottle 0.0067 401 268 430 329
bottle 0.0012 404 279 424 320
chair 0.0331 414 242 485 336
chair 0.0092 477 220 500 327
chair 0.0043 410 252 456 324
chair 0.0042 434 255 503 339
chair 0.0028 440 228 507 313
chair 0.0017 393 195 497 335
chair 0.0010 444 289 500 335
person 0.1640 198 207 289 266
person 0.0218 259 199 290 269
person 0.0182 236 196 281 275
person 0.0181 193 220 253 279
person 0.0059 191 246 216 278
person 0.0041 221 250 253 274
person 0.0031 122 136 165 186
person 0.0029 110 135 137 162
person 0.0023 149 146 174 177
person 0.0018 140 140 181 183
person 0.0016 214 240 257 279
person 0.0016 267 205 287 242
person 0.0013 235 210 340 277
person 0.0012 0 0 24 113
person 0.0011 103 127 145 171
person 0.0010 266 230 288 267
pottedplant 0.1246 383 74 503 310
pottedplant 0.1157 250 53 400 228
pottedplant 0.0729 196 227 253 273
pottedplant 0.0710 181 145 258 239
pottedplant 0.0673 152 71 273 262
pottedplant 0.0541 306 67 425 266
pottedplant 0.0464 211 183 284 262
pottedplant 0.0367 190 103 304 276
pottedplant 0.0358 93 87 246 249
pottedplant 0.0338 220 66 349 269
pottedplant 0.0327 317 61 484 220
pottedplant 0.0324 209 140 284 244
pottedplant 0.0275 2 78 112 307
pottedplant 0.0265 17 70 166 265
pottedplant 0.0221 98 11 400 320
pottedplant 0.0197 234 176 283 245
pottedplant 0.0178 244 93 336 189
pottedplant 0.0169 288 117 370 217
pottedplant 0.0164 328 114 409 218
pottedplant 0.0154 17 218 93 317
pottedplant 0.0112 -36 135 69 300
pottedplant 0.0106 125 121 218 211
pottedplant 0.0105 0 191 111 343
pottedplant 0.0099 1 8 107 220
pottedplant 0.0096 -18 165 55 269
pottedplant 0.0095 439 138 506 249
pottedplant 0.0089 -22 25 66 256
pottedplant 0.0087 429 106 522 281
pottedplant 0.0085 396 119 484 214
pottedplant 0.0080 415 160 485 270
pottedplant 0.0079 54 19 215 211
pottedplant 0.0075 222 28 506 303
pottedplant 0.0074 47 229 83 294
pottedplant 0.0070 208 92 286 190
pottedplant 0.0065 363 121 446 211
pottedplant 0.0062 69 108 197 279
pottedplant 0.0061 126 72 216 157
pottedplant 0.0056 204 236 239 264
pottedplant 0.0055 269 100 381 281
pottedplant 0.0055 418 153 529 330
pottedplant 0.0055 28 187 103 286
pottedplant 0.0054 88 122 180 211
pottedplant 0.0054 302 127 366 168
pottedplant 0.0054 128 30 294 203
pottedplant 0.0051 356 98 455 185
pottedplant 0.0046 21 87 98 192
pottedplant 0.0045 23 35 91 140
pottedplant 0.0042 182 175 264 273
pottedplant 0.0041 219 184 264 238
pottedplant 0.0040 22 3 162 177
pottedplant 0.0034 37 50 308 281
pottedplant 0.0034 238 120 319 224
pottedplant 0.0034 200 111 246 157
pottedplant 0.0034 197 62 283 156
pottedplant 0.0033 5 161 90 260
pottedplant 0.0033 327 39 556 343
pottedplant 0.0030 295 91 377 177
pottedplant 0.0029 432 62 479 106
pottedplant 0.0029 46 72 144 154
pottedplant 0.0028 480 195 501 303
pottedplant 0.0028 398 74 482 155
pottedplant 0.0028 238 151 278 218
pottedplant 0.0027 -31 32 224 299
pottedplant 0.0026 351 77 459 153
pottedplant 0.0025 273 71 360 171
pottedplant 0.0025 175 86 251 194
pottedplant 0.0025 440 194 513 292
pottedplant 0.0024 326 124 380 170
pottedplant 0.0024 129 154 218 234
pottedplant 0.0023 215 119 256 176
pottedplant 0.0023 46 123 144 209
pottedplant 0.0023 195 176 245 245
pottedplant 0.0022 163 75 259 155
pottedplant 0.0021 96 13 243 168
pottedplant 0.0021 247 183 332 256
pottedplant 0.0021 243 57 332 125
pottedplant 0.0021 -4 60 58 167
pottedplant 0.0021 218 145 265 225
pottedplant 0.0021 1 218 49 281
pottedplant 0.0021 53 43 139 133
pottedplant 0.0020 320 145 487 290
pottedplant 0.0019 126 24 217 100
pottedplant 0.0019 150 155 287 278
pottedplant 0.0019 320 75 410 153
pottedplant 0.0019 8 3 45 112
pottedplant 0.0018 37 130 462 353
pottedplant 0.0018 30 232 68 291
pottedplant 0.0017 32 83 69 134
pottedplant 0.0016 350 120 396 173
pottedplant 0.0016 254 119 304 176
pottedplant 0.0015 285 48 445 185
pottedplant 0.0015 274 116 321 179
pottedplant 0.0014 138 69 181 148
pottedplant 0.0014 54 95 137 187
pottedplant 0.0014 389 151 475 245
pottedplant 0.0014 58 174 134 257
pottedplant 0.0014 41 82 89 135
pottedplant 0.0013 471 162 502 258
pottedplant 0.0013 141 146 182 195
pottedplant 0.0013 283 130 386 186
pottedplant 0.0013 -20 221 59 309
pottedplant 0.0012 258 182 290 242
pottedplant 0.0012 178 132 224 188
pottedplant 0.0012 127 58 169 133
pottedplant 0.0012 -13 115 64 216
pottedplant 0.0012 158 127 246 217
pottedplant 0.0011 158 57 263 123
pottedplant 0.0011 156 89 208 154
pottedplant 0.0011 88 69 180 159
pottedplant 0.0011 92 44 175 131
pottedplant 0.0011 179 154 223 216
pottedplant 0.0011 245 193 274 225
pottedplant 0.0011 403 190 481 297
pottedplant 0.0011 360 177 449 258
pottedplant 0.0011 217 89 260 154
pottedplant 0.0010 200 130 245 214
pottedplant 0.0010 237 122 280 197
pottedplant 0.0010 0 140 24 255
pottedplant 0.0010 52 263 81 288
pottedplant 0.0010 279 51 373 124
tvmonitor 0.0209 90 183 193 286
tvmonitor 0.0060 111 207 214 269
