cat 0.2147 112 54 295 446
dog 0.0091 133 122 328 452
pottedplant 0.0116 243 0 314 97
pottedplant 0.0021 257 15 300 81
pottedplant 0.0016 113 22 239 96
pottedplant 0.0011 217 23 298 105
sheep 0.7520 3 64 117 264
sheep 0.4468 132 138 277 434
sheep 0.0477 88 32 267 234
sheep 0.0382 100 70 158 202
sheep 0.0301 10 88 77 252
sheep 0.0203 86 46 172 232
sheep 0.0201 100 64 255 365
sheep 0.0132 142 46 264 135
sheep 0.0118 21 71 107 202
sheep 0.0069 48 56 136 282
sheep 0.0068 135 32 258 99
sheep 0.0050 61 63 124 203
sheep 0.0038 1 88 35 238
sheep 0.0026 105 52 193 149
sheep 0.0024 -51 39 133 306
sheep 0.0020 122 77 230 190
sheep 0.0018 8 44 72 152
sheep 0.0017 153 231 255 343
sheep 0.0016 108 116 190 220
sheep 0.0014 -6 67 43 200
sheep 0.0013 133 110 220 221
sheep 0.0012 40 5 150 195
sheep 0.0010 0 77 18 210
