bird 0.2503 235 195 414 362
bird 0.0203 88 181 488 365
bird 0.0137 331 219 399 334
bird 0.0054 307 246 414 351
bird 0.0050 51 101 164 204
bird 0.0020 261 220 389 327
bird 0.0011 14 216 82 256
cat 0.0118 53 107 154 226
cat 0.0093 1 83 420 349
cow 0.2163 274 144 329 210
cow 0.0016 43 229 145 311
cow 0.0013 29 189 169 357
dog 0.4054 273 109 326 224
dog 0.3269 31 107 176 266
dog 0.0554 259 131 343 204
dog 0.0377 73 228 284 362
dog 0.0188 51 182 371 365
dog 0.0105 1 82 344 350
dog 0.0079 341 80 407 166
dog 0.0046 52 130 154 227
dog 0.0031 311 78 438 201
dog 0.0028 77 177 269 325
dog 0.0019 44 108 300 267
dog 0.0016 10 211 123 292
dog 0.0014 24 161 171 329
horse 0.6315 332 99 461 210
horse 0.1312 269 141 329 213
horse 0.0360 287 129 343 223
horse 0.0073 343 99 413 198
horse 0.0044 302 90 444 274
horse 0.0011 370 135 452 223
horse 0.0011 260 106 387 263
horse 0.0010 307 94 406 177
horse 0.0010 322 137 416 217
person 0.2074 346 86 443 190
person 0.0060 11 207 103 284
person 0.0044 393 102 429 173
person 0.0031 71 264 97 296
person 0.0030 336 74 383 171
person 0.0021 370 74 416 174
person 0.0011 387 97 469 180
person 0.0011 355 114 450 316
person 0.0011 346 96 397 176
person 0.0010 10 119 118 321
person 0.0010 66 253 101 304
person 0.0010 347 77 396 144
sheep 0.3118 64 204 289 355
sheep 0.0359 132 198 370 354
sheep 0.0139 200 32 301 97
sheep 0.0060 228 41 326 84
sheep 0.0057 187 17 312 75
sheep 0.0041 97 233 247 320
sheep 0.0039 285 143 314 185
sheep 0.0030 282 159 317 197
sheep 0.0020 235 11 318 94
sheep 0.0016 297 160 331 196
