aeroplane 0.8055 8 86 491 345
aeroplane 0.0143 120 110 379 322
aeroplane 0.0041 191 106 536 326
aeroplane 0.0030 1 179 104 258
aeroplane 0.0028 -24 172 371 373
aeroplane 0.0021 2 136 190 296
aeroplane 0.0020 63 118 284 315
aeroplane 0.0016 107 190 313 351
aeroplane 0.0010 149 179 275 252
chair 0.0029 413 331 483 372
diningtable 0.0012 385 330 499 377
person 0.8284 387 222 488 369
person 0.0565 476 294 499 378
person 0.0102 476 208 500 352
person 0.0093 421 208 472 264
person 0.0056 379 225 451 338
person 0.0026 412 209 489 325
person 0.0024 398 289 504 368
person 0.0023 405 195 539 363
person 0.0014 439 210 498 353
person 0.0014 388 223 493 284
