bottle 0.0105 298 154 334 235
bottle 0.0030 162 190 242 285
bottle 0.0027 183 167 231 221
bottle 0.0026 199 186 243 257
bottle 0.0021 173 179 225 238
bottle 0.0019 173 205 223 269
bottle 0.0019 303 161 327 203
bottle 0.0018 39 220 83 285
bottle 0.0015 206 192 234 225
bottle 0.0012 65 228 109 305
bottle 0.0011 162 273 198 347
bottle 0.0011 475 331 498 374
bottle 0.0010 162 197 207 248
chair 0.1520 390 226 505 379
chair 0.0184 415 231 494 328
chair 0.0181 406 279 494 382
chair 0.0087 311 129 393 231
chair 0.0037 298 123 419 364
chair 0.0030 278 293 443 367
chair 0.0029 397 328 502 376
chair 0.0029 467 328 501 376
chair 0.0026 318 263 411 343
chair 0.0022 3 295 42 381
chair 0.0021 200 325 375 377
chair 0.0020 293 325 427 376
chair 0.0015 -10 323 106 380
chair 0.0012 445 308 500 369
chair 0.0011 -4 352 28 375
chair 0.0011 359 246 442 358
diningtable 0.0070 30 202 468 401
diningtable 0.0050 82 331 262 375
diningtable 0.0047 237 277 487 373
diningtable 0.0042 163 264 410 388
diningtable 0.0038 9 333 180 376
diningtable 0.0032 274 327 379 379
diningtable 0.0018 80 270 340 381
diningtable 0.0018 -33 272 228 379
diningtable 0.0016 263 302 396 374
diningtable 0.0011 -66 250 335 409
diningtable 0.0011 181 326 317 377
diningtable 0.0010 176 294 323 364
person 0.7315 63 100 435 331
person 0.2039 12 106 164 315
person 0.1433 53 238 287 364
person 0.1104 183 115 397 372
person 0.1044 4 227 192 375
person 0.0704 -23 88 292 344
person 0.0467 100 131 328 294
person 0.0379 -6 120 63 371
person 0.0170 -13 181 436 364
person 0.0127 108 235 227 311
person 0.0117 109 1 216 43
person 0.0096 88 217 187 282
person 0.0089 42 165 229 327
person 0.0088 5 200 97 296
person 0.0085 -1 161 124 386
person 0.0083 100 356 147 375
person 0.0074 115 211 220 279
person 0.0071 97 -3 149 43
person 0.0070 83 -2 185 49
person 0.0068 70 256 200 342
person 0.0067 38 221 153 321
person 0.0067 0 138 26 306
person 0.0061 1 168 57 320
person 0.0057 8 51 126 265
person 0.0047 0 202 25 359
person 0.0044 89 207 335 344
person 0.0034 79 357 135 374
person 0.0031 153 178 265 263
person 0.0029 -1 323 31 382
person 0.0024 0 112 22 245
person 0.0024 102 190 246 255
person 0.0019 252 92 401 284
person 0.0019 98 0 150 18
person 0.0019 22 162 152 270
person 0.0019 28 218 71 289
person 0.0018 25 103 154 220
person 0.0017 -71 108 187 381
person 0.0017 141 0 186 21
person 0.0014 59 358 117 375
person 0.0014 5 143 42 274
person 0.0014 142 256 272 340
person 0.0014 157 80 344 242
person 0.0011 143 241 281 304
person 0.0011 116 226 174 278
person 0.0010 474 262 499 385
person 0.0010 164 155 242 233
person 0.0010 4 208 44 353
