bird 0.0011 0 11 22 78
person 0.8948 13 -7 409 340
person 0.0388 406 55 456 113
person 0.0189 402 45 474 131
person 0.0110 106 41 317 290
person 0.0077 363 52 447 128
person 0.0065 -22 147 369 336
person 0.0051 29 47 157 284
person 0.0050 394 73 490 155
person 0.0038 -40 21 233 312
person 0.0031 330 43 477 185
person 0.0027 370 72 415 119
person 0.0021 -1 7 22 106
person 0.0021 358 70 449 160
person 0.0019 381 24 503 160
person 0.0015 107 36 545 295
person 0.0014 -4 42 123 237
person 0.0013 411 63 459 154
