bottle 0.0061 212 45 238 80
bottle 0.0019 212 32 312 154
chair 0.0017 305 134 320 207
cow 0.0073 -1 74 39 142
cow 0.0054 -6 51 43 164
cow 0.0047 -1 91 41 118
dog 0.0039 -3 88 41 121
horse 0.0430 32 28 189 221
horse 0.0036 -7 57 43 192
horse 0.0020 0 88 38 161
person 0.2428 115 19 194 106
person 0.1680 217 53 310 194
person 0.0846 25 19 245 230
person 0.0491 45 38 125 210
person 0.0306 105 34 213 141
person 0.0230 131 27 197 78
person 0.0106 213 45 236 95
person 0.0071 134 18 234 105
person 0.0053 275 67 326 214
person 0.0048 187 59 235 119
person 0.0037 215 49 239 124
person 0.0036 2 24 170 193
person 0.0029 61 42 159 177
person 0.0026 304 67 319 140
person 0.0020 130 59 239 191
person 0.0020 188 44 281 173
person 0.0019 20 92 35 115
person 0.0018 174 44 243 141
person 0.0018 155 60 214 122
person 0.0016 92 23 275 160
person 0.0016 88 47 180 204
person 0.0013 192 39 237 102
person 0.0013 188 96 213 129
person 0.0012 153 27 213 91
person 0.0011 305 120 320 204
person 0.0010 -18 85 52 198
person 0.0010 11 51 111 168
tvmonitor 0.0014 291 44 318 82
