car 0.0016 480 2 499 36
cat 0.3117 392 243 507 339
cat 0.0072 45 132 168 192
cat 0.0039 19 111 479 324
chair 0.0050 326 240 498 340
chair 0.0016 285 261 447 328
chair 0.0012 263 207 467 329
chair 0.0011 0 141 28 256
dog 0.3525 18 43 480 290
dog 0.0400 84 93 338 243
dog 0.0180 175 59 391 179
dog 0.0082 55 137 153 192
dog 0.0025 179 89 396 246
dog 0.0024 43 -2 378 235
dog 0.0024 52 112 217 230
dog 0.0010 106 46 318 196
dog 0.0010 427 247 474 334
person 0.0111 129 31 522 252
person 0.0029 426 0 476 13
person 0.0020 409 0 456 13
person 0.0017 60 105 516 330
person 0.0014 446 -1 494 14
person 0.0014 38 -22 460 203
person 0.0012 0 116 27 230
person 0.0011 269 40 457 191
