chair 0.0060 477 276 500 369
chair 0.0039 321 178 478 358
chair 0.0011 347 291 462 371
chair 0.0010 245 229 483 370
diningtable 0.0015 176 238 401 370
diningtable 0.0012 254 296 398 368
diningtable 0.0010 142 218 510 384
person 0.8879 8 110 186 388
person 0.6010 165 53 411 377
person 0.5945 300 48 505 384
person 0.2921 165 43 246 319
person 0.1668 212 49 346 324
person 0.1450 10 47 182 266
person 0.0954 139 67 276 363
person 0.0781 -2 57 111 377
person 0.0624 90 41 332 392
person 0.0417 113 67 241 258
person 0.0406 234 30 327 123
person 0.0401 -7 43 65 331
person 0.0286 46 57 219 211
person 0.0195 166 54 247 156
person 0.0184 0 81 24 250
person 0.0184 61 83 213 295
person 0.0175 276 46 455 270
person 0.0174 264 65 382 309
person 0.0109 114 108 226 379
person 0.0108 166 40 253 110
person 0.0099 201 41 299 113
person 0.0098 83 59 178 150
person 0.0071 125 58 216 149
person 0.0070 169 33 331 180
person 0.0069 229 79 254 108
person 0.0066 173 57 233 104
person 0.0065 -6 38 274 337
person 0.0060 148 54 264 210
person 0.0046 0 174 23 328
person 0.0046 172 91 196 123
person 0.0042 175 190 402 355
person 0.0041 168 71 266 121
person 0.0040 -11 39 129 225
person 0.0040 -10 146 67 399
person 0.0035 102 86 185 186
person 0.0026 143 125 212 255
person 0.0026 100 39 245 172
person 0.0024 50 74 142 189
person 0.0022 168 77 201 136
person 0.0021 373 87 492 343
person 0.0021 78 127 170 233
person 0.0020 208 75 293 178
person 0.0020 66 133 101 227
person 0.0019 245 38 312 95
person 0.0019 261 135 469 353
person 0.0019 -10 213 134 377
person 0.0018 -1 232 20 386
person 0.0018 222 71 260 118
person 0.0017 -5 163 351 382
person 0.0017 79 184 266 359
person 0.0017 -2 119 61 257
person 0.0015 4 134 42 281
person 0.0013 161 89 237 222
person 0.0013 33 109 157 210
person 0.0012 237 47 287 106
person 0.0012 437 230 476 303
person 0.0012 0 171 58 320
person 0.0012 477 201 501 330
person 0.0012 148 126 183 262
person 0.0011 142 114 183 189
person 0.0010 48 128 119 231
person 0.0010 172 77 196 109
sofa 0.0033 204 151 525 393
sofa 0.0017 202 236 449 369
