aeroplane 0.1273 -8 107 431 227
aeroplane 0.0022 -1 140 134 182
aeroplane 0.0021 36 127 306 219
aeroplane 0.0020 -2 132 57 167
aeroplane 0.0016 7 127 126 169
aeroplane 0.0014 35 139 157 200
aeroplane 0.0014 -27 8 450 223
aeroplane 0.0013 3 140 50 159
aeroplane 0.0010 5 105 195 220
boat 0.0504 -8 103 507 230
boat 0.0427 44 120 378 217
boat 0.0160 182 133 317 202
boat 0.0107 214 143 365 195
boat 0.0036 269 135 385 196
boat 0.0031 122 90 377 192
boat 0.0026 182 115 316 177
boat 0.0025 232 107 416 223
boat 0.0023 223 119 354 174
boat 0.0021 219 162 358 217
boat 0.0017 271 113 384 177
boat 0.0014 168 136 406 240
boat 0.0014 190 159 309 225
boat 0.0012 318 121 363 178
car 0.0039 -1 152 56 168
car 0.0016 -2 144 59 175
car 0.0015 -1 150 26 170
person 0.0097 219 137 254 159
person 0.0053 207 139 241 161
person 0.0029 213 140 268 179
