bottle 0.0056 89 2 130 42
bottle 0.0016 101 -3 143 32
bottle 0.0010 216 0 263 11
car 0.8240 48 53 528 223
car 0.1033 162 1 489 202
car 0.0851 10 3 90 47
car 0.0245 -4 36 351 202
car 0.0149 164 76 413 201
car 0.0127 92 79 328 197
car 0.0036 9 8 86 83
car 0.0028 367 34 499 168
car 0.0020 42 3 139 46
car 0.0019 -6 -4 105 33
car 0.0016 221 35 432 169
car 0.0012 153 36 351 166
car 0.0011 -6 -3 61 59
car 0.0011 -5 -13 111 69
chair 0.0022 6 5 88 75
chair 0.0010 134 0 269 26
person 0.0025 -18 17 67 184
person 0.0017 472 84 500 163
person 0.0012 -1 31 21 124
person 0.0011 232 0 285 10
