aeroplane 0.0077 252 337 475 375
boat 0.0067 56 174 114 214
boat 0.0020 153 178 265 255
boat 0.0020 -2 183 25 209
boat 0.0019 117 183 231 252
boat 0.0018 305 196 341 245
boat 0.0017 50 185 88 211
boat 0.0017 124 155 296 287
boat 0.0015 151 161 178 256
boat 0.0015 70 158 179 233
boat 0.0013 315 191 350 254
boat 0.0013 82 182 190 251
boat 0.0013 454 158 494 231
boat 0.0013 92 172 242 317
boat 0.0013 4 197 51 215
boat 0.0012 289 208 425 265
boat 0.0012 7 174 124 218
boat 0.0012 19 201 74 217
boat 0.0011 41 199 93 216
boat 0.0010 304 223 332 248
boat 0.0010 86 197 126 217
bus 0.0791 341 198 455 242
bus 0.0179 283 197 427 244
bus 0.0017 325 200 386 242
bus 0.0013 337 207 409 240
car 0.1276 369 211 421 229
car 0.0167 361 205 430 236
car 0.0153 225 331 447 373
car 0.0145 414 211 448 230
car 0.0131 390 212 435 231
car 0.0063 346 215 401 233
car 0.0035 335 213 376 235
car 0.0030 431 210 469 230
car 0.0029 169 335 329 377
car 0.0022 389 202 438 224
car 0.0015 455 197 490 221
car 0.0012 380 194 446 230
chair 0.0010 420 319 482 359
cow 0.2250 102 239 226 316
cow 0.0010 131 238 193 298
horse 0.3708 103 248 231 303
horse 0.0515 84 221 255 321
person 0.0027 270 220 289 250
person 0.0019 127 223 156 251
person 0.0017 169 223 190 255
person 0.0017 308 204 332 242
person 0.0015 112 223 138 249
person 0.0015 266 211 287 243
person 0.0014 323 205 345 244
person 0.0010 455 144 493 216
train 0.0124 324 194 419 254
