bottle 0.0010 112 0 210 103
dog 0.0315 60 11 516 306
person 0.5689 179 -4 473 380
person 0.2787 50 -22 372 397
person 0.0127 163 276 242 368
person 0.0073 225 49 429 325
person 0.0048 43 177 223 365
person 0.0031 124 48 300 324
person 0.0026 128 251 218 358
person 0.0025 100 234 246 374
person 0.0025 83 -1 255 148
person 0.0024 331 174 480 371
person 0.0017 163 183 340 360
person 0.0014 257 14 548 303
person 0.0012 311 84 495 292
person 0.0011 81 1 182 87
person 0.0011 165 272 206 376
person 0.0010 22 4 170 198
