bird 0.0010 31 113 59 138
bus 0.0014 0 185 25 260
car 0.0132 2 223 22 255
car 0.0079 9 229 40 252
car 0.0030 -1 236 26 262
car 0.0021 73 225 102 247
car 0.0019 90 226 120 249
car 0.0010 50 228 84 248
car 0.0010 0 209 26 265
person 0.0046 40 232 58 272
person 0.0024 358 119 388 182
person 0.0022 131 226 157 256
person 0.0016 439 208 459 242
person 0.0015 34 223 63 279
person 0.0015 363 129 385 170
person 0.0010 34 250 62 275
pottedplant 0.0011 477 188 500 287
train 0.6854 39 26 461 290
train 0.0162 218 73 433 299
train 0.0106 127 84 375 289
train 0.0058 8 188 85 257
train 0.0022 4 192 49 255
train 0.0011 32 115 237 261
tvmonitor 0.0044 313 71 404 121
