bottle 0.0022 124 0 161 18
bottle 0.0017 113 0 168 34
car 0.0526 31 -1 156 33
car 0.0175 -9 0 109 39
car 0.0063 0 2 19 36
car 0.0044 -3 -1 53 40
car 0.0023 -5 -6 141 22
car 0.0018 12 0 123 63
dog 0.0016 80 74 267 260
dog 0.0013 147 194 220 279
dog 0.0012 -7 86 353 295
horse 0.3393 46 63 377 268
person 0.3206 48 24 374 257
person 0.0518 209 26 360 166
person 0.0338 320 33 387 139
person 0.0150 339 27 382 113
person 0.0045 325 299 352 323
person 0.0021 317 71 387 169
pottedplant 0.0012 382 10 438 50
sheep 0.0146 355 301 393 321
sheep 0.0051 333 298 373 322
sheep 0.0010 372 303 416 320
