car 0.0137 479 259 501 361
car 0.0093 481 289 499 328
car 0.0067 479 279 500 314
chair 0.0433 427 121 513 305
chair 0.0178 -3 263 97 384
chair 0.0176 332 122 478 302
chair 0.0162 470 182 499 319
chair 0.0103 438 189 503 293
chair 0.0080 3 175 123 371
chair 0.0072 19 125 251 262
chair 0.0051 -5 324 97 377
chair 0.0051 459 195 493 305
chair 0.0049 319 295 418 374
chair 0.0047 419 124 486 257
chair 0.0043 31 230 217 376
chair 0.0038 476 225 500 334
chair 0.0035 -1 251 63 352
chair 0.0033 326 324 382 376
chair 0.0032 8 225 99 324
chair 0.0026 385 159 501 320
chair 0.0024 13 195 106 293
chair 0.0023 359 160 448 272
chair 0.0021 193 241 307 306
chair 0.0021 1 309 132 370
chair 0.0021 199 201 302 276
chair 0.0018 69 289 181 371
chair 0.0015 124 180 298 255
chair 0.0015 474 143 499 245
chair 0.0014 16 269 175 348
chair 0.0014 33 167 238 319
chair 0.0013 49 195 143 294
chair 0.0012 220 206 354 272
chair 0.0012 308 329 479 372
chair 0.0012 39 142 154 228
chair 0.0011 -5 305 58 372
chair 0.0011 -2 269 28 378
chair 0.0011 38 179 156 250
chair 0.0011 224 178 353 251
chair 0.0010 309 268 495 384
chair 0.0010 18 166 95 264
chair 0.0010 153 240 271 309
chair 0.0010 274 306 397 372
chair 0.0010 78 209 190 282
diningtable 0.0015 -44 211 390 392
person 0.0016 478 271 500 377
sofa 0.2755 12 114 487 375
sofa 0.0952 -19 108 441 265
sofa 0.0292 59 147 361 278
sofa 0.0224 181 113 547 317
sofa 0.0212 -8 239 201 368
sofa 0.0087 247 138 478 290
sofa 0.0077 144 162 357 326
sofa 0.0019 110 92 389 231
