bottle 0.0048 125 135 142 229
bottle 0.0014 95 -2 120 22
bottle 0.0013 158 221 193 295
bottle 0.0011 277 7 295 43
bottle 0.0011 128 149 139 217
chair 0.0141 0 74 77 338
chair 0.0036 6 97 65 241
horse 0.0020 18 231 314 495
person 0.8271 47 29 285 471
person 0.1105 72 60 158 437
person 0.0505 174 -3 219 63
person 0.0194 94 70 238 425
person 0.0184 85 49 112 119
person 0.0115 156 57 283 442
person 0.0089 165 8 225 98
person 0.0086 225 71 250 139
person 0.0070 0 69 17 105
person 0.0063 97 58 116 106
person 0.0058 56 86 126 415
person 0.0043 88 48 109 92
person 0.0038 62 59 75 112
person 0.0038 312 130 332 310
person 0.0030 89 41 120 99
person 0.0025 130 46 254 295
person 0.0023 103 27 176 101
person 0.0022 171 0 199 28
person 0.0021 20 66 40 99
person 0.0021 181 -2 253 63
person 0.0018 122 26 210 101
person 0.0018 0 60 18 148
person 0.0017 109 38 185 135
person 0.0016 117 9 317 338
person 0.0016 75 62 93 106
person 0.0015 58 47 78 125
person 0.0013 8 69 30 98
person 0.0013 58 42 121 147
person 0.0013 156 1 193 61
person 0.0013 192 0 229 20
person 0.0013 68 128 149 233
person 0.0012 107 50 135 120
person 0.0012 133 -16 199 56
person 0.0012 215 122 320 380
person 0.0012 101 171 332 480
person 0.0012 85 175 143 329
person 0.0012 67 78 117 196
person 0.0011 179 0 241 129
person 0.0011 169 -4 202 93
person 0.0010 314 115 333 211
person 0.0010 23 53 40 88
person 0.0010 173 2 196 51
