chair 0.8159 297 227 373 336
chair 0.7167 217 221 296 339
chair 0.6740 361 211 431 330
chair 0.6566 67 221 146 336
chair 0.6379 22 203 89 338
chair 0.2289 147 203 215 350
chair 0.1810 326 212 407 327
chair 0.1456 167 205 242 346
chair 0.1102 244 216 336 334
chair 0.1070 89 233 162 358
chair 0.0467 84 210 159 298
chair 0.0219 14 212 111 380
chair 0.0211 329 214 373 291
chair 0.0153 365 185 427 288
chair 0.0125 279 210 366 296
chair 0.0112 118 229 235 361
chair 0.0105 389 199 433 305
chair 0.0097 310 268 360 351
chair 0.0093 291 218 338 289
chair 0.0091 33 186 94 289
chair 0.0085 162 215 209 321
chair 0.0080 127 213 168 291
chair 0.0072 30 186 141 320
chair 0.0069 282 234 314 331
chair 0.0068 157 268 241 352
chair 0.0065 280 215 317 289
chair 0.0062 0 193 22 311
chair 0.0055 36 241 133 349
chair 0.0054 25 265 102 347
chair 0.0053 202 204 282 304
chair 0.0051 126 264 168 356
chair 0.0050 359 198 396 306
chair 0.0044 205 239 366 349
chair 0.0043 -4 223 65 324
chair 0.0041 24 238 74 324
chair 0.0038 233 195 283 278
chair 0.0032 436 247 502 351
chair 0.0032 106 214 179 322
chair 0.0031 171 216 222 290
chair 0.0031 42 255 92 334
chair 0.0031 141 209 178 327
chair 0.0030 290 246 343 345
chair 0.0028 196 258 289 357
chair 0.0024 230 203 289 241
chair 0.0023 96 280 153 338
chair 0.0021 342 220 458 376
chair 0.0021 332 238 374 350
chair 0.0020 64 253 102 338
chair 0.0020 302 262 427 332
chair 0.0020 24 202 75 275
chair 0.0019 309 216 362 264
chair 0.0018 86 247 131 342
chair 0.0017 129 207 158 234
chair 0.0017 111 267 210 350
chair 0.0016 412 211 453 321
chair 0.0016 233 200 317 305
chair 0.0015 289 201 339 241
chair 0.0014 335 183 370 233
chair 0.0013 305 190 442 314
chair 0.0013 356 244 390 344
chair 0.0013 437 198 501 299
chair 0.0012 336 224 370 250
chair 0.0012 259 216 302 318
chair 0.0012 396 190 463 311
chair 0.0012 156 299 215 345
chair 0.0012 254 268 340 348
chair 0.0011 420 197 522 357
chair 0.0011 120 205 201 299
chair 0.0011 205 210 237 297
chair 0.0010 154 178 266 322
chair 0.0010 252 196 399 311
chair 0.0010 108 196 140 222
chair 0.0010 -2 238 27 352
chair 0.0010 85 210 132 267
chair 0.0010 66 215 101 318
chair 0.0010 124 194 160 250
diningtable 0.2111 275 219 373 339
diningtable 0.0498 303 202 429 330
diningtable 0.0036 89 183 486 363
person 0.0016 250 79 276 106
person 0.0010 405 103 557 272
pottedplant 0.0306 95 180 120 211
pottedplant 0.0135 284 132 316 198
pottedplant 0.0044 287 132 312 168
pottedplant 0.0034 93 196 125 221
pottedplant 0.0018 106 183 136 211
pottedplant 0.0017 252 141 327 232
pottedplant 0.0015 287 144 311 183
pottedplant 0.0015 281 126 312 149
pottedplant 0.0013 99 176 143 217
pottedplant 0.0013 131 131 167 201
pottedplant 0.0010 95 167 118 198
tvmonitor 0.5162 373 197 419 248
tvmonitor 0.4546 40 197 87 247
tvmonitor 0.2195 180 128 260 203
tvmonitor 0.1648 199 140 250 194
tvmonitor 0.1109 379 204 411 238
tvmonitor 0.0556 442 222 499 339
tvmonitor 0.0519 379 192 410 226
tvmonitor 0.0323 447 233 504 298
tvmonitor 0.0235 15 187 83 258
tvmonitor 0.0147 297 198 335 223
tvmonitor 0.0119 150 78 182 139
tvmonitor 0.0119 31 204 70 236
tvmonitor 0.0117 47 194 80 229
tvmonitor 0.0049 471 154 502 262
tvmonitor 0.0045 430 161 508 256
tvmonitor 0.0044 162 199 208 218
tvmonitor 0.0042 360 183 429 239
tvmonitor 0.0032 158 116 265 257
tvmonitor 0.0032 124 199 159 221
tvmonitor 0.0030 205 133 277 234
tvmonitor 0.0029 139 130 177 203
tvmonitor 0.0028 314 196 355 221
tvmonitor 0.0027 -2 162 20 284
tvmonitor 0.0027 207 147 239 185
tvmonitor 0.0026 176 200 223 221
tvmonitor 0.0026 394 205 428 235
tvmonitor 0.0025 34 197 68 225
tvmonitor 0.0018 450 169 497 247
tvmonitor 0.0018 30 184 103 238
tvmonitor 0.0016 168 193 228 227
tvmonitor 0.0015 359 186 397 234
tvmonitor 0.0013 238 197 278 221
tvmonitor 0.0012 361 194 392 224
tvmonitor 0.0011 164 138 202 219
tvmonitor 0.0010 180 138 226 195
