bottle 0.1827 166 131 205 186
bottle 0.0078 172 137 196 181
bus 0.0735 253 44 471 185
bus 0.0394 76 43 423 237
bus 0.0231 135 64 365 175
bus 0.0047 131 75 285 204
bus 0.0044 162 103 257 185
bus 0.0030 257 56 393 124
bus 0.0026 80 6 496 173
bus 0.0022 267 80 383 153
bus 0.0020 186 79 312 160
bus 0.0019 163 45 411 147
bus 0.0017 323 74 471 202
bus 0.0012 150 86 272 150
bus 0.0010 351 79 458 153
car 0.2083 47 116 452 266
car 0.0700 33 127 237 264
car 0.0571 137 26 439 255
car 0.0474 162 146 410 278
car 0.0296 74 154 343 270
car 0.0202 162 136 257 203
car 0.0108 148 87 351 252
car 0.0103 100 141 186 202
car 0.0086 87 105 258 234
car 0.0075 76 151 192 226
car 0.0072 131 166 234 255
car 0.0069 124 138 230 206
car 0.0039 191 105 307 181
car 0.0038 265 108 367 186
car 0.0034 196 141 245 199
car 0.0033 -28 134 297 298
car 0.0032 196 135 303 196
car 0.0026 225 73 419 203
car 0.0026 16 168 98 270
car 0.0025 153 154 265 233
car 0.0025 43 153 147 236
car 0.0022 116 109 226 180
car 0.0020 172 159 228 212
car 0.0018 348 98 458 185
car 0.0013 308 115 400 206
car 0.0010 252 123 342 174
person 0.2784 332 61 370 103
person 0.1579 168 119 204 176
person 0.1176 203 116 244 182
person 0.0775 217 111 253 187
person 0.0242 185 110 259 188
person 0.0192 284 81 312 105
person 0.0179 179 131 215 185
person 0.0177 360 117 386 201
person 0.0126 104 146 138 199
person 0.0112 149 122 176 144
person 0.0108 260 86 295 104
person 0.0093 276 61 319 103
person 0.0086 323 81 352 106
person 0.0081 302 67 325 99
person 0.0074 222 72 255 172
person 0.0073 325 65 352 99
person 0.0066 298 82 328 106
person 0.0064 149 127 219 191
person 0.0050 94 166 126 232
person 0.0045 171 119 198 151
person 0.0041 294 60 330 105
person 0.0041 270 129 323 169
person 0.0039 164 148 204 193
person 0.0039 245 85 274 107
person 0.0038 317 56 395 109
person 0.0038 238 117 276 180
person 0.0037 229 86 256 108
person 0.0033 227 79 259 139
person 0.0030 174 123 194 170
person 0.0028 143 131 184 188
person 0.0027 318 71 361 115
person 0.0023 339 76 364 109
person 0.0023 106 149 136 174
person 0.0023 185 122 214 152
person 0.0022 208 128 235 166
person 0.0022 186 128 210 166
person 0.0019 175 116 220 158
person 0.0019 92 148 128 201
person 0.0018 291 74 334 114
person 0.0018 268 71 293 100
person 0.0014 225 116 248 150
person 0.0014 316 49 361 95
person 0.0014 171 156 195 187
person 0.0012 255 123 304 171
person 0.0012 142 117 186 153
person 0.0011 261 58 300 109
person 0.0010 212 115 233 152
person 0.0010 300 144 328 174
person 0.0010 218 140 258 201
person 0.0010 334 56 373 162
person 0.0010 206 66 276 177
