bicycle 0.0010 471 -6 501 76
person 0.0104 358 -4 390 52
person 0.0054 0 59 132 317
person 0.0052 373 1 417 66
person 0.0020 393 -2 427 72
person 0.0018 449 2 497 67
person 0.0015 -33 26 227 348
person 0.0010 471 -14 501 57
pottedplant 0.0030 468 60 502 154
sheep 0.7510 198 109 376 251
sheep 0.0514 263 133 380 238
sheep 0.0088 200 109 307 209
sheep 0.0083 201 102 246 148
sheep 0.0076 230 105 344 215
sheep 0.0049 154 88 422 286
sheep 0.0049 76 99 423 389
sheep 0.0029 160 146 263 224
sheep 0.0026 207 176 371 246
sheep 0.0018 119 111 304 258
sheep 0.0017 317 145 416 221
sheep 0.0016 227 145 414 268
sheep 0.0013 155 147 344 339
sheep 0.0012 170 120 267 199
sheep 0.0011 221 108 255 134
sheep 0.0010 185 103 309 164
