bird 0.0010 66 200 107 224
car 0.0022 443 229 500 245
cow 0.0577 386 199 437 253
cow 0.0327 284 194 442 246
cow 0.0080 373 203 422 245
cow 0.0073 398 222 456 253
cow 0.0028 388 192 490 253
cow 0.0028 368 214 458 256
cow 0.0028 55 196 155 250
cow 0.0018 291 216 457 250
cow 0.0010 272 164 456 258
person 0.0011 40 194 149 250
sheep 0.6792 183 203 225 249
sheep 0.2667 62 196 107 251
sheep 0.2221 288 206 342 245
sheep 0.0542 261 199 294 223
sheep 0.0248 279 209 319 239
sheep 0.0204 407 227 449 250
sheep 0.0202 187 218 218 250
sheep 0.0117 274 191 387 240
sheep 0.0107 263 206 294 235
sheep 0.0100 72 199 126 245
sheep 0.0090 396 219 433 253
sheep 0.0076 296 219 332 248
sheep 0.0072 300 206 372 243
sheep 0.0046 380 221 414 250
sheep 0.0035 198 209 235 241
sheep 0.0033 382 206 411 241
sheep 0.0021 395 206 427 244
sheep 0.0015 310 223 360 245
sheep 0.0013 185 200 218 222
sheep 0.0012 396 238 432 259
sheep 0.0012 84 205 119 240
sheep 0.0011 65 219 102 249
sheep 0.0010 276 216 433 253
