bus 0.0020 3 190 45 285
bus 0.0019 5 215 107 289
bus 0.0016 0 115 133 315
bus 0.0014 -3 203 33 272
bus 0.0012 39 213 146 288
car 0.8325 145 226 439 361
car 0.7690 94 260 155 297
car 0.6727 3 259 94 303
car 0.2760 12 252 167 290
car 0.0536 82 266 130 295
car 0.0452 60 259 111 303
car 0.0177 125 257 160 283
car 0.0152 150 237 178 263
car 0.0135 0 262 20 298
car 0.0131 174 236 400 306
car 0.0124 -2 253 26 309
car 0.0068 74 247 186 292
car 0.0065 120 249 163 289
car 0.0057 108 258 147 280
car 0.0056 6 265 49 300
car 0.0042 145 252 180 277
car 0.0036 161 240 199 262
car 0.0034 16 266 79 292
car 0.0027 131 210 310 342
car 0.0026 154 238 274 308
car 0.0025 -6 211 122 330
car 0.0025 141 243 184 287
car 0.0024 147 231 183 274
car 0.0023 49 264 90 300
car 0.0022 197 258 383 340
car 0.0021 210 225 365 274
car 0.0020 83 259 126 281
car 0.0019 69 280 104 303
car 0.0018 153 228 178 255
car 0.0015 68 259 106 280
car 0.0013 87 281 121 303
car 0.0012 235 219 355 258
car 0.0012 137 221 266 282
car 0.0010 3 263 125 321
car 0.0010 73 251 136 288
person 0.0299 400 220 426 284
person 0.0115 300 214 342 259
person 0.0097 431 207 463 297
person 0.0049 411 214 447 291
person 0.0045 461 282 488 308
person 0.0034 403 218 422 262
person 0.0029 401 245 425 281
person 0.0027 476 277 497 308
person 0.0025 0 101 22 200
person 0.0024 319 217 346 254
person 0.0017 305 206 334 238
person 0.0017 243 238 273 265
person 0.0016 386 236 408 269
person 0.0014 243 227 275 251
person 0.0013 1 129 19 172
person 0.0012 0 40 25 176
person 0.0012 276 226 318 249
person 0.0012 392 202 470 303
person 0.0011 475 175 500 299
person 0.0011 224 237 256 263
pottedplant 0.0772 450 165 490 220
pottedplant 0.0139 393 44 488 273
pottedplant 0.0111 458 174 483 211
pottedplant 0.0097 427 83 517 292
pottedplant 0.0095 440 122 502 253
pottedplant 0.0049 458 165 485 198
pottedplant 0.0048 467 166 504 219
pottedplant 0.0045 403 137 484 244
pottedplant 0.0032 380 118 500 314
pottedplant 0.0026 427 163 472 223
pottedplant 0.0020 406 95 475 221
pottedplant 0.0016 476 173 500 212
pottedplant 0.0013 418 159 486 290
pottedplant 0.0012 428 170 468 278
train 0.0066 -15 78 133 296
train 0.0013 -73 34 189 340
