cat 0.4922 29 120 202 464
cat 0.0215 48 220 182 432
chair 0.0014 203 395 290 450
chair 0.0011 219 362 335 447
person 0.7144 42 8 345 370
person 0.4791 28 71 203 446
person 0.0847 121 58 318 456
person 0.0061 128 8 205 88
person 0.0039 118 59 270 319
person 0.0026 321 112 335 282
person 0.0024 100 -7 236 173
person 0.0022 77 102 207 346
person 0.0021 104 1 176 90
person 0.0015 168 24 372 354
person 0.0014 152 6 232 102
person 0.0014 180 31 310 273
person 0.0014 158 331 330 448
person 0.0013 -35 127 166 457
person 0.0012 127 -2 220 52
person 0.0012 46 -52 288 225
tvmonitor 0.0056 256 361 338 441
tvmonitor 0.0010 226 327 317 403
