bicycle 0.7907 58 121 152 263
bicycle 0.4616 441 45 504 119
bicycle 0.2394 213 164 432 320
bicycle 0.1316 434 75 505 138
bicycle 0.0658 471 51 500 139
bicycle 0.0602 154 65 423 317
bicycle 0.0332 106 91 178 202
bicycle 0.0294 75 167 133 279
bicycle 0.0199 399 46 492 122
bicycle 0.0152 398 61 432 125
bicycle 0.0149 183 89 260 205
bicycle 0.0144 135 115 185 177
bicycle 0.0130 419 27 519 147
bicycle 0.0094 425 84 482 129
bicycle 0.0089 211 243 442 339
bicycle 0.0055 452 54 521 137
bicycle 0.0054 316 262 422 333
bicycle 0.0043 378 50 452 138
bicycle 0.0043 255 258 398 333
bicycle 0.0034 173 60 266 264
bicycle 0.0028 89 90 249 241
bicycle 0.0028 121 131 215 202
bicycle 0.0026 196 73 241 167
bicycle 0.0023 75 123 171 222
bicycle 0.0021 52 122 125 223
bicycle 0.0017 208 107 242 213
bicycle 0.0014 117 60 218 218
bicycle 0.0013 296 241 509 344
bicycle 0.0012 139 111 263 182
bicycle 0.0010 20 120 93 207
bicycle 0.0010 261 218 466 323
bicycle 0.0010 348 264 463 331
car 0.1765 166 59 204 78
car 0.0208 161 52 212 84
car 0.0047 147 57 185 76
car 0.0036 182 56 214 78
car 0.0020 248 32 276 55
car 0.0016 468 217 501 334
car 0.0013 166 49 200 73
car 0.0012 417 46 443 68
car 0.0011 245 18 274 45
person 0.9449 44 18 154 213
person 0.7126 211 4 442 329
person 0.5139 441 22 502 121
person 0.4019 90 35 168 205
person 0.2118 200 13 282 224
person 0.1663 471 18 499 123
person 0.1144 390 20 431 121
person 0.0779 194 13 253 151
person 0.0318 203 11 375 227
person 0.0168 54 60 113 210
person 0.0150 347 0 446 129
person 0.0129 448 13 497 81
person 0.0115 124 46 167 171
person 0.0095 202 20 271 110
person 0.0079 300 13 420 217
person 0.0067 -9 6 202 276
person 0.0061 58 92 138 192
person 0.0061 38 67 68 203
person 0.0055 406 23 488 108
person 0.0053 359 7 447 78
person 0.0050 457 68 488 101
person 0.0048 476 27 500 60
person 0.0045 367 47 451 125
person 0.0041 113 -12 388 295
person 0.0037 208 46 268 188
person 0.0030 25 82 93 201
person 0.0029 307 28 425 97
person 0.0025 461 52 487 90
person 0.0019 476 37 501 76
person 0.0019 200 52 240 164
person 0.0018 472 -9 500 75
person 0.0016 44 55 81 189
person 0.0016 341 26 468 204
person 0.0015 190 -2 290 133
person 0.0014 214 22 256 94
person 0.0013 326 0 409 79
person 0.0013 470 207 500 319
person 0.0012 372 2 509 128
person 0.0012 404 72 423 117
person 0.0012 98 45 174 138
person 0.0011 477 73 499 119
person 0.0011 409 45 445 94
person 0.0010 478 47 499 94
