bottle 0.0432 -12 76 54 311
bottle 0.0029 0 105 30 239
bottle 0.0027 4 129 41 267
bottle 0.0011 2 83 43 211
person 0.8028 112 1 464 332
person 0.1996 55 -5 290 338
person 0.0379 438 134 502 309
person 0.0260 -9 97 62 333
person 0.0193 56 39 213 292
person 0.0164 8 244 126 332
person 0.0151 288 22 518 310
person 0.0123 191 38 386 294
person 0.0074 386 45 495 288
person 0.0069 -38 50 231 333
person 0.0065 0 61 25 182
person 0.0051 469 140 499 281
person 0.0047 -12 29 57 256
person 0.0045 135 43 293 287
person 0.0044 1 81 99 303
person 0.0043 0 266 21 334
person 0.0034 0 293 20 330
person 0.0031 442 141 501 233
person 0.0030 7 94 416 339
person 0.0029 3 270 43 329
person 0.0022 -8 248 64 340
person 0.0019 0 133 31 263
person 0.0016 375 144 507 338
person 0.0015 85 126 259 308
person 0.0014 246 12 408 215
person 0.0014 -1 190 23 308
person 0.0012 273 99 457 281
