bottle 0.0040 38 58 63 87
car 0.8930 340 85 443 135
car 0.6271 0 111 180 321
car 0.4354 144 82 251 131
car 0.1447 322 97 496 288
car 0.1232 139 71 225 121
car 0.0243 129 95 218 179
car 0.0227 378 92 449 131
car 0.0198 107 147 179 221
car 0.0178 320 63 485 215
car 0.0165 -6 84 134 255
car 0.0148 150 83 291 255
car 0.0137 323 75 467 161
car 0.0124 296 132 376 213
car 0.0116 162 99 264 178
car 0.0095 88 78 241 138
car 0.0085 164 89 236 124
car 0.0079 52 77 207 214
car 0.0069 139 70 272 161
car 0.0060 108 82 239 205
car 0.0057 292 91 445 242
car 0.0056 334 87 373 133
car 0.0055 83 100 186 180
car 0.0044 266 114 382 272
car 0.0042 9 178 117 349
car 0.0040 99 97 252 290
car 0.0037 277 148 458 334
car 0.0037 9 32 182 200
car 0.0031 308 144 360 202
car 0.0025 404 101 451 137
car 0.0023 312 107 416 166
car 0.0018 346 98 405 139
car 0.0016 85 86 184 145
car 0.0016 386 91 494 142
car 0.0015 364 99 423 118
car 0.0015 152 86 212 154
car 0.0014 311 127 416 205
car 0.0014 178 80 300 137
car 0.0014 126 125 215 204
car 0.0010 227 94 503 338
chair 0.0025 271 117 378 314
chair 0.0012 207 222 281 313
person 0.9513 177 97 308 338
person 0.1157 138 75 360 308
person 0.0359 201 140 277 336
person 0.0113 204 164 287 270
person 0.0082 325 84 357 134
person 0.0072 220 123 353 310
person 0.0050 111 103 229 330
person 0.0046 171 61 307 229
person 0.0034 313 157 356 210
person 0.0025 183 142 300 239
person 0.0014 479 115 503 228
person 0.0012 331 318 381 332
person 0.0011 478 70 500 171
person 0.0011 -6 124 21 219
person 0.0010 0 8 23 84
pottedplant 0.0061 89 2 179 76
pottedplant 0.0048 117 12 208 103
pottedplant 0.0037 308 22 402 92
pottedplant 0.0022 309 34 366 80
pottedplant 0.0018 58 -26 210 105
pottedplant 0.0016 84 36 184 95
tvmonitor 0.0032 363 121 506 310
