bicycle 0.5836 19 30 480 352
bicycle 0.0055 198 29 530 303
bicycle 0.0049 22 105 324 329
bicycle 0.0035 123 86 301 299
bicycle 0.0022 389 80 498 142
bicycle 0.0019 228 96 426 288
bicycle 0.0011 360 38 507 194
bicycle 0.0011 312 103 491 285
bottle 0.0078 284 89 306 127
bottle 0.0018 160 20 198 43
bottle 0.0016 229 103 250 133
bottle 0.0015 262 86 302 127
bus 0.0011 -37 134 459 348
person 0.0066 277 86 309 127
person 0.0053 0 114 26 255
person 0.0030 432 76 507 150
person 0.0023 330 11 373 56
person 0.0019 157 0 210 40
person 0.0017 479 184 500 288
person 0.0015 -1 157 23 290
person 0.0015 339 9 375 28
person 0.0015 477 143 500 255
person 0.0014 -7 66 113 267
person 0.0014 326 18 395 103
person 0.0010 369 85 500 157
person 0.0010 238 194 279 254
pottedplant 0.0071 203 194 240 254
pottedplant 0.0026 210 207 233 241
pottedplant 0.0019 215 -4 267 42
pottedplant 0.0014 238 0 279 16
pottedplant 0.0013 199 -2 239 42
pottedplant 0.0010 202 0 239 17
tvmonitor 0.3490 403 2 499 64
tvmonitor 0.0103 384 -5 496 43
tvmonitor 0.0084 404 17 492 105
tvmonitor 0.0046 384 -7 507 91
tvmonitor 0.0036 408 6 465 53
tvmonitor 0.0024 236 85 275 128
tvmonitor 0.0017 440 7 499 56
tvmonitor 0.0016 316 10 402 73
