bird 0.0983 321 141 497 322
bird 0.0973 90 13 331 344
bird 0.0193 102 145 322 321
bird 0.0071 189 55 304 304
bird 0.0065 71 64 274 292
bird 0.0043 197 100 301 198
bird 0.0027 267 77 538 334
bird 0.0025 369 81 509 277
bird 0.0015 98 164 478 355
bird 0.0013 145 135 277 223
bird 0.0012 392 182 490 285
bird 0.0012 358 156 459 257
bird 0.0011 220 190 430 337
chair 0.0222 285 4 376 72
chair 0.0123 296 -9 379 50
chair 0.0023 292 7 337 62
chair 0.0019 304 8 423 65
chair 0.0015 369 8 424 56
chair 0.0013 322 -1 388 40
chair 0.0010 270 -14 382 147
person 0.0129 -8 -4 278 361
person 0.0015 121 109 454 355
person 0.0013 209 110 367 303
