bottle 0.3082 1 250 32 345
bottle 0.0505 -1 242 41 389
bottle 0.0475 -2 230 20 396
bottle 0.0370 62 225 133 502
bottle 0.0251 40 223 108 506
bottle 0.0231 9 271 28 322
bottle 0.0121 69 322 125 487
bottle 0.0055 21 248 49 386
bottle 0.0052 0 269 17 327
bottle 0.0049 -13 207 51 449
bottle 0.0047 9 260 29 303
bottle 0.0044 63 247 124 408
bottle 0.0039 -1 243 23 320
bottle 0.0036 10 251 63 399
bottle 0.0036 51 277 101 451
bottle 0.0026 -3 222 87 506
bottle 0.0022 26 275 44 322
bottle 0.0017 -17 236 33 363
bottle 0.0012 72 477 114 500
bottle 0.0011 1 277 34 433
bottle 0.0010 79 202 109 280
chair 0.0027 338 272 373 364
chair 0.0019 356 279 374 319
chair 0.0016 353 274 376 433
chair 0.0016 331 337 382 466
chair 0.0010 -6 331 46 474
person 0.8962 30 -9 344 509
person 0.0680 96 150 392 501
person 0.0188 5 201 311 525
person 0.0182 -5 23 208 476
person 0.0092 104 74 270 423
person 0.0025 178 55 426 444
person 0.0024 127 200 305 448
person 0.0024 170 89 320 405
person 0.0013 18 119 130 385
person 0.0012 0 313 19 511
person 0.0011 87 444 230 505
person 0.0011 355 299 375 487
tvmonitor 0.0026 59 317 123 468
