car 0.0017 275 -3 498 308
chair 0.4116 20 126 93 237
chair 0.3711 22 153 151 318
chair 0.1232 179 183 242 288
chair 0.0901 -3 191 26 261
chair 0.0608 37 146 123 254
chair 0.0589 6 135 45 236
chair 0.0313 20 171 101 298
chair 0.0194 194 186 268 272
chair 0.0182 0 128 24 244
chair 0.0162 4 199 45 252
chair 0.0138 162 174 195 250
chair 0.0128 153 166 259 311
chair 0.0124 90 150 170 266
chair 0.0081 57 195 206 319
chair 0.0080 59 125 143 220
chair 0.0080 128 164 206 254
chair 0.0079 88 125 243 293
chair 0.0076 107 179 172 303
chair 0.0076 38 143 88 202
chair 0.0072 24 145 66 226
chair 0.0070 304 217 475 353
chair 0.0059 43 208 129 314
chair 0.0058 23 47 137 103
chair 0.0045 192 223 281 301
chair 0.0042 13 149 77 200
chair 0.0041 164 172 264 231
chair 0.0039 187 124 275 221
chair 0.0037 156 176 235 252
chair 0.0033 124 187 193 286
chair 0.0030 376 280 477 357
chair 0.0029 102 115 175 230
chair 0.0029 419 219 478 346
chair 0.0029 335 251 440 331
chair 0.0027 453 224 479 369
chair 0.0027 0 108 56 212
chair 0.0027 369 176 478 342
chair 0.0024 163 197 229 310
chair 0.0024 0 205 21 251
chair 0.0023 77 50 128 100
chair 0.0023 27 101 147 267
chair 0.0021 2 21 109 175
chair 0.0021 56 142 101 207
chair 0.0020 309 284 465 352
chair 0.0020 247 188 292 292
chair 0.0018 86 140 183 208
chair 0.0017 338 222 438 296
chair 0.0017 73 144 129 202
chair 0.0017 391 204 467 321
chair 0.0017 180 180 243 221
chair 0.0017 185 188 240 242
chair 0.0016 21 168 64 259
chair 0.0016 246 98 281 219
chair 0.0015 -5 194 63 257
chair 0.0015 52 182 150 272
chair 0.0015 21 80 94 170
chair 0.0014 318 141 458 331
chair 0.0013 432 262 478 360
chair 0.0013 -1 92 47 171
chair 0.0013 115 213 204 313
chair 0.0012 0 167 19 207
chair 0.0012 -3 137 63 264
chair 0.0011 -22 191 38 261
chair 0.0011 229 118 273 201
chair 0.0011 7 59 83 146
chair 0.0010 167 189 215 265
chair 0.0010 0 78 103 229
chair 0.0010 57 156 106 246
chair 0.0010 0 91 23 199
chair 0.0010 188 172 308 228
diningtable 0.2676 60 117 198 306
diningtable 0.0064 3 93 255 320
diningtable 0.0052 -18 139 423 329
diningtable 0.0027 86 186 238 334
diningtable 0.0019 84 168 542 356
diningtable 0.0014 154 213 326 364
person 0.0085 418 155 483 364
person 0.0058 457 195 480 344
person 0.0037 357 138 487 333
person 0.0021 431 208 477 330
person 0.0016 458 53 480 182
person 0.0011 463 110 479 151
person 0.0010 314 77 470 282
person 0.0010 455 302 479 373
person 0.0010 214 -6 485 311
pottedplant 0.3731 78 95 199 170
pottedplant 0.2383 270 240 340 327
pottedplant 0.2377 297 171 345 231
pottedplant 0.1356 281 189 350 278
pottedplant 0.1277 249 193 295 239
pottedplant 0.1234 279 165 364 243
pottedplant 0.1217 61 87 142 176
pottedplant 0.0904 180 46 302 202
pottedplant 0.0672 36 71 219 181
pottedplant 0.0593 224 26 315 227
pottedplant 0.0544 76 109 126 179
pottedplant 0.0496 123 110 203 183
pottedplant 0.0465 231 144 303 226
pottedplant 0.0437 159 172 194 232
pottedplant 0.0431 155 104 200 159
pottedplant 0.0414 124 125 186 162
pottedplant 0.0410 283 261 329 330
pottedplant 0.0324 241 225 325 305
pottedplant 0.0278 260 157 366 310
pottedplant 0.0228 215 56 286 122
pottedplant 0.0226 199 75 286 178
pottedplant 0.0206 169 119 208 167
pottedplant 0.0206 323 167 360 234
pottedplant 0.0183 281 117 366 230
pottedplant 0.0173 111 78 196 157
pottedplant 0.0151 -1 195 21 282
pottedplant 0.0135 236 47 311 148
pottedplant 0.0129 135 131 177 157
pottedplant 0.0129 253 200 287 231
pottedplant 0.0126 13 33 171 169
pottedplant 0.0122 44 57 139 132
pottedplant 0.0121 65 115 103 176
pottedplant 0.0106 297 216 345 295
pottedplant 0.0099 113 105 166 161
pottedplant 0.0099 233 191 304 276
pottedplant 0.0093 296 198 340 258
pottedplant 0.0093 244 268 284 323
pottedplant 0.0092 239 308 332 368
pottedplant 0.0087 168 138 242 224
pottedplant 0.0083 176 111 298 258
pottedplant 0.0079 179 125 203 159
pottedplant 0.0078 236 93 297 214
pottedplant 0.0077 75 63 182 134
pottedplant 0.0072 460 143 482 256
pottedplant 0.0070 92 24 232 173
pottedplant 0.0069 165 107 241 198
pottedplant 0.0065 457 38 483 109
pottedplant 0.0059 226 280 327 355
pottedplant 0.0058 129 69 276 236
pottedplant 0.0058 258 315 313 360
pottedplant 0.0057 0 220 18 262
pottedplant 0.0054 308 195 383 278
pottedplant 0.0049 120 131 157 159
pottedplant 0.0047 91 102 145 164
pottedplant 0.0046 306 182 334 219
pottedplant 0.0042 308 143 381 225
pottedplant 0.0040 253 210 285 240
pottedplant 0.0040 284 186 331 239
pottedplant 0.0039 188 249 365 381
pottedplant 0.0039 91 87 225 214
pottedplant 0.0037 162 52 242 141
pottedplant 0.0035 305 197 335 229
pottedplant 0.0034 260 149 352 225
pottedplant 0.0033 162 116 193 148
pottedplant 0.0032 240 172 331 230
pottedplant 0.0032 217 118 326 245
pottedplant 0.0032 173 88 206 147
pottedplant 0.0029 230 242 304 326
pottedplant 0.0029 163 179 187 221
pottedplant 0.0029 251 280 278 311
pottedplant 0.0027 113 138 169 176
pottedplant 0.0027 204 199 349 326
pottedplant 0.0026 133 138 201 222
pottedplant 0.0025 256 184 285 217
pottedplant 0.0025 250 51 370 253
pottedplant 0.0024 297 132 343 215
pottedplant 0.0024 261 199 303 254
pottedplant 0.0023 255 179 310 224
pottedplant 0.0022 462 43 480 83
pottedplant 0.0022 13 209 39 244
pottedplant 0.0019 288 266 320 298
pottedplant 0.0018 122 119 154 145
pottedplant 0.0018 303 173 340 201
pottedplant 0.0018 64 88 104 146
pottedplant 0.0018 301 258 336 335
pottedplant 0.0018 242 301 297 349
pottedplant 0.0018 268 199 300 227
pottedplant 0.0017 155 136 194 208
pottedplant 0.0016 242 228 378 351
pottedplant 0.0016 67 123 172 193
pottedplant 0.0016 267 254 310 313
pottedplant 0.0016 189 252 291 325
pottedplant 0.0016 457 33 479 172
pottedplant 0.0015 267 284 361 349
pottedplant 0.0015 160 128 193 157
pottedplant 0.0014 152 95 233 167
pottedplant 0.0014 233 14 392 183
pottedplant 0.0013 197 25 281 111
pottedplant 0.0012 -53 30 311 219
pottedplant 0.0012 152 128 474 342
pottedplant 0.0011 268 322 303 352
pottedplant 0.0011 164 167 187 206
pottedplant 0.0011 243 71 291 165
pottedplant 0.0011 336 170 377 231
pottedplant 0.0011 249 294 281 325
pottedplant 0.0010 74 83 125 152
pottedplant 0.0010 83 127 117 161
pottedplant 0.0010 84 115 115 149
sofa 0.0019 8 39 121 88
tvmonitor 0.2581 340 27 493 181
tvmonitor 0.0157 351 79 487 281
tvmonitor 0.0135 371 70 469 175
tvmonitor 0.0102 397 133 469 210
tvmonitor 0.0046 285 -11 489 261
tvmonitor 0.0033 403 1 500 192
tvmonitor 0.0013 417 37 487 155
tvmonitor 0.0012 393 47 509 255
