bicycle 0.0332 148 232 359 364
bicycle 0.0012 190 257 314 354
bicycle 0.0011 237 226 414 370
bird 0.0040 68 40 96 67
bird 0.0010 62 32 102 72
bottle 0.0048 292 286 332 331
bottle 0.0037 323 264 355 326
bottle 0.0030 286 273 338 320
bottle 0.0024 267 288 291 325
bottle 0.0023 260 272 300 319
bottle 0.0023 226 163 248 198
bottle 0.0020 395 315 440 366
bottle 0.0018 299 281 329 313
bottle 0.0013 157 264 205 328
bottle 0.0013 397 238 429 324
bottle 0.0012 324 308 351 335
bottle 0.0011 226 151 252 180
bottle 0.0011 327 273 347 319
car 0.1980 10 171 50 192
car 0.1818 0 291 30 357
car 0.0601 23 172 64 191
car 0.0387 4 163 56 199
car 0.0175 4 276 49 339
car 0.0138 48 168 85 187
car 0.0066 0 167 26 195
car 0.0057 9 181 50 201
car 0.0056 0 252 24 342
car 0.0042 0 290 21 332
car 0.0035 66 170 105 188
car 0.0019 -1 319 27 352
car 0.0016 12 293 43 325
car 0.0016 27 181 65 201
car 0.0015 -21 288 43 359
car 0.0012 -3 264 63 329
car 0.0011 0 275 20 318
chair 0.0336 53 207 163 299
chair 0.0134 -3 223 61 335
chair 0.0043 81 227 184 312
chair 0.0040 411 247 486 365
chair 0.0028 -23 175 137 316
chair 0.0027 39 207 219 326
chair 0.0025 98 270 152 316
chair 0.0022 6 199 104 295
chair 0.0018 325 301 425 373
chair 0.0016 238 251 339 348
chair 0.0014 141 211 212 336
diningtable 0.0012 236 330 415 376
person 0.9467 229 135 337 351
person 0.9422 158 83 247 345
person 0.9287 329 165 421 382
person 0.9014 404 166 494 371
person 0.0787 406 154 500 274
person 0.0746 339 144 381 211
person 0.0249 335 187 408 306
person 0.0206 372 9 404 67
person 0.0202 363 11 397 90
person 0.0189 432 146 505 236
person 0.0175 222 169 508 378
person 0.0171 246 180 330 308
person 0.0162 254 141 398 355
person 0.0154 96 92 327 340
person 0.0146 316 135 418 302
person 0.0123 348 145 389 189
person 0.0094 379 17 401 57
person 0.0079 474 127 499 205
person 0.0072 164 144 236 292
person 0.0066 342 155 407 267
person 0.0061 183 101 315 285
person 0.0061 281 123 326 179
person 0.0055 326 140 385 248
person 0.0046 249 132 319 239
person 0.0038 437 162 501 319
person 0.0035 131 174 277 368
person 0.0034 477 136 500 279
person 0.0032 432 145 471 214
person 0.0032 35 289 56 326
person 0.0030 344 143 371 187
person 0.0028 423 164 443 196
person 0.0027 294 145 366 230
person 0.0025 27 268 60 327
person 0.0024 367 15 390 57
person 0.0023 283 136 316 279
person 0.0021 356 170 448 262
person 0.0020 478 184 502 319
person 0.0020 423 177 444 210
person 0.0018 337 164 375 282
person 0.0014 149 184 218 305
person 0.0014 156 101 246 201
person 0.0013 288 160 366 275
person 0.0012 421 159 449 229
person 0.0012 330 144 416 218
person 0.0012 293 132 338 198
person 0.0011 477 135 500 171
person 0.0011 320 224 469 367
pottedplant 0.2417 156 305 209 373
pottedplant 0.0932 150 265 216 381
pottedplant 0.0129 164 333 196 372
pottedplant 0.0071 108 168 136 197
pottedplant 0.0049 157 264 253 356
pottedplant 0.0048 164 323 198 357
pottedplant 0.0047 144 328 192 375
pottedplant 0.0041 160 8 337 145
pottedplant 0.0039 242 29 333 113
pottedplant 0.0037 120 225 229 381
pottedplant 0.0029 174 287 224 361
pottedplant 0.0023 245 53 334 149
pottedplant 0.0020 194 24 302 117
pottedplant 0.0019 125 241 298 359
pottedplant 0.0019 110 178 139 203
pottedplant 0.0018 225 15 351 186
pottedplant 0.0018 87 169 125 191
pottedplant 0.0014 180 321 216 381
pottedplant 0.0013 181 6 261 65
pottedplant 0.0011 147 338 184 367
train 0.0010 -2 148 61 189
