bus 0.6252 68 19 508 261
bus 0.0096 163 52 415 228
bus 0.0070 31 105 468 326
bus 0.0013 309 65 492 218
car 0.1017 59 221 107 255
car 0.0417 55 234 83 256
car 0.0227 2 200 42 294
car 0.0108 80 221 125 256
car 0.0072 438 73 502 171
car 0.0066 0 189 114 243
car 0.0056 31 227 64 249
car 0.0055 0 210 21 239
car 0.0030 50 229 89 262
car 0.0026 395 76 489 154
car 0.0024 13 220 37 251
car 0.0015 85 236 123 255
car 0.0015 44 217 127 258
car 0.0012 377 42 499 189
car 0.0012 443 81 497 135
car 0.0012 0 222 24 248
car 0.0011 0 188 26 257
car 0.0011 31 234 69 257
car 0.0010 22 218 72 255
chair 0.0031 2 248 43 345
person 0.4469 2 218 55 328
person 0.3428 267 161 300 283
person 0.1210 228 168 262 250
person 0.0316 0 213 30 333
person 0.0162 239 152 270 293
person 0.0115 237 182 330 253
person 0.0112 470 77 499 189
person 0.0096 212 169 267 274
person 0.0095 461 108 492 187
person 0.0072 163 186 199 236
person 0.0063 276 155 308 240
person 0.0060 142 185 178 236
person 0.0053 249 197 322 285
person 0.0052 200 181 244 238
person 0.0051 266 157 296 217
person 0.0044 -15 164 73 321
person 0.0038 7 241 84 330
person 0.0038 217 194 283 290
person 0.0027 465 141 482 179
person 0.0027 226 161 251 186
person 0.0024 177 189 223 233
person 0.0022 151 183 173 216
person 0.0022 247 168 268 199
person 0.0021 183 170 260 249
person 0.0019 476 56 499 159
person 0.0017 269 166 291 203
person 0.0017 399 106 425 137
person 0.0017 477 103 499 239
person 0.0017 225 154 257 216
person 0.0016 150 192 174 230
person 0.0016 445 153 463 191
person 0.0014 266 158 290 189
person 0.0014 -17 226 73 352
person 0.0012 246 160 270 187
person 0.0012 391 98 432 142
person 0.0011 439 73 515 160
person 0.0010 231 167 252 200
person 0.0010 439 141 469 205
person 0.0010 458 155 479 183
person 0.0010 400 121 427 145
train 0.3422 13 5 486 275
train 0.0069 13 124 409 308
train 0.0036 82 163 202 234
train 0.0021 81 119 271 262
train 0.0020 135 68 366 264
train 0.0015 -21 161 140 271
train 0.0010 14 119 184 263
