bottle 0.0104 120 234 160 372
person 0.0060 117 231 169 376
person 0.0025 37 105 462 373
person 0.0010 75 178 186 359
train 0.1851 83 110 280 160
train 0.0871 23 112 225 149
train 0.0808 134 104 445 206
train 0.0634 240 88 492 229
train 0.0210 94 79 404 180
train 0.0205 184 118 373 174
train 0.0117 51 89 295 176
train 0.0074 33 100 156 143
train 0.0068 105 120 315 179
train 0.0060 101 37 474 217
train 0.0049 120 68 532 298
train 0.0045 137 102 360 161
train 0.0023 304 105 425 206
train 0.0023 258 112 395 197
train 0.0019 362 66 516 247
train 0.0011 -22 72 369 238
