bird 0.0024 90 373 126 410
bird 0.0020 101 377 139 409
bottle 0.0313 312 99 331 141
bottle 0.0105 302 100 322 141
bottle 0.0012 295 298 324 332
cat 0.0325 7 355 136 431
cat 0.0017 0 290 146 443
chair 0.1044 259 289 357 376
chair 0.0565 0 177 81 268
chair 0.0341 292 252 355 381
chair 0.0092 4 200 71 245
chair 0.0046 244 324 348 376
chair 0.0040 61 214 144 284
chair 0.0038 89 227 129 283
chair 0.0036 -5 208 81 304
chair 0.0034 223 228 258 279
chair 0.0031 7 209 64 232
chair 0.0026 19 207 75 272
chair 0.0024 50 224 86 289
chair 0.0024 260 321 299 380
chair 0.0018 -2 189 19 288
chair 0.0016 95 206 118 235
chair 0.0015 49 209 82 234
chair 0.0013 -2 205 42 272
chair 0.0012 102 223 137 287
chair 0.0011 80 206 108 233
chair 0.0011 232 278 333 367
dog 0.4041 137 257 199 375
dog 0.1846 84 355 159 436
dog 0.0792 85 365 135 420
dog 0.0097 65 334 145 416
dog 0.0074 95 349 143 407
dog 0.0054 0 328 150 466
dog 0.0034 61 286 189 450
dog 0.0027 79 374 193 448
dog 0.0025 155 236 207 360
dog 0.0012 148 251 189 300
person 0.8827 264 253 355 375
person 0.0199 288 257 331 371
person 0.0067 270 263 319 368
person 0.0054 84 148 110 220
person 0.0054 274 235 346 327
person 0.0028 33 163 110 270
person 0.0027 304 251 344 346
person 0.0026 312 92 332 129
person 0.0023 303 91 322 130
person 0.0020 359 64 375 185
person 0.0013 290 249 333 309
person 0.0013 245 240 311 349
pottedplant 0.0046 149 167 225 262
pottedplant 0.0046 154 108 221 238
pottedplant 0.0033 132 63 237 283
pottedplant 0.0031 150 206 224 287
pottedplant 0.0027 226 217 256 271
pottedplant 0.0022 256 111 277 142
pottedplant 0.0021 207 217 244 269
pottedplant 0.0015 177 207 256 294
pottedplant 0.0013 189 203 229 279
sofa 0.2314 4 198 96 282
sofa 0.0598 3 193 73 251
sofa 0.0045 -8 179 139 304
tvmonitor 0.1430 293 158 367 274
tvmonitor 0.0106 244 139 369 293
tvmonitor 0.0078 288 205 371 289
tvmonitor 0.0019 258 166 360 241
tvmonitor 0.0012 267 176 353 302
tvmonitor 0.0010 296 183 351 255
