boat 0.1098 19 179 480 368
boat 0.0465 110 94 466 338
boat 0.0328 169 131 406 300
boat 0.0263 149 199 427 353
boat 0.0139 142 182 270 247
boat 0.0073 224 268 429 332
boat 0.0062 97 159 319 272
boat 0.0055 146 110 277 266
boat 0.0054 224 178 353 253
boat 0.0048 123 177 228 259
boat 0.0041 112 152 233 223
boat 0.0041 162 142 252 239
boat 0.0037 89 209 331 339
boat 0.0029 250 212 472 342
boat 0.0027 187 177 309 259
boat 0.0024 180 104 220 225
boat 0.0024 184 240 316 310
boat 0.0018 388 212 500 275
boat 0.0017 145 208 274 277
boat 0.0016 262 210 395 280
boat 0.0015 161 119 260 199
boat 0.0014 -35 78 381 297
boat 0.0014 300 176 503 315
boat 0.0014 368 188 419 204
boat 0.0013 394 239 496 315
boat 0.0012 232 152 344 223
boat 0.0011 298 237 434 320
boat 0.0011 144 234 275 317
boat 0.0010 270 155 384 226
boat 0.0010 338 256 487 336
person 0.0080 444 285 491 326
person 0.0048 415 311 448 333
person 0.0047 478 276 497 316
person 0.0041 426 286 476 328
person 0.0034 395 311 428 336
person 0.0031 455 280 486 313
person 0.0030 436 292 468 325
person 0.0028 473 263 499 326
person 0.0014 436 309 464 333
person 0.0011 476 290 499 323
person 0.0011 418 297 450 328
person 0.0010 479 264 498 302
train 0.0214 75 217 501 388
train 0.0026 162 264 414 393
