bottle 0.0024 456 -3 492 96
bottle 0.0011 470 -15 500 105
cat 0.0017 392 54 469 140
chair 0.0080 404 18 482 108
chair 0.0055 390 9 496 72
chair 0.0054 3 27 103 101
chair 0.0048 343 10 465 67
chair 0.0033 0 33 55 81
chair 0.0032 304 43 428 93
chair 0.0027 306 15 424 64
chair 0.0025 2 61 109 113
chair 0.0024 75 7 270 60
chair 0.0023 117 39 228 97
chair 0.0020 5 3 95 74
chair 0.0020 320 -3 425 42
chair 0.0020 376 -10 452 100
chair 0.0020 46 4 143 79
chair 0.0019 78 2 171 87
chair 0.0017 43 36 146 89
chair 0.0016 -7 -2 116 128
chair 0.0016 304 -6 502 91
chair 0.0015 401 46 461 94
chair 0.0014 4 58 48 78
chair 0.0014 86 -2 258 37
chair 0.0013 344 38 464 94
chair 0.0012 72 37 193 90
cow 0.0023 192 125 385 310
dog 0.4101 50 74 449 309
dog 0.0253 -11 92 281 343
dog 0.0184 9 86 88 160
dog 0.0108 143 102 357 282
dog 0.0032 63 135 285 300
dog 0.0029 234 46 422 85
dog 0.0019 340 64 468 122
dog 0.0012 210 44 518 288
person 0.0202 473 59 498 132
person 0.0047 392 60 479 130
person 0.0016 -4 89 129 297
person 0.0012 452 65 498 125
person 0.0010 0 201 22 324
sheep 0.1201 142 56 227 133
sheep 0.0756 232 70 333 152
sheep 0.0581 301 85 431 140
sheep 0.0471 12 126 180 313
sheep 0.0401 231 63 343 118
sheep 0.0304 263 80 391 148
sheep 0.0222 159 64 253 158
sheep 0.0177 202 60 314 132
sheep 0.0166 226 65 428 167
sheep 0.0146 8 77 109 148
sheep 0.0131 135 53 289 171
sheep 0.0110 296 49 414 88
sheep 0.0101 259 56 393 123
sheep 0.0090 308 56 424 130
sheep 0.0089 -8 162 118 321
sheep 0.0078 270 37 463 144
sheep 0.0071 230 99 344 172
sheep 0.0054 145 46 179 96
sheep 0.0053 192 76 383 201
sheep 0.0046 216 58 258 79
sheep 0.0044 343 82 468 135
sheep 0.0043 203 49 355 92
sheep 0.0042 15 53 174 181
sheep 0.0041 15 99 77 146
sheep 0.0037 165 49 274 118
sheep 0.0036 318 43 394 75
sheep 0.0032 46 83 163 158
sheep 0.0032 389 82 497 134
sheep 0.0028 273 105 382 170
sheep 0.0028 287 51 343 91
sheep 0.0027 -32 55 225 328
sheep 0.0026 17 65 154 126
sheep 0.0026 8 194 100 290
sheep 0.0024 18 242 115 332
sheep 0.0023 199 46 376 142
sheep 0.0023 120 46 208 118
sheep 0.0020 42 262 148 327
sheep 0.0019 -1 242 20 332
sheep 0.0019 133 46 233 96
sheep 0.0018 313 103 419 170
sheep 0.0016 169 52 229 88
sheep 0.0015 340 86 407 134
sheep 0.0015 47 231 143 305
sheep 0.0015 312 87 362 131
sheep 0.0014 379 72 411 95
sheep 0.0013 114 34 252 148
sheep 0.0013 276 70 454 207
sheep 0.0013 185 98 392 286
sheep 0.0011 52 64 216 218
sheep 0.0010 10 227 181 356
sofa 0.0017 56 -6 291 84
tvmonitor 0.0016 0 20 57 71
tvmonitor 0.0010 342 0 408 13
