bottle 0.0047 245 279 294 316
chair 0.0014 46 239 129 316
horse 0.3058 30 127 375 335
horse 0.0397 68 106 265 308
horse 0.0306 28 107 164 307
horse 0.0215 0 131 116 332
horse 0.0042 163 190 386 316
horse 0.0039 92 186 314 329
horse 0.0022 -38 122 224 340
horse 0.0016 -17 136 69 329
horse 0.0011 44 189 214 318
person 0.5745 166 20 294 298
person 0.5276 455 180 480 296
person 0.4962 119 33 360 333
person 0.1088 173 12 287 164
person 0.0286 437 185 477 290
person 0.0180 462 166 482 261
person 0.0048 200 53 348 266
person 0.0036 459 116 480 237
person 0.0033 461 183 480 217
person 0.0033 458 217 480 259
person 0.0023 62 74 191 248
person 0.0023 422 153 494 313
person 0.0020 10 84 114 288
person 0.0018 -18 109 62 306
person 0.0018 462 238 478 285
person 0.0018 80 84 252 285
person 0.0013 460 236 481 310
person 0.0013 462 192 479 232
person 0.0011 173 93 213 188
person 0.0011 157 114 258 204
person 0.0011 18 44 314 274
person 0.0010 442 193 498 262
