bicycle 0.0010 103 120 181 206
car 0.0016 191 51 217 77
chair 0.0077 469 202 500 330
chair 0.0045 378 141 497 348
chair 0.0030 442 213 499 348
chair 0.0016 434 132 521 358
chair 0.0012 402 226 493 317
motorbike 0.6950 35 74 387 356
motorbike 0.0157 100 82 323 297
motorbike 0.0088 78 160 345 328
motorbike 0.0072 189 21 462 353
motorbike 0.0065 60 124 218 310
motorbike 0.0027 210 109 380 321
person 0.3617 220 15 358 300
person 0.2481 174 -8 400 384
person 0.0095 193 43 222 113
person 0.0060 171 19 330 239
person 0.0031 65 -6 356 325
person 0.0015 240 62 398 260
person 0.0013 232 110 348 201
pottedplant 0.0023 7 294 105 370
pottedplant 0.0020 100 130 181 229
pottedplant 0.0019 2 325 52 382
pottedplant 0.0012 -8 322 104 383
