bottle 0.0139 108 196 136 223
chair 0.7253 374 163 418 227
chair 0.3089 331 179 378 232
chair 0.1366 426 196 478 272
chair 0.0547 423 187 475 233
chair 0.0254 404 169 472 262
chair 0.0253 377 173 410 216
chair 0.0226 389 166 431 221
chair 0.0202 376 164 411 195
chair 0.0196 395 154 426 176
chair 0.0182 350 164 393 222
chair 0.0165 321 171 361 221
chair 0.0158 321 154 400 211
chair 0.0135 57 148 146 224
chair 0.0098 420 154 446 177
chair 0.0097 413 167 450 224
chair 0.0090 422 169 469 222
chair 0.0087 382 152 412 177
chair 0.0064 334 150 374 211
chair 0.0060 339 176 370 217
chair 0.0058 417 163 446 191
chair 0.0056 395 157 474 224
chair 0.0054 262 337 469 376
chair 0.0048 0 158 61 203
chair 0.0048 360 150 384 177
chair 0.0045 102 234 322 365
chair 0.0042 205 234 447 366
chair 0.0039 1 163 63 310
chair 0.0037 399 189 426 225
chair 0.0037 430 180 504 293
chair 0.0036 377 142 420 190
chair 0.0034 399 174 425 213
chair 0.0034 267 177 291 212
chair 0.0033 82 124 121 206
chair 0.0032 55 112 115 221
chair 0.0032 86 175 133 219
chair 0.0031 397 164 427 198
chair 0.0031 298 230 509 371
chair 0.0025 154 288 269 369
chair 0.0023 98 189 142 227
chair 0.0023 360 165 391 194
chair 0.0022 359 157 431 205
chair 0.0022 361 178 430 235
chair 0.0021 371 189 422 251
chair 0.0021 393 169 495 313
chair 0.0020 479 192 503 311
chair 0.0020 90 196 126 225
chair 0.0017 388 148 429 185
chair 0.0016 195 263 298 342
chair 0.0015 202 233 298 315
chair 0.0015 1 187 57 259
chair 0.0014 1 194 98 297
chair 0.0012 417 175 444 212
chair 0.0012 417 191 460 254
chair 0.0012 157 197 347 348
chair 0.0012 227 264 350 341
chair 0.0011 0 111 24 218
chair 0.0011 262 297 391 373
chair 0.0011 263 178 299 232
chair 0.0011 237 233 340 316
chair 0.0011 428 157 468 205
chair 0.0010 92 182 126 213
chair 0.0010 434 217 468 256
chair 0.0010 359 174 387 213
chair 0.0010 0 132 22 166
diningtable 0.1753 4 190 268 359
diningtable 0.0172 248 221 483 381
diningtable 0.0042 363 163 458 225
diningtable 0.0032 -13 218 434 384
diningtable 0.0028 314 175 406 247
person 0.0017 0 176 123 370
person 0.0017 474 274 499 402
person 0.0016 479 255 500 364
person 0.0016 441 356 504 375
person 0.0011 470 357 504 376
person 0.0010 0 107 21 142
sofa 0.0269 -5 169 63 269
sofa 0.0054 -4 177 426 368
sofa 0.0046 -19 165 130 326
sofa 0.0031 -16 136 71 308
sofa 0.0011 73 178 274 325
tvmonitor 0.0309 341 153 370 177
tvmonitor 0.0098 344 136 369 170
tvmonitor 0.0037 229 339 424 378
tvmonitor 0.0028 0 120 19 152
