bottle 0.0045 206 145 228 182
bottle 0.0020 319 24 385 71
bottle 0.0017 199 139 234 188
chair 0.1739 -4 264 96 353
chair 0.1487 0 289 90 389
chair 0.0176 -1 248 23 346
chair 0.0171 211 273 443 378
chair 0.0171 -20 244 80 412
chair 0.0146 -5 323 70 383
chair 0.0137 -5 281 71 339
chair 0.0105 -1 295 30 350
chair 0.0103 429 126 517 367
chair 0.0094 54 237 212 374
chair 0.0077 441 243 500 377
chair 0.0075 11 236 92 327
chair 0.0073 0 234 60 333
chair 0.0059 0 272 184 386
chair 0.0057 286 33 381 114
chair 0.0052 0 185 107 369
chair 0.0047 78 286 191 375
chair 0.0042 36 290 151 376
chair 0.0038 0 211 22 294
chair 0.0029 8 325 119 382
chair 0.0025 225 291 353 372
chair 0.0023 0 230 18 275
chair 0.0021 39 260 151 346
chair 0.0020 192 292 307 374
chair 0.0019 269 259 383 353
chair 0.0017 0 259 18 305
chair 0.0016 57 137 119 252
chair 0.0016 149 237 349 375
chair 0.0016 321 291 420 378
chair 0.0014 281 22 316 79
chair 0.0013 0 273 18 321
chair 0.0012 310 263 421 348
chair 0.0012 349 290 459 376
chair 0.0011 212 270 364 338
chair 0.0010 34 331 95 380
chair 0.0010 286 21 393 77
chair 0.0010 226 189 424 361
person 0.0069 229 121 261 207
person 0.0044 130 78 153 108
person 0.0043 191 146 214 181
person 0.0024 243 134 267 167
person 0.0023 230 138 257 172
person 0.0023 428 27 526 233
person 0.0020 211 139 277 242
person 0.0014 312 25 394 119
person 0.0014 233 144 254 186
person 0.0013 134 128 153 173
person 0.0010 353 166 398 226
person 0.0010 349 359 397 377
person 0.0010 238 128 270 235
pottedplant 0.0230 150 112 181 139
pottedplant 0.0225 145 106 189 168
pottedplant 0.0164 129 104 161 169
pottedplant 0.0158 129 110 157 139
pottedplant 0.0132 164 111 195 139
pottedplant 0.0091 142 121 180 181
pottedplant 0.0046 132 115 154 155
pottedplant 0.0045 130 98 201 178
pottedplant 0.0045 158 127 205 178
pottedplant 0.0028 130 90 153 121
pottedplant 0.0026 150 118 179 152
pottedplant 0.0023 150 129 172 172
pottedplant 0.0023 141 120 221 183
pottedplant 0.0014 166 119 194 149
pottedplant 0.0012 124 78 155 136
tvmonitor 0.7941 127 171 220 253
tvmonitor 0.5704 173 48 265 137
tvmonitor 0.4865 240 142 425 295
tvmonitor 0.1914 436 108 506 219
tvmonitor 0.1031 308 149 439 243
tvmonitor 0.0377 29 228 59 257
tvmonitor 0.0302 29 191 63 259
tvmonitor 0.0279 428 91 511 279
tvmonitor 0.0245 58 149 133 233
tvmonitor 0.0228 447 221 511 337
tvmonitor 0.0111 80 199 126 250
tvmonitor 0.0099 467 125 502 235
tvmonitor 0.0095 99 164 184 269
tvmonitor 0.0091 78 220 99 257
tvmonitor 0.0087 281 159 384 269
tvmonitor 0.0071 147 182 213 240
tvmonitor 0.0071 328 125 457 310
tvmonitor 0.0048 266 209 386 277
tvmonitor 0.0038 463 245 506 320
tvmonitor 0.0035 45 141 143 294
tvmonitor 0.0035 3 -4 59 102
tvmonitor 0.0035 227 82 501 352
tvmonitor 0.0025 63 199 112 252
tvmonitor 0.0025 354 158 438 275
tvmonitor 0.0023 166 164 244 258
tvmonitor 0.0021 70 147 203 296
tvmonitor 0.0017 0 224 19 257
tvmonitor 0.0016 0 158 25 263
tvmonitor 0.0015 88 209 121 240
tvmonitor 0.0014 30 168 105 266
tvmonitor 0.0014 238 178 346 261
tvmonitor 0.0014 19 231 66 270
tvmonitor 0.0014 440 146 499 271
tvmonitor 0.0013 88 219 118 254
tvmonitor 0.0013 194 65 247 151
tvmonitor 0.0013 454 121 524 240
tvmonitor 0.0013 366 85 413 132
tvmonitor 0.0013 34 203 58 245
tvmonitor 0.0012 9 211 53 271
tvmonitor 0.0012 311 202 416 281
tvmonitor 0.0011 454 188 495 260
tvmonitor 0.0010 164 140 207 187
tvmonitor 0.0010 67 101 135 146
tvmonitor 0.0010 371 95 411 119
