bottle 0.0087 193 200 222 275
car 0.9241 163 101 403 216
car 0.0091 155 100 350 174
car 0.0049 150 128 351 201
car 0.0041 262 102 392 182
car 0.0027 264 97 383 140
car 0.0021 311 105 415 177
car 0.0016 188 93 310 146
car 0.0013 266 128 384 205
car 0.0010 272 87 449 203
chair 0.0022 44 34 145 89
chair 0.0010 57 36 117 76
person 0.0233 244 118 272 145
person 0.0207 207 69 229 97
person 0.0101 262 120 291 145
person 0.0101 226 110 254 138
person 0.0099 224 120 256 144
person 0.0044 262 112 295 137
person 0.0043 236 106 280 140
person 0.0025 191 65 213 99
person 0.0020 220 112 262 154
person 0.0012 281 121 315 146
person 0.0010 280 110 316 136
person 0.0010 127 59 162 77
train 0.0020 287 68 445 116
tvmonitor 0.0023 -3 32 57 79
