car 0.0042 475 201 500 273
car 0.0021 480 217 499 260
car 0.0013 14 0 79 14
chair 0.6168 10 120 101 314
chair 0.5917 101 185 228 368
chair 0.5687 207 175 355 372
chair 0.2870 340 140 448 354
chair 0.1554 102 151 316 344
chair 0.1369 64 136 219 308
chair 0.1001 29 142 164 347
chair 0.0694 169 152 409 288
chair 0.0348 99 120 249 261
chair 0.0285 234 241 328 364
chair 0.0284 92 187 189 307
chair 0.0185 242 184 320 304
chair 0.0165 245 191 411 355
chair 0.0164 122 218 212 332
chair 0.0151 143 118 256 155
chair 0.0131 352 157 436 276
chair 0.0117 220 211 289 335
chair 0.0115 233 174 338 260
chair 0.0114 117 171 205 275
chair 0.0106 131 138 224 239
chair 0.0097 58 187 134 303
chair 0.0097 151 147 264 230
chair 0.0093 171 93 402 228
chair 0.0087 152 123 260 198
chair 0.0082 228 143 338 230
chair 0.0074 93 246 192 358
chair 0.0070 12 112 76 222
chair 0.0067 287 228 376 324
chair 0.0057 -1 143 65 275
chair 0.0056 174 124 326 200
chair 0.0055 158 174 259 262
chair 0.0050 85 173 166 272
chair 0.0047 207 179 275 296
chair 0.0045 170 213 246 333
chair 0.0045 329 187 411 303
chair 0.0041 103 98 315 232
chair 0.0038 39 137 132 251
chair 0.0037 84 143 181 238
chair 0.0034 23 209 108 321
chair 0.0032 222 177 264 271
chair 0.0031 276 119 445 270
chair 0.0031 -1 122 25 265
chair 0.0029 274 144 374 231
chair 0.0027 6 122 53 211
chair 0.0026 113 271 207 375
chair 0.0024 18 230 180 372
chair 0.0024 161 257 258 350
chair 0.0024 281 174 376 255
chair 0.0023 -22 147 79 334
chair 0.0023 233 191 279 285
chair 0.0023 352 220 456 325
chair 0.0021 312 150 415 236
chair 0.0020 30 127 99 234
chair 0.0020 224 116 331 157
chair 0.0018 82 221 166 339
chair 0.0018 199 180 239 267
chair 0.0017 116 230 297 365
chair 0.0016 45 133 83 227
chair 0.0015 54 249 138 354
chair 0.0014 185 180 223 266
chair 0.0014 88 173 128 303
chair 0.0013 278 191 356 312
chair 0.0012 294 201 337 302
chair 0.0011 88 113 179 199
chair 0.0010 280 220 451 383
chair 0.0010 315 201 357 331
chair 0.0010 -1 166 23 308
diningtable 0.2540 52 99 447 333
diningtable 0.0699 79 129 341 252
diningtable 0.0128 0 181 421 365
diningtable 0.0102 106 61 470 254
diningtable 0.0090 148 163 505 382
diningtable 0.0029 -41 135 234 352
diningtable 0.0015 8 -4 414 263
person 0.0011 477 130 499 258
pottedplant 0.0014 217 80 261 136
train 0.0018 108 39 468 220
