bicycle 0.0237 178 222 262 335
car 0.0013 479 91 499 125
car 0.0012 271 74 328 116
motorbike 0.8256 163 168 329 319
motorbike 0.0563 192 192 305 300
motorbike 0.0248 177 207 262 325
motorbike 0.0017 237 186 321 316
person 0.9595 193 68 318 304
person 0.0414 205 152 288 284
person 0.0045 202 95 300 216
person 0.0042 182 175 258 298
person 0.0037 123 87 378 344
person 0.0029 437 47 469 112
person 0.0026 169 89 270 290
person 0.0023 12 95 37 126
person 0.0022 283 114 311 275
person 0.0015 14 108 42 130
person 0.0015 5 57 41 130
person 0.0014 442 59 464 100
person 0.0014 241 153 315 273
person 0.0011 215 70 302 178
