bus 0.6188 95 77 331 255
bus 0.3541 2 182 111 264
bus 0.0053 -5 164 177 271
bus 0.0049 88 184 184 256
bus 0.0043 114 161 306 267
bus 0.0025 155 158 266 231
bus 0.0023 41 194 97 253
bus 0.0020 134 136 285 201
car 0.3247 450 190 501 230
car 0.0497 443 165 499 234
car 0.0493 391 162 431 181
car 0.0302 374 166 417 185
car 0.0236 468 169 500 232
car 0.0119 385 155 435 187
car 0.0110 399 171 501 219
car 0.0102 0 170 22 200
car 0.0085 0 152 26 216
car 0.0076 392 152 426 173
car 0.0071 -6 178 69 261
car 0.0070 341 163 367 185
car 0.0057 -20 176 127 299
car 0.0040 -1 197 113 271
car 0.0030 354 165 394 184
car 0.0027 0 158 21 190
car 0.0018 457 181 490 218
car 0.0018 454 174 493 199
car 0.0018 391 176 432 193
car 0.0017 414 176 453 194
car 0.0015 413 163 450 183
car 0.0014 0 182 22 211
car 0.0013 455 209 493 233
car 0.0012 375 174 413 192
car 0.0012 431 173 473 194
car 0.0010 344 171 367 196
car 0.0010 47 179 86 198
person 0.2690 16 186 42 287
person 0.0511 0 198 25 302
person 0.0199 0 225 22 352
person 0.0084 9 216 38 308
person 0.0067 1 270 29 333
person 0.0049 0 178 63 273
person 0.0041 22 187 66 259
person 0.0035 96 224 118 252
person 0.0028 0 164 23 262
person 0.0022 0 228 20 272
person 0.0014 0 253 18 300
person 0.0013 19 208 38 265
person 0.0012 16 245 36 281
person 0.0011 0 204 19 244
pottedplant 0.0012 435 56 465 81
train 0.0021 99 25 400 258
