bottle 0.0260 325 146 348 177
bottle 0.0235 308 142 326 176
bottle 0.0042 305 136 332 182
bottle 0.0036 307 132 327 165
bottle 0.0026 304 155 327 185
bottle 0.0024 289 143 311 177
bottle 0.0020 340 148 364 175
bottle 0.0016 246 145 270 175
bottle 0.0016 314 128 360 170
bottle 0.0012 321 137 353 162
bottle 0.0010 245 158 271 186
bottle 0.0010 283 136 318 182
bottle 0.0010 298 148 331 194
chair 0.0506 285 219 370 318
chair 0.0407 210 200 353 331
chair 0.0267 244 256 344 331
chair 0.0225 5 250 109 334
chair 0.0193 318 194 395 292
chair 0.0176 6 191 123 343
chair 0.0137 13 292 161 332
chair 0.0124 268 169 379 321
chair 0.0121 42 247 143 335
chair 0.0093 173 123 223 190
chair 0.0066 338 203 378 295
chair 0.0064 297 198 436 336
chair 0.0059 -11 114 73 312
chair 0.0050 0 218 61 316
chair 0.0036 309 141 415 297
chair 0.0029 135 234 364 341
chair 0.0028 66 261 201 331
chair 0.0026 0 195 26 301
chair 0.0026 137 260 286 324
chair 0.0020 249 230 397 346
chair 0.0019 353 215 387 282
chair 0.0018 309 257 423 327
chair 0.0017 -2 160 60 273
chair 0.0016 351 226 456 309
chair 0.0016 38 238 233 338
chair 0.0015 317 171 494 313
chair 0.0015 288 268 344 332
chair 0.0014 245 195 335 289
chair 0.0014 355 176 386 271
chair 0.0013 335 233 370 311
chair 0.0013 123 128 166 191
chair 0.0012 259 114 388 277
chair 0.0011 9 103 103 285
chair 0.0011 15 189 90 293
chair 0.0010 9 136 47 260
chair 0.0010 14 167 179 323
chair 0.0010 299 172 374 274
chair 0.0010 322 158 351 182
diningtable 0.3765 24 150 397 334
diningtable 0.0698 124 198 376 339
diningtable 0.0416 44 206 302 331
diningtable 0.0065 115 114 308 274
diningtable 0.0021 197 136 383 301
diningtable 0.0014 136 208 288 272
person 0.0111 175 116 224 179
person 0.0027 269 76 300 167
person 0.0021 184 121 217 146
person 0.0018 196 112 233 182
person 0.0015 478 134 500 261
person 0.0014 -2 132 21 263
person 0.0013 168 105 237 165
person 0.0010 259 3 290 57
person 0.0010 143 16 176 124
