bottle 0.1457 322 125 420 358
bottle 0.0342 234 144 346 349
bottle 0.0300 177 171 326 376
bottle 0.0241 270 108 383 327
bottle 0.0160 259 98 301 174
bottle 0.0145 437 227 501 327
bottle 0.0101 419 250 451 311
bottle 0.0094 255 77 318 181
bottle 0.0091 162 103 345 330
bottle 0.0067 338 193 449 300
bottle 0.0049 238 253 326 354
bottle 0.0049 207 224 364 380
bottle 0.0047 254 187 332 305
bottle 0.0044 79 73 205 299
bottle 0.0043 247 157 321 274
bottle 0.0042 375 199 515 352
bottle 0.0037 244 117 276 185
bottle 0.0033 296 126 366 248
bottle 0.0031 474 229 500 333
bottle 0.0031 273 111 312 192
bottle 0.0028 276 289 391 378
bottle 0.0027 198 232 298 324
bottle 0.0026 326 178 476 368
bottle 0.0026 339 213 405 330
bottle 0.0023 52 137 125 235
bottle 0.0022 282 133 312 227
bottle 0.0022 34 105 153 325
bottle 0.0021 201 263 305 348
bottle 0.0020 318 161 407 273
bottle 0.0019 430 227 473 309
bottle 0.0018 246 110 316 202
bottle 0.0015 200 175 301 263
bottle 0.0014 249 132 272 173
bottle 0.0014 289 228 441 380
bottle 0.0013 234 49 341 214
bottle 0.0013 205 74 288 176
bottle 0.0012 183 285 316 375
bottle 0.0011 442 216 493 287
bottle 0.0011 263 120 292 155
bottle 0.0010 238 153 278 236
chair 0.0018 382 328 504 377
diningtable 0.0100 77 60 498 315
diningtable 0.0025 297 228 504 374
diningtable 0.0017 34 142 388 403
diningtable 0.0012 224 278 436 376
motorbike 0.0806 43 54 455 376
motorbike 0.0023 116 73 306 299
person 0.0293 315 298 400 376
person 0.0076 13 40 333 334
person 0.0046 110 91 542 341
person 0.0023 301 325 426 377
person 0.0013 157 -7 495 267
person 0.0011 163 73 262 181
person 0.0011 81 56 266 208
