bottle 0.0357 163 54 196 94
bottle 0.0024 359 109 388 166
bottle 0.0016 363 119 384 154
bottle 0.0015 171 47 193 76
car 0.7229 -38 53 461 340
car 0.6995 11 79 129 141
car 0.2635 30 80 139 118
car 0.0647 2 78 49 143
car 0.0544 5 76 44 98
car 0.0206 51 85 211 138
car 0.0179 0 61 30 137
car 0.0106 31 85 102 135
car 0.0084 35 96 141 177
car 0.0077 -15 70 71 125
car 0.0062 10 130 181 315
car 0.0061 28 76 67 95
car 0.0054 -3 98 96 145
car 0.0047 138 99 364 294
car 0.0038 0 92 26 151
car 0.0038 42 88 92 108
car 0.0035 4 84 46 108
car 0.0034 1 71 25 102
car 0.0033 54 87 117 107
car 0.0030 29 70 230 164
car 0.0026 0 80 26 114
car 0.0026 72 71 193 113
car 0.0023 66 74 280 208
car 0.0023 85 33 413 255
car 0.0018 117 137 226 201
car 0.0017 -37 97 231 348
car 0.0016 30 133 158 193
car 0.0016 72 112 188 177
car 0.0012 61 99 111 119
car 0.0012 43 77 91 96
car 0.0012 59 142 289 304
car 0.0010 11 99 169 233
car 0.0010 96 67 230 127
car 0.0010 55 97 113 145
car 0.0010 59 152 439 343
car 0.0010 90 80 198 170
car 0.0010 20 72 76 102
chair 0.0021 303 52 328 85
chair 0.0021 387 185 499 351
chair 0.0017 54 106 156 194
chair 0.0015 304 62 364 101
chair 0.0012 294 62 339 103
chair 0.0011 319 58 414 122
chair 0.0011 311 62 355 82
person 0.8314 392 56 491 339
person 0.4146 220 36 268 87
person 0.2782 122 54 156 93
person 0.2221 431 61 507 332
person 0.0825 221 30 285 107
person 0.0565 76 59 103 83
person 0.0557 168 57 192 90
person 0.0363 91 58 115 88
person 0.0361 285 6 316 86
person 0.0345 116 59 140 90
person 0.0326 340 52 543 341
person 0.0185 215 42 266 125
person 0.0164 386 136 438 296
person 0.0144 474 38 499 183
person 0.0136 152 60 180 89
person 0.0133 287 53 313 84
person 0.0110 334 110 373 168
person 0.0103 217 124 259 204
person 0.0099 202 44 280 150
person 0.0086 185 112 258 214
person 0.0075 156 129 246 225
person 0.0068 338 42 373 69
person 0.0067 241 42 272 77
person 0.0066 331 36 383 77
person 0.0065 357 33 473 259
person 0.0060 66 69 113 105
person 0.0058 360 43 389 68
person 0.0055 342 121 366 156
person 0.0053 381 165 413 265
person 0.0050 110 64 146 104
person 0.0048 310 42 407 100
person 0.0045 156 62 343 231
person 0.0044 477 180 500 330
person 0.0043 37 62 63 85
person 0.0040 377 42 407 70
person 0.0039 203 49 247 90
person 0.0039 296 46 332 92
person 0.0034 89 70 120 96
person 0.0033 348 37 400 78
person 0.0030 71 56 111 90
person 0.0030 470 17 499 126
person 0.0027 367 38 414 78
person 0.0027 477 74 500 226
person 0.0026 405 140 482 254
person 0.0022 208 57 240 85
person 0.0021 312 123 361 180
person 0.0019 105 51 187 95
person 0.0018 199 175 244 233
person 0.0018 222 52 256 88
person 0.0016 376 149 455 343
person 0.0016 75 50 102 75
person 0.0016 292 4 332 89
person 0.0016 319 50 354 68
person 0.0016 241 61 331 130
person 0.0015 396 28 487 100
person 0.0015 150 82 268 152
person 0.0015 283 33 370 100
person 0.0013 380 135 412 218
person 0.0013 328 11 479 171
person 0.0013 201 12 308 128
person 0.0012 249 25 326 108
person 0.0012 256 41 304 99
person 0.0012 114 61 308 173
person 0.0012 151 70 179 98
person 0.0012 427 27 514 209
person 0.0012 301 48 327 76
person 0.0011 273 60 378 115
person 0.0011 453 34 496 109
person 0.0011 440 160 501 283
person 0.0011 202 130 295 210
person 0.0010 359 52 449 132
person 0.0010 441 109 503 235
person 0.0010 357 33 448 98
person 0.0010 175 134 228 195
pottedplant 0.0291 364 -1 453 82
pottedplant 0.0216 346 31 405 66
pottedplant 0.0103 333 27 378 67
pottedplant 0.0089 400 0 484 79
pottedplant 0.0065 333 -21 480 100
pottedplant 0.0061 352 -5 473 46
pottedplant 0.0059 0 29 21 60
pottedplant 0.0053 313 23 408 109
pottedplant 0.0053 358 34 392 62
pottedplant 0.0049 316 7 413 74
pottedplant 0.0048 0 25 25 92
pottedplant 0.0048 370 5 420 59
pottedplant 0.0045 342 30 369 63
pottedplant 0.0024 376 33 406 62
pottedplant 0.0024 384 10 442 54
pottedplant 0.0017 -1 20 19 47
pottedplant 0.0015 291 7 440 125
pottedplant 0.0013 2 38 21 79
pottedplant 0.0011 399 0 465 40
tvmonitor 0.0042 276 102 379 181
tvmonitor 0.0015 243 69 402 221
tvmonitor 0.0013 232 111 344 179
