chair 0.4953 39 194 153 282
chair 0.1528 4 167 45 278
chair 0.0771 133 148 198 270
chair 0.0517 10 171 99 270
chair 0.0459 -1 184 30 291
chair 0.0387 40 177 137 242
chair 0.0241 0 220 48 281
chair 0.0198 0 170 49 220
chair 0.0194 4 284 108 375
chair 0.0171 60 189 111 259
chair 0.0095 187 179 253 269
chair 0.0092 42 235 145 299
chair 0.0077 240 172 310 274
chair 0.0055 59 173 115 217
chair 0.0053 53 178 77 208
chair 0.0050 -17 150 71 289
chair 0.0040 53 187 122 231
chair 0.0040 44 178 86 240
chair 0.0039 -5 251 60 358
chair 0.0037 95 162 171 267
chair 0.0037 103 164 141 220
chair 0.0034 67 179 105 205
chair 0.0031 79 192 131 255
chair 0.0029 197 174 297 261
chair 0.0029 86 170 127 191
chair 0.0028 65 170 109 189
chair 0.0028 -10 175 140 300
chair 0.0027 34 199 67 277
chair 0.0025 183 166 221 255
chair 0.0024 -13 230 128 384
chair 0.0023 -10 232 64 307
chair 0.0022 253 220 307 282
chair 0.0020 53 165 83 192
chair 0.0020 176 145 324 281
chair 0.0018 0 247 23 285
chair 0.0017 -20 191 41 281
chair 0.0017 66 207 102 236
chair 0.0016 210 214 311 283
chair 0.0016 15 295 174 368
chair 0.0015 32 170 66 249
chair 0.0015 79 174 132 217
chair 0.0014 -2 237 22 352
chair 0.0014 89 180 124 206
chair 0.0013 31 269 157 336
chair 0.0013 45 187 84 290
chair 0.0012 109 175 138 210
chair 0.0012 310 183 498 365
chair 0.0011 122 233 155 294
chair 0.0011 -1 231 25 273
chair 0.0011 23 210 116 290
chair 0.0010 0 216 23 261
diningtable 0.0282 -11 154 139 284
diningtable 0.0064 30 268 316 388
diningtable 0.0039 -43 247 389 414
pottedplant 0.4475 132 139 194 248
pottedplant 0.1608 134 115 203 211
pottedplant 0.1090 146 170 184 246
pottedplant 0.0457 118 119 215 258
pottedplant 0.0317 100 137 144 190
pottedplant 0.0305 46 97 128 178
pottedplant 0.0239 39 78 145 250
pottedplant 0.0234 0 126 30 205
pottedplant 0.0180 54 159 140 228
pottedplant 0.0177 159 130 197 230
pottedplant 0.0167 111 136 137 168
pottedplant 0.0160 0 155 48 205
pottedplant 0.0140 -2 14 32 86
pottedplant 0.0132 110 147 136 180
pottedplant 0.0125 57 109 117 163
pottedplant 0.0120 3 88 113 169
pottedplant 0.0119 132 87 210 177
pottedplant 0.0110 106 115 181 215
pottedplant 0.0086 -23 110 55 210
pottedplant 0.0082 2 114 46 188
pottedplant 0.0078 158 116 198 186
pottedplant 0.0072 105 156 148 203
pottedplant 0.0072 75 92 124 154
pottedplant 0.0069 0 159 23 197
pottedplant 0.0066 109 164 142 194
pottedplant 0.0063 64 79 111 139
pottedplant 0.0063 149 73 273 250
pottedplant 0.0062 -19 60 139 202
pottedplant 0.0057 140 104 191 169
pottedplant 0.0057 -2 160 115 221
pottedplant 0.0057 149 176 179 213
pottedplant 0.0049 10 112 105 206
pottedplant 0.0043 151 161 177 199
pottedplant 0.0042 -41 77 81 244
pottedplant 0.0038 151 189 177 230
pottedplant 0.0037 170 110 255 214
pottedplant 0.0035 -6 152 64 236
pottedplant 0.0035 0 144 24 184
pottedplant 0.0030 76 82 197 245
pottedplant 0.0028 7 168 42 194
pottedplant 0.0026 73 91 102 123
pottedplant 0.0024 90 126 159 204
pottedplant 0.0024 222 36 250 60
pottedplant 0.0022 111 58 234 205
pottedplant 0.0022 90 90 177 172
pottedplant 0.0020 107 160 187 257
pottedplant 0.0020 127 165 157 192
pottedplant 0.0019 149 204 177 241
pottedplant 0.0018 212 34 237 65
pottedplant 0.0018 -14 114 131 263
pottedplant 0.0016 11 148 38 182
pottedplant 0.0016 120 147 164 211
pottedplant 0.0015 49 61 120 158
pottedplant 0.0013 86 122 122 150
pottedplant 0.0012 79 163 137 199
pottedplant 0.0012 10 137 40 167
pottedplant 0.0010 41 136 134 196
pottedplant 0.0010 62 144 114 188
pottedplant 0.0010 147 148 181 179
pottedplant 0.0010 162 167 198 250
tvmonitor 0.2885 402 248 499 365
tvmonitor 0.0310 387 185 505 376
tvmonitor 0.0073 6 182 45 207
tvmonitor 0.0039 0 178 26 208
tvmonitor 0.0027 314 234 504 375
tvmonitor 0.0024 448 255 496 362
tvmonitor 0.0023 431 276 506 375
tvmonitor 0.0021 370 282 459 372
tvmonitor 0.0017 398 197 493 299
tvmonitor 0.0013 9 191 41 222
tvmonitor 0.0013 392 287 440 358
tvmonitor 0.0012 407 273 448 347
tvmonitor 0.0011 317 101 490 271
