bottle 0.0030 0 169 25 249
chair 0.4783 331 211 412 320
chair 0.4756 107 208 177 291
chair 0.4436 148 237 280 382
chair 0.3519 410 221 491 341
chair 0.3257 -2 236 55 364
chair 0.3107 129 283 267 367
chair 0.2919 121 206 213 286
chair 0.1718 110 182 144 297
chair 0.1241 14 210 88 344
chair 0.1009 152 235 260 309
chair 0.0943 325 231 492 368
chair 0.0874 260 207 341 298
chair 0.0787 240 237 405 375
chair 0.0767 284 227 361 309
chair 0.0736 134 251 227 360
chair 0.0677 369 215 451 318
chair 0.0655 247 234 335 323
chair 0.0631 161 212 249 291
chair 0.0588 31 228 68 335
chair 0.0584 197 236 306 324
chair 0.0543 467 206 501 296
chair 0.0529 328 216 376 286
chair 0.0526 333 243 406 364
chair 0.0490 268 200 321 247
chair 0.0476 1 205 48 300
chair 0.0448 199 261 311 356
chair 0.0445 354 208 401 270
chair 0.0439 189 207 215 237
chair 0.0436 369 204 408 301
chair 0.0371 0 208 30 324
chair 0.0367 219 286 351 371
chair 0.0360 165 254 278 335
chair 0.0354 41 238 227 371
chair 0.0316 118 220 297 334
chair 0.0313 -17 180 74 374
chair 0.0309 281 249 371 348
chair 0.0290 358 250 453 344
chair 0.0286 126 232 200 328
chair 0.0276 211 240 264 292
chair 0.0275 153 223 211 281
chair 0.0264 105 199 152 247
chair 0.0259 38 213 95 258
chair 0.0258 133 211 193 262
chair 0.0241 317 217 358 287
chair 0.0228 450 224 498 311
chair 0.0214 250 196 303 247
chair 0.0199 182 201 218 272
chair 0.0195 172 301 303 373
chair 0.0177 42 235 84 326
chair 0.0176 85 257 186 353
chair 0.0173 197 250 250 305
chair 0.0170 146 195 176 222
chair 0.0167 264 290 393 370
chair 0.0158 90 193 127 281
chair 0.0157 227 275 326 344
chair 0.0154 175 243 226 315
chair 0.0152 316 198 350 221
chair 0.0149 0 251 25 368
chair 0.0148 390 211 496 297
chair 0.0147 41 221 92 285
chair 0.0144 48 253 131 353
chair 0.0142 430 216 475 318
chair 0.0132 132 243 196 289
chair 0.0129 97 232 144 295
chair 0.0127 378 207 404 238
chair 0.0119 129 192 154 224
chair 0.0115 125 207 159 236
chair 0.0114 365 237 421 323
chair 0.0114 100 227 171 320
chair 0.0111 192 210 310 289
chair 0.0104 126 290 205 384
chair 0.0104 279 208 314 238
chair 0.0104 147 325 275 381
chair 0.0104 198 212 241 233
chair 0.0102 111 196 143 222
chair 0.0101 25 211 70 294
chair 0.0091 375 256 513 402
chair 0.0085 0 186 24 259
chair 0.0085 392 204 429 301
chair 0.0085 69 197 102 246
chair 0.0084 192 229 253 278
chair 0.0075 288 220 345 286
chair 0.0072 2 271 87 372
chair 0.0071 395 278 491 381
chair 0.0070 25 197 149 348
chair 0.0070 148 209 180 234
chair 0.0067 -1 202 50 245
chair 0.0066 317 207 351 237
chair 0.0063 85 215 129 316
chair 0.0063 453 213 499 262
chair 0.0063 80 291 192 374
chair 0.0062 125 234 159 269
chair 0.0059 319 205 393 274
chair 0.0056 295 203 346 245
chair 0.0056 471 220 502 254
chair 0.0056 57 208 139 287
chair 0.0056 111 205 142 236
chair 0.0054 166 210 199 234
chair 0.0053 393 213 433 235
chair 0.0052 225 327 352 378
chair 0.0051 174 230 224 279
chair 0.0051 270 215 328 257
chair 0.0050 405 215 463 255
chair 0.0049 280 195 311 223
chair 0.0047 125 220 159 256
chair 0.0046 35 240 100 347
chair 0.0045 370 202 407 246
chair 0.0042 363 207 392 237
chair 0.0042 405 236 458 327
chair 0.0041 271 229 326 303
chair 0.0041 187 219 215 250
chair 0.0041 144 236 182 266
chair 0.0041 388 234 435 323
chair 0.0041 223 221 254 248
chair 0.0040 193 216 251 259
chair 0.0039 302 208 337 236
chair 0.0039 406 213 453 291
chair 0.0038 385 213 440 260
chair 0.0037 140 203 190 245
chair 0.0037 326 234 381 326
chair 0.0037 336 211 372 238
chair 0.0036 49 220 87 250
chair 0.0035 244 219 272 250
chair 0.0035 220 211 258 233
chair 0.0033 408 214 454 237
chair 0.0033 0 178 48 237
chair 0.0033 203 223 241 247
chair 0.0030 0 219 23 253
chair 0.0030 222 250 256 281
chair 0.0030 259 221 292 251
chair 0.0029 143 253 184 282
chair 0.0028 236 239 276 319
chair 0.0027 469 190 501 258
chair 0.0027 58 248 111 315
chair 0.0026 239 207 277 262
chair 0.0025 8 210 44 235
chair 0.0025 300 199 333 223
chair 0.0025 140 251 185 368
chair 0.0025 27 201 70 248
chair 0.0025 245 205 272 236
chair 0.0024 317 287 420 373
chair 0.0023 187 207 250 239
chair 0.0023 145 221 182 250
chair 0.0023 475 239 499 351
chair 0.0022 124 253 169 339
chair 0.0022 59 219 108 284
chair 0.0022 424 216 477 257
chair 0.0022 -23 212 43 320
chair 0.0021 167 220 198 251
chair 0.0021 259 206 294 237
chair 0.0020 -1 233 23 270
chair 0.0020 367 208 458 268
chair 0.0020 279 222 317 249
chair 0.0020 260 198 371 252
chair 0.0020 88 194 162 254
chair 0.0019 159 204 205 243
chair 0.0019 149 259 213 334
chair 0.0019 185 249 213 285
chair 0.0017 170 288 231 363
chair 0.0016 151 292 207 358
chair 0.0016 434 220 468 249
chair 0.0016 210 257 265 332
chair 0.0015 111 231 140 271
chair 0.0015 343 260 408 330
chair 0.0015 458 218 489 251
chair 0.0015 37 287 145 371
chair 0.0014 82 188 127 234
chair 0.0014 74 194 100 227
chair 0.0014 88 195 119 225
chair 0.0014 27 197 103 251
chair 0.0014 202 240 242 265
chair 0.0013 93 205 117 243
chair 0.0013 378 216 402 260
chair 0.0012 10 203 88 274
chair 0.0012 305 331 426 381
chair 0.0012 362 199 392 224
chair 0.0012 81 256 132 334
chair 0.0012 426 264 477 355
chair 0.0012 0 244 22 288
chair 0.0012 238 199 323 270
chair 0.0011 33 236 63 267
chair 0.0011 292 189 339 231
chair 0.0011 215 304 269 371
chair 0.0011 48 196 86 219
chair 0.0011 69 218 96 253
chair 0.0011 363 217 389 259
chair 0.0010 164 236 201 266
chair 0.0010 202 263 241 294
chair 0.0010 32 222 63 250
chair 0.0010 11 234 42 269
chair 0.0010 29 196 63 219
chair 0.0010 435 246 502 373
chair 0.0010 339 218 368 257
chair 0.0010 103 348 261 379
diningtable 0.3744 137 250 364 364
diningtable 0.3528 110 211 213 289
diningtable 0.1069 156 223 345 332
diningtable 0.1042 1 223 97 379
diningtable 0.0756 381 217 489 328
diningtable 0.0212 43 230 456 373
diningtable 0.0067 321 211 422 332
diningtable 0.0031 -30 223 299 379
diningtable 0.0026 135 194 277 298
diningtable 0.0024 251 209 390 333
diningtable 0.0017 113 201 217 249
diningtable 0.0015 321 202 486 296
diningtable 0.0013 86 157 250 286
diningtable 0.0010 281 205 386 270
diningtable 0.0010 219 192 363 303
pottedplant 0.1594 161 171 212 217
pottedplant 0.0822 0 158 54 206
pottedplant 0.0745 130 180 156 210
pottedplant 0.0533 246 133 310 228
pottedplant 0.0509 249 171 307 218
pottedplant 0.0418 110 184 143 208
pottedplant 0.0398 125 171 160 219
pottedplant 0.0357 189 194 213 225
pottedplant 0.0334 149 179 176 208
pottedplant 0.0293 167 177 201 208
pottedplant 0.0246 121 153 224 229
pottedplant 0.0240 167 166 201 196
pottedplant 0.0209 121 187 215 254
pottedplant 0.0194 145 171 181 219
pottedplant 0.0179 170 162 222 203
pottedplant 0.0169 187 174 211 211
pottedplant 0.0156 185 186 218 235
pottedplant 0.0154 169 145 253 225
pottedplant 0.0129 215 137 288 241
pottedplant 0.0127 233 95 330 274
pottedplant 0.0121 106 174 150 218
pottedplant 0.0119 244 185 281 234
pottedplant 0.0117 93 147 178 231
pottedplant 0.0107 246 194 275 223
pottedplant 0.0105 260 181 298 209
pottedplant 0.0098 33 177 57 208
pottedplant 0.0093 9 167 42 198
pottedplant 0.0091 0 162 28 228
pottedplant 0.0089 164 197 201 220
pottedplant 0.0083 162 183 254 247
pottedplant 0.0078 0 164 22 201
pottedplant 0.0061 27 151 60 209
pottedplant 0.0060 12 175 38 210
pottedplant 0.0060 -1 151 21 181
pottedplant 0.0051 181 167 216 196
pottedplant 0.0050 139 159 190 203
pottedplant 0.0047 -3 136 25 197
pottedplant 0.0047 243 140 282 222
pottedplant 0.0047 138 189 182 230
pottedplant 0.0046 282 181 310 210
pottedplant 0.0043 128 117 221 206
pottedplant 0.0043 249 183 331 249
pottedplant 0.0040 2 172 21 214
pottedplant 0.0035 259 192 295 222
pottedplant 0.0032 194 108 303 272
pottedplant 0.0031 222 107 300 212
pottedplant 0.0030 149 167 180 195
pottedplant 0.0027 275 146 312 216
pottedplant 0.0026 216 46 254 112
pottedplant 0.0024 164 155 203 177
pottedplant 0.0023 93 133 244 249
pottedplant 0.0023 158 188 209 229
pottedplant 0.0021 34 159 57 198
pottedplant 0.0020 207 181 293 251
pottedplant 0.0020 15 143 98 231
pottedplant 0.0019 -8 140 64 226
pottedplant 0.0019 157 146 212 188
pottedplant 0.0019 127 166 155 196
pottedplant 0.0016 246 180 276 212
pottedplant 0.0016 112 166 139 195
pottedplant 0.0015 258 107 333 224
pottedplant 0.0014 89 187 173 256
pottedplant 0.0012 191 189 244 232
pottedplant 0.0012 143 121 274 259
pottedplant 0.0011 164 128 260 197
pottedplant 0.0011 87 181 119 206
pottedplant 0.0010 247 166 276 197
tvmonitor 0.0073 242 100 314 218
tvmonitor 0.0070 230 68 327 250
tvmonitor 0.0024 0 200 20 245
