aeroplane 0.0020 336 332 468 377
bird 0.0053 327 20 378 81
bird 0.0035 393 153 497 224
bird 0.0029 379 87 502 286
bottle 0.0043 31 1 64 71
bottle 0.0026 -15 -28 63 230
bottle 0.0024 -3 2 114 202
bottle 0.0015 7 1 87 98
bottle 0.0012 39 93 60 128
bottle 0.0011 0 4 26 96
bottle 0.0011 3 9 47 119
bottle 0.0010 35 80 67 138
bus 0.0012 3 20 107 240
car 0.0069 37 183 64 210
car 0.0025 15 113 104 204
car 0.0022 37 105 61 135
car 0.0019 417 359 487 374
car 0.0018 398 358 463 373
car 0.0018 37 172 67 244
car 0.0018 59 86 125 182
car 0.0014 37 222 62 247
car 0.0013 -7 73 120 244
car 0.0013 47 113 135 207
car 0.0010 1 147 46 213
chair 0.0019 217 156 271 201
person 0.8118 164 133 238 227
person 0.0636 149 129 218 260
person 0.0244 232 154 280 206
person 0.0144 139 120 217 205
person 0.0066 249 87 275 187
person 0.0046 332 24 377 101
person 0.0043 157 123 252 297
person 0.0043 27 5 165 197
person 0.0026 175 164 216 280
person 0.0024 200 121 283 200
person 0.0020 172 121 228 184
person 0.0019 243 342 273 366
person 0.0019 202 124 233 235
person 0.0018 258 152 290 203
person 0.0015 251 116 271 157
person 0.0014 434 14 517 246
person 0.0012 388 52 498 262
person 0.0011 91 0 177 86
person 0.0011 86 118 177 201
person 0.0010 0 -11 116 158
person 0.0010 156 4 261 84
pottedplant 0.0046 36 250 58 285
pottedplant 0.0040 0 103 21 139
pottedplant 0.0029 0 90 24 153
pottedplant 0.0018 31 240 61 291
tvmonitor 0.0230 309 223 498 384
tvmonitor 0.0055 345 294 464 370
tvmonitor 0.0045 349 263 458 346
tvmonitor 0.0019 252 181 553 423
