bicycle 0.4858 13 27 486 404
bicycle 0.0223 -32 32 302 340
bicycle 0.0046 172 75 480 354
bicycle 0.0035 278 158 437 338
bicycle 0.0018 139 104 360 328
bicycle 0.0011 302 70 411 307
bird 0.0013 285 45 392 87
bottle 0.4041 447 237 486 356
bottle 0.1092 456 211 485 324
bottle 0.0034 473 220 500 316
bottle 0.0023 460 244 481 290
bottle 0.0019 440 214 498 320
bottle 0.0014 55 53 117 100
bottle 0.0012 455 271 482 321
bus 0.0054 -16 7 363 309
chair 0.0026 74 22 168 106
chair 0.0017 88 30 161 69
person 0.0074 71 -18 427 337
person 0.0018 300 38 407 92
person 0.0016 287 31 375 107
person 0.0012 479 72 500 201
person 0.0011 308 19 418 76
pottedplant 0.0260 447 267 487 349
pottedplant 0.0065 438 252 507 351
pottedplant 0.0035 67 25 144 104
train 0.0010 -29 -6 299 324
