bottle 0.3894 208 71 238 178
bottle 0.0191 220 80 253 168
bottle 0.0151 191 79 252 195
bottle 0.0117 248 125 316 200
bottle 0.0069 211 86 234 129
bottle 0.0067 238 102 285 166
bottle 0.0049 211 97 232 149
bottle 0.0044 205 117 236 211
bottle 0.0039 185 91 216 152
bottle 0.0036 180 196 228 248
bottle 0.0026 211 129 234 174
bottle 0.0021 223 121 252 209
bottle 0.0015 155 124 209 179
bottle 0.0014 190 101 212 143
bottle 0.0012 356 210 394 237
bottle 0.0011 235 254 283 305
bottle 0.0010 12 224 46 249
bottle 0.0010 349 202 401 246
bottle 0.0010 4 206 54 265
chair 0.0671 285 233 435 372
chair 0.0480 287 268 387 378
chair 0.0255 408 216 449 344
chair 0.0196 340 215 461 377
chair 0.0190 307 286 419 369
chair 0.0128 371 222 441 327
chair 0.0083 396 184 481 373
chair 0.0039 436 190 502 312
chair 0.0036 0 42 28 145
chair 0.0032 405 222 458 284
chair 0.0031 335 243 416 346
chair 0.0027 410 220 493 342
chair 0.0022 227 290 340 374
chair 0.0022 321 230 403 320
chair 0.0020 362 254 429 364
chair 0.0018 304 265 504 386
chair 0.0017 388 192 475 283
chair 0.0016 4 135 98 226
chair 0.0016 371 202 418 248
chair 0.0015 278 322 372 383
chair 0.0014 1 60 57 129
chair 0.0011 148 289 267 371
diningtable 0.3341 39 173 460 372
diningtable 0.0885 230 233 427 367
diningtable 0.0315 125 190 371 356
diningtable 0.0200 15 102 407 328
diningtable 0.0192 18 176 254 369
diningtable 0.0079 190 262 384 390
diningtable 0.0064 -58 212 327 390
diningtable 0.0037 143 123 269 195
diningtable 0.0031 198 228 295 317
diningtable 0.0026 43 268 302 379
diningtable 0.0025 135 130 364 304
diningtable 0.0025 179 292 313 369
diningtable 0.0020 4 195 104 282
diningtable 0.0018 25 253 474 408
diningtable 0.0016 49 149 295 292
diningtable 0.0014 146 151 279 212
diningtable 0.0011 156 105 350 216
diningtable 0.0011 288 154 439 337
diningtable 0.0010 224 264 345 344
diningtable 0.0010 99 266 239 343
person 0.8925 114 9 211 180
person 0.8488 322 42 420 157
person 0.5436 3 32 131 229
person 0.1916 44 33 221 212
person 0.0292 8 28 102 111
person 0.0271 13 12 182 151
person 0.0238 -6 7 70 258
person 0.0093 97 19 185 129
person 0.0084 -18 84 119 283
person 0.0060 4 59 60 215
person 0.0056 39 9 142 70
person 0.0041 29 35 109 148
person 0.0040 40 24 146 124
person 0.0039 248 13 418 180
person 0.0039 0 168 23 305
person 0.0039 -14 106 65 327
person 0.0037 0 45 22 198
person 0.0036 18 70 105 195
person 0.0036 -4 26 67 131
person 0.0033 -5 151 117 333
person 0.0033 19 19 118 81
person 0.0021 7 38 51 119
person 0.0021 349 58 400 156
person 0.0018 -4 188 65 299
person 0.0018 137 33 220 152
person 0.0017 0 119 58 245
person 0.0017 380 208 409 242
person 0.0016 -4 114 97 214
person 0.0014 0 227 27 362
person 0.0013 -68 10 184 249
person 0.0012 21 28 77 73
person 0.0012 342 41 438 116
person 0.0012 5 54 47 159
person 0.0011 83 15 185 78
person 0.0010 23 48 62 137
pottedplant 0.0215 440 167 503 260
pottedplant 0.0120 356 159 454 219
pottedplant 0.0104 237 125 326 205
pottedplant 0.0072 357 174 452 258
pottedplant 0.0058 287 220 387 284
pottedplant 0.0045 351 122 451 198
pottedplant 0.0045 302 158 446 232
pottedplant 0.0042 310 184 422 254
pottedplant 0.0039 329 230 381 276
pottedplant 0.0028 369 139 513 298
pottedplant 0.0027 446 170 500 222
pottedplant 0.0027 232 162 419 328
pottedplant 0.0027 304 230 365 274
pottedplant 0.0024 241 95 323 178
pottedplant 0.0020 468 183 502 258
pottedplant 0.0018 315 87 483 230
pottedplant 0.0015 421 162 526 334
pottedplant 0.0014 234 203 335 289
pottedplant 0.0013 271 148 461 283
pottedplant 0.0012 270 118 325 156
pottedplant 0.0012 377 161 447 202
pottedplant 0.0011 294 227 339 278
pottedplant 0.0011 337 238 374 268
pottedplant 0.0011 444 199 497 274
pottedplant 0.0010 393 146 493 227
pottedplant 0.0010 313 211 358 265
