bicycle 0.0992 16 90 329 370
bicycle 0.0667 116 169 302 356
bicycle 0.0028 125 182 219 281
bicycle 0.0016 50 155 219 367
bicycle 0.0013 162 205 263 312
chair 0.0014 340 360 466 410
person 0.5084 84 65 339 335
person 0.4377 153 8 275 325
person 0.0257 116 87 536 371
person 0.0128 -7 86 276 374
person 0.0127 138 24 285 197
person 0.0091 127 83 169 152
person 0.0090 171 20 323 255
person 0.0075 65 62 199 280
person 0.0074 50 109 217 349
person 0.0068 29 59 157 340
person 0.0065 144 16 431 323
person 0.0030 130 65 167 225
person 0.0029 197 80 380 320
person 0.0028 139 96 179 226
person 0.0021 113 76 178 185
person 0.0017 103 34 242 242
person 0.0013 153 180 268 284
person 0.0010 166 142 256 256
person 0.0010 137 67 179 134
person 0.0010 135 163 364 356
