dog 0.5228 42 199 120 442
dog 0.2781 239 217 325 500
dog 0.0066 257 227 309 428
dog 0.0051 52 282 108 434
person 0.6043 247 153 318 501
person 0.0979 244 79 320 265
person 0.0480 242 75 296 214
person 0.0311 247 160 287 237
person 0.0268 241 176 323 309
person 0.0260 45 233 121 400
person 0.0224 226 108 315 400
person 0.0170 240 167 327 240
person 0.0039 42 177 153 405
person 0.0023 240 240 302 430
person 0.0022 257 41 323 164
person 0.0015 209 159 373 494
person 0.0015 241 149 273 213
person 0.0014 247 68 285 145
person 0.0014 261 74 335 214
person 0.0014 249 206 319 371
person 0.0011 254 125 340 239
person 0.0010 245 157 266 203
