bird 0.0215 316 137 433 245
bird 0.0011 317 136 398 215
bottle 0.0335 271 327 305 395
bottle 0.0049 374 347 409 441
bottle 0.0025 160 159 204 223
bottle 0.0020 43 217 75 281
bottle 0.0017 2 164 92 455
bottle 0.0015 276 354 300 393
bottle 0.0013 279 330 316 385
bottle 0.0012 7 241 77 379
car 0.0036 275 310 383 382
chair 0.0322 -6 71 62 170
chair 0.0253 0 50 22 186
chair 0.0172 1 49 82 189
chair 0.0114 -4 33 61 134
chair 0.0039 2 94 44 178
chair 0.0024 0 91 18 149
chair 0.0017 401 154 450 227
chair 0.0014 -13 -8 64 186
chair 0.0012 335 148 442 275
diningtable 0.0011 362 337 447 451
person 0.8590 54 37 256 443
person 0.0309 55 49 92 114
person 0.0247 52 55 72 108
person 0.0124 119 6 144 52
person 0.0113 63 49 199 281
person 0.0078 -4 144 96 407
person 0.0036 74 43 109 116
person 0.0034 189 64 211 106
person 0.0034 200 21 232 109
person 0.0032 215 27 248 104
person 0.0031 -10 41 106 289
person 0.0026 0 198 23 371
person 0.0025 127 13 160 45
person 0.0023 432 25 449 70
person 0.0022 -48 76 221 475
person 0.0020 30 175 213 445
person 0.0020 100 8 125 49
person 0.0016 3 211 80 345
person 0.0016 229 33 272 96
person 0.0016 206 56 225 110
person 0.0015 -18 52 60 353
person 0.0015 0 184 19 281
person 0.0014 64 44 85 91
person 0.0012 42 12 130 99
person 0.0012 5 181 91 294
person 0.0011 396 60 452 208
person 0.0010 184 51 216 115
person 0.0010 109 131 270 423
pottedplant 0.1313 355 166 451 453
pottedplant 0.0800 212 227 294 334
pottedplant 0.0603 205 190 309 302
pottedplant 0.0354 332 125 413 226
pottedplant 0.0274 195 177 266 303
pottedplant 0.0262 220 238 278 297
pottedplant 0.0242 302 129 429 427
pottedplant 0.0186 368 286 440 422
pottedplant 0.0141 346 142 434 249
pottedplant 0.0132 317 91 458 256
pottedplant 0.0102 196 221 264 339
pottedplant 0.0100 211 146 376 330
pottedplant 0.0085 246 187 340 297
pottedplant 0.0085 176 108 342 304
pottedplant 0.0084 361 240 452 370
pottedplant 0.0073 166 144 292 337
pottedplant 0.0062 212 158 305 261
pottedplant 0.0053 278 158 381 253
pottedplant 0.0051 244 111 414 293
pottedplant 0.0032 212 54 376 276
pottedplant 0.0027 56 32 91 105
pottedplant 0.0026 18 -7 102 101
pottedplant 0.0026 372 281 412 401
pottedplant 0.0026 354 126 389 155
pottedplant 0.0025 226 271 275 300
pottedplant 0.0024 352 76 442 192
pottedplant 0.0023 334 219 444 315
pottedplant 0.0022 346 177 442 290
pottedplant 0.0021 371 141 404 171
pottedplant 0.0020 287 30 439 232
pottedplant 0.0020 268 271 301 303
pottedplant 0.0020 226 216 274 282
pottedplant 0.0020 261 259 308 315
pottedplant 0.0020 39 -1 81 60
pottedplant 0.0019 216 7 304 103
pottedplant 0.0019 22 -1 63 58
pottedplant 0.0018 281 121 378 216
pottedplant 0.0018 288 175 371 295
pottedplant 0.0018 212 256 260 310
pottedplant 0.0018 242 122 345 219
pottedplant 0.0017 327 207 405 347
pottedplant 0.0017 57 0 97 91
pottedplant 0.0015 231 250 270 286
pottedplant 0.0015 317 77 410 181
pottedplant 0.0014 240 151 347 256
pottedplant 0.0014 84 114 434 365
pottedplant 0.0012 331 127 443 187
pottedplant 0.0012 343 134 399 182
pottedplant 0.0012 246 16 342 101
pottedplant 0.0011 48 26 80 110
pottedplant 0.0011 29 4 57 47
pottedplant 0.0010 247 -15 410 199
pottedplant 0.0010 364 129 407 185
pottedplant 0.0010 348 115 397 164
pottedplant 0.0010 240 226 330 311
pottedplant 0.0010 248 273 286 298
pottedplant 0.0010 48 195 70 233
pottedplant 0.0010 381 274 426 372
