bird 0.0032 116 158 229 262
bird 0.0028 73 120 273 285
bird 0.0020 198 115 299 170
bottle 0.0010 327 422 362 453
car 0.0013 136 124 165 155
cat 0.0011 60 17 357 327
chair 0.0107 268 307 406 490
chair 0.0072 267 337 346 475
chair 0.0062 241 304 318 418
chair 0.0049 239 259 373 478
chair 0.0033 84 273 270 466
chair 0.0033 293 304 386 423
chair 0.0021 293 339 382 471
chair 0.0019 328 339 407 467
chair 0.0013 298 261 380 382
chair 0.0011 0 361 162 530
chair 0.0010 181 393 302 486
diningtable 0.0028 27 274 391 530
pottedplant 0.0848 72 149 148 268
pottedplant 0.0376 96 187 139 252
pottedplant 0.0216 204 173 345 405
pottedplant 0.0207 235 144 376 367
pottedplant 0.0156 57 124 165 309
pottedplant 0.0128 169 245 252 344
pottedplant 0.0107 299 225 376 341
pottedplant 0.0089 236 262 326 332
pottedplant 0.0089 16 145 87 277
pottedplant 0.0083 230 191 319 313
pottedplant 0.0082 58 83 233 274
pottedplant 0.0078 8 58 152 292
pottedplant 0.0072 46 0 173 273
pottedplant 0.0071 197 200 289 304
pottedplant 0.0069 256 243 342 316
pottedplant 0.0063 202 280 282 385
pottedplant 0.0062 -27 29 318 316
pottedplant 0.0062 255 252 309 308
pottedplant 0.0057 238 277 313 388
pottedplant 0.0054 88 165 195 257
pottedplant 0.0053 265 205 364 315
pottedplant 0.0049 289 176 386 403
pottedplant 0.0043 315 278 348 309
pottedplant 0.0043 6 241 89 337
pottedplant 0.0041 2 315 45 395
pottedplant 0.0039 200 242 285 343
pottedplant 0.0037 277 282 318 310
pottedplant 0.0036 -5 104 104 316
pottedplant 0.0036 100 125 190 232
pottedplant 0.0034 233 164 316 267
pottedplant 0.0033 263 280 303 310
pottedplant 0.0031 103 199 133 241
pottedplant 0.0028 267 266 362 330
pottedplant 0.0028 166 230 319 429
pottedplant 0.0027 269 273 326 320
pottedplant 0.0026 264 160 348 264
pottedplant 0.0026 137 194 282 385
pottedplant 0.0024 47 288 96 345
pottedplant 0.0024 269 260 338 383
pottedplant 0.0024 66 138 102 228
pottedplant 0.0024 296 283 334 310
pottedplant 0.0024 246 201 368 463
pottedplant 0.0023 42 120 116 236
pottedplant 0.0022 216 285 250 313
pottedplant 0.0022 135 112 165 144
pottedplant 0.0021 289 250 340 309
pottedplant 0.0020 164 282 257 377
pottedplant 0.0019 151 134 396 440
pottedplant 0.0019 166 164 319 332
pottedplant 0.0017 308 272 354 320
pottedplant 0.0016 201 115 348 317
pottedplant 0.0015 280 262 315 296
pottedplant 0.0014 224 307 272 362
pottedplant 0.0014 58 120 93 206
pottedplant 0.0013 71 87 138 241
pottedplant 0.0013 33 275 114 358
pottedplant 0.0011 85 157 128 247
pottedplant 0.0011 242 245 289 313
pottedplant 0.0011 191 271 245 322
pottedplant 0.0011 9 193 89 308
pottedplant 0.0011 82 28 272 248
pottedplant 0.0010 264 262 300 298
pottedplant 0.0010 289 273 341 323
pottedplant 0.0010 36 285 77 350
pottedplant 0.0010 -20 199 117 383
pottedplant 0.0010 291 189 337 252
pottedplant 0.0010 8 274 86 381
pottedplant 0.0010 53 300 89 331
pottedplant 0.0010 128 100 169 153
tvmonitor 0.0061 29 393 131 492
tvmonitor 0.0012 28 435 129 505
