bottle 0.2398 396 220 431 344
bottle 0.0786 385 231 444 362
bottle 0.0743 449 273 501 376
bottle 0.0618 440 244 465 349
bottle 0.0572 413 230 448 362
bottle 0.0362 358 205 454 345
bottle 0.0278 147 218 177 316
bottle 0.0209 375 184 441 311
bottle 0.0141 454 235 489 356
bottle 0.0101 398 271 432 377
bottle 0.0088 474 234 499 356
bottle 0.0077 436 264 471 383
bottle 0.0064 436 237 506 353
bottle 0.0051 438 228 465 304
bottle 0.0051 326 272 356 345
bottle 0.0050 442 259 462 301
bottle 0.0047 414 234 446 299
bottle 0.0047 422 249 485 372
bottle 0.0038 382 174 494 370
bottle 0.0038 402 226 473 325
bottle 0.0031 127 265 156 355
bottle 0.0029 130 221 156 313
bottle 0.0028 358 197 389 333
bottle 0.0026 379 234 410 356
bottle 0.0024 413 174 474 307
bottle 0.0024 401 257 424 305
bottle 0.0022 142 260 177 331
bottle 0.0020 422 260 444 299
bottle 0.0020 159 276 201 349
bottle 0.0020 420 250 443 284
bottle 0.0020 408 310 448 366
bottle 0.0018 442 271 462 319
bottle 0.0017 2 299 44 377
bottle 0.0016 460 263 483 298
bottle 0.0016 321 231 353 331
bottle 0.0014 121 196 229 354
bottle 0.0014 476 178 500 323
bottle 0.0014 415 335 443 367
bottle 0.0014 139 219 224 314
bottle 0.0012 391 292 494 370
bottle 0.0011 151 262 173 300
bottle 0.0011 148 276 173 313
bottle 0.0010 327 288 350 330
chair 0.0034 -2 160 30 256
chair 0.0018 157 296 204 348
chair 0.0014 0 173 23 301
chair 0.0013 372 -9 517 158
chair 0.0010 210 272 270 318
diningtable 0.0123 268 299 461 367
diningtable 0.0099 148 275 427 383
diningtable 0.0040 321 262 492 391
diningtable 0.0034 70 266 275 388
diningtable 0.0034 109 293 235 369
diningtable 0.0027 147 326 276 378
diningtable 0.0020 267 329 464 379
diningtable 0.0019 192 296 385 367
diningtable 0.0015 2 248 420 412
diningtable 0.0014 194 304 461 412
diningtable 0.0010 163 251 566 409
diningtable 0.0010 101 226 244 373
person 0.8338 180 119 308 308
person 0.5578 275 145 374 334
person 0.4794 31 55 227 305
person 0.3331 438 101 505 324
person 0.2941 225 145 349 334
person 0.1636 -10 -25 279 285
person 0.1551 319 147 399 332
person 0.1251 468 119 501 268
person 0.0169 211 101 366 283
person 0.0143 396 87 492 291
person 0.0110 252 180 337 312
person 0.0090 289 169 385 249
person 0.0087 341 171 410 305
person 0.0085 -1 239 29 382
person 0.0075 236 138 314 279
person 0.0074 359 159 433 281
person 0.0073 344 142 463 296
person 0.0064 125 57 290 260
person 0.0057 92 112 254 317
person 0.0056 475 152 500 322
person 0.0040 469 281 500 369
person 0.0038 10 26 182 235
person 0.0034 443 115 498 250
person 0.0032 457 148 496 297
person 0.0032 415 160 486 276
person 0.0029 47 9 374 250
person 0.0029 292 92 432 290
person 0.0028 327 162 379 229
person 0.0026 114 109 385 322
person 0.0026 79 -1 267 201
person 0.0026 473 87 499 214
person 0.0024 270 187 366 286
person 0.0023 378 158 416 259
person 0.0023 -3 52 122 267
person 0.0020 312 164 359 228
person 0.0019 202 119 299 203
person 0.0017 0 204 26 328
person 0.0017 21 135 169 351
person 0.0015 0 262 58 384
person 0.0015 323 149 409 237
person 0.0015 274 225 367 323
person 0.0015 172 125 254 246
person 0.0014 25 112 319 376
person 0.0012 255 149 300 267
person 0.0011 150 236 350 370
person 0.0011 -2 109 23 250
person 0.0010 476 12 502 145
pottedplant 0.6475 25 272 102 375
pottedplant 0.0451 103 262 141 328
pottedplant 0.0195 55 251 130 353
pottedplant 0.0179 89 258 126 332
pottedplant 0.0135 1 254 42 368
pottedplant 0.0075 129 257 157 334
pottedplant 0.0075 109 276 136 313
pottedplant 0.0066 22 231 164 379
pottedplant 0.0065 140 221 219 330
pottedplant 0.0049 105 230 138 305
pottedplant 0.0047 46 290 132 373
pottedplant 0.0034 13 230 98 331
pottedplant 0.0028 24 299 71 375
pottedplant 0.0028 2 185 112 367
pottedplant 0.0026 9 319 92 384
pottedplant 0.0020 67 240 140 323
pottedplant 0.0018 132 275 153 315
pottedplant 0.0017 92 252 159 338
pottedplant 0.0016 48 309 84 338
pottedplant 0.0015 92 276 120 313
pottedplant 0.0012 60 260 111 330
pottedplant 0.0010 113 260 134 304
tvmonitor 0.0010 283 15 447 184
