bottle 0.0054 192 205 217 235
bottle 0.0014 178 226 227 279
bottle 0.0011 124 209 164 234
chair 0.2017 389 132 491 282
chair 0.0177 310 126 403 233
chair 0.0047 313 168 420 255
chair 0.0038 221 256 343 302
chair 0.0035 144 212 183 233
chair 0.0029 392 139 432 248
chair 0.0026 352 145 463 240
chair 0.0025 385 147 449 267
chair 0.0024 285 142 458 274
chair 0.0023 241 145 272 217
chair 0.0021 239 250 354 340
chair 0.0017 159 212 201 233
chair 0.0014 411 126 451 151
chair 0.0014 435 131 503 252
chair 0.0012 4 200 93 278
chair 0.0011 469 155 500 260
chair 0.0010 103 211 242 268
diningtable 0.0096 221 245 363 300
diningtable 0.0058 237 239 493 363
diningtable 0.0045 104 206 549 397
diningtable 0.0043 76 147 499 342
diningtable 0.0024 172 227 410 327
diningtable 0.0017 257 264 395 333
diningtable 0.0013 26 214 320 323
diningtable 0.0011 -43 187 389 359
diningtable 0.0011 47 241 225 296
person 0.0018 -19 -20 63 224
pottedplant 0.0521 292 177 333 236
pottedplant 0.0430 289 128 438 245
pottedplant 0.0344 285 163 320 228
pottedplant 0.0117 204 198 232 227
pottedplant 0.0111 285 153 382 227
pottedplant 0.0096 428 -1 469 46
pottedplant 0.0078 436 4 462 37
pottedplant 0.0068 320 122 414 206
pottedplant 0.0033 197 190 238 232
pottedplant 0.0023 288 174 313 217
pottedplant 0.0022 191 197 219 227
pottedplant 0.0020 -2 -4 61 45
pottedplant 0.0020 301 174 326 214
pottedplant 0.0010 285 125 349 236
sofa 0.0309 229 260 361 301
tvmonitor 0.7704 47 77 206 241
tvmonitor 0.0949 54 103 191 166
tvmonitor 0.0390 73 106 185 209
tvmonitor 0.0155 21 4 183 139
tvmonitor 0.0137 -1 44 270 272
tvmonitor 0.0086 43 28 155 110
tvmonitor 0.0039 52 144 153 224
tvmonitor 0.0034 120 103 204 212
tvmonitor 0.0030 30 188 158 246
tvmonitor 0.0028 473 69 501 145
tvmonitor 0.0024 47 62 147 146
tvmonitor 0.0024 54 20 208 187
tvmonitor 0.0022 402 141 497 220
tvmonitor 0.0016 438 135 500 256
tvmonitor 0.0015 110 102 179 146
tvmonitor 0.0014 471 128 500 230
tvmonitor 0.0012 39 -3 148 88
