bird 0.0030 81 109 495 323
bird 0.0010 152 76 348 306
dog 0.4415 43 4 455 329
dog 0.0027 141 59 358 271
horse 0.1932 171 46 480 336
horse 0.0014 279 74 450 311
person 0.0017 479 91 501 176
person 0.0012 329 62 477 272
pottedplant 0.0044 -20 43 54 136
pottedplant 0.0029 -41 15 79 163
pottedplant 0.0027 196 256 304 331
pottedplant 0.0020 -22 32 137 198
pottedplant 0.0018 156 230 344 356
pottedplant 0.0012 12 163 179 321
pottedplant 0.0011 156 258 264 329
pottedplant 0.0011 13 62 179 220
pottedplant 0.0010 122 252 223 331
pottedplant 0.0010 84 224 262 360
