chair 0.4901 366 36 435 159
chair 0.2659 353 48 451 198
chair 0.0282 326 49 422 167
chair 0.0241 368 78 458 165
chair 0.0185 334 98 412 172
chair 0.0146 367 44 419 115
chair 0.0073 323 112 390 158
chair 0.0054 310 102 400 194
chair 0.0025 351 111 398 187
chair 0.0024 391 102 470 193
chair 0.0022 432 110 469 186
chair 0.0020 358 48 399 112
chair 0.0017 385 47 438 114
chair 0.0017 387 28 476 159
chair 0.0017 354 29 435 101
chair 0.0015 311 99 362 150
chair 0.0013 318 44 412 111
person 0.0013 475 223 500 368
tvmonitor 0.4106 100 50 251 214
tvmonitor 0.2290 406 244 503 359
tvmonitor 0.0070 112 57 229 152
tvmonitor 0.0042 123 98 219 212
tvmonitor 0.0036 431 278 510 378
tvmonitor 0.0028 55 74 218 245
tvmonitor 0.0027 446 216 499 256
tvmonitor 0.0019 476 242 501 375
tvmonitor 0.0018 40 29 305 287
tvmonitor 0.0018 444 245 495 348
tvmonitor 0.0016 386 173 513 384
tvmonitor 0.0012 156 77 248 184
