bottle 0.0045 216 162 264 204
bottle 0.0014 243 166 269 195
bottle 0.0013 472 236 500 357
chair 0.5647 76 177 175 369
chair 0.5107 196 212 312 384
chair 0.2827 113 183 223 367
chair 0.2457 155 158 355 338
chair 0.1046 268 146 377 341
chair 0.0768 136 170 288 385
chair 0.0726 76 156 263 342
chair 0.0548 -1 170 134 371
chair 0.0411 54 146 149 353
chair 0.0398 215 241 293 369
chair 0.0320 153 243 216 376
chair 0.0240 294 159 377 260
chair 0.0238 137 212 211 343
chair 0.0128 288 187 368 304
chair 0.0119 283 228 353 362
chair 0.0119 71 185 140 305
chair 0.0108 169 241 248 367
chair 0.0101 385 291 483 369
chair 0.0099 73 178 107 242
chair 0.0082 84 211 164 321
chair 0.0078 212 213 304 319
chair 0.0053 292 180 428 370
chair 0.0048 84 165 166 271
chair 0.0042 380 260 451 362
chair 0.0042 320 155 391 289
chair 0.0037 242 202 340 294
chair 0.0036 456 253 492 369
chair 0.0030 322 225 398 325
chair 0.0028 365 224 509 372
chair 0.0027 79 177 120 265
chair 0.0023 442 330 500 373
chair 0.0022 351 225 393 308
chair 0.0018 337 206 381 297
chair 0.0017 289 286 370 374
chair 0.0017 433 283 511 374
chair 0.0017 8 241 101 359
chair 0.0016 312 206 352 326
chair 0.0015 368 226 451 319
chair 0.0015 155 226 245 309
chair 0.0015 206 198 311 277
chair 0.0014 214 293 304 383
chair 0.0014 159 298 200 377
chair 0.0013 69 183 111 288
chair 0.0013 49 202 125 330
chair 0.0013 316 262 413 344
chair 0.0012 319 239 388 377
chair 0.0011 343 194 408 309
chair 0.0011 315 247 357 371
chair 0.0010 -14 175 74 373
chair 0.0010 104 237 155 325
chair 0.0010 -8 215 58 333
diningtable 0.0612 105 143 394 345
diningtable 0.0075 195 141 383 299
diningtable 0.0034 191 152 309 209
diningtable 0.0016 44 170 302 375
person 0.0033 477 82 500 247
person 0.0029 391 65 505 310
person 0.0026 429 83 520 350
person 0.0010 477 12 500 145
pottedplant 0.3317 298 147 375 216
pottedplant 0.0364 269 140 315 191
pottedplant 0.0175 295 171 348 212
pottedplant 0.0152 326 156 378 205
pottedplant 0.0085 263 142 375 191
pottedplant 0.0061 213 163 362 209
pottedplant 0.0052 268 149 296 183
pottedplant 0.0048 315 168 356 197
pottedplant 0.0037 279 146 310 182
pottedplant 0.0032 238 132 337 196
pottedplant 0.0028 320 142 389 235
pottedplant 0.0025 336 165 371 195
pottedplant 0.0019 286 145 346 186
pottedplant 0.0018 296 153 334 177
pottedplant 0.0015 316 126 412 196
pottedplant 0.0015 294 169 378 247
pottedplant 0.0015 191 136 305 192
pottedplant 0.0014 336 177 371 207
pottedplant 0.0010 301 168 335 197
tvmonitor 0.0609 390 157 497 345
tvmonitor 0.0538 404 189 478 306
tvmonitor 0.0088 451 279 497 370
tvmonitor 0.0072 469 305 501 371
tvmonitor 0.0070 425 170 515 367
tvmonitor 0.0061 454 188 493 342
tvmonitor 0.0038 472 183 501 318
tvmonitor 0.0030 379 193 448 298
tvmonitor 0.0016 439 183 500 295
