boat 0.0014 354 4 507 37
bottle 0.0087 215 287 261 361
bottle 0.0066 207 257 275 360
bottle 0.0035 360 189 384 226
bottle 0.0030 352 185 392 231
bottle 0.0030 139 188 184 257
bottle 0.0026 157 204 204 267
bottle 0.0017 130 168 199 277
bottle 0.0013 212 249 261 314
bottle 0.0010 399 122 426 154
bottle 0.0010 389 200 427 275
bottle 0.0010 234 275 281 342
chair 0.2393 399 206 494 390
chair 0.0281 -3 230 62 371
chair 0.0227 91 220 193 380
chair 0.0223 468 223 500 308
chair 0.0215 395 124 493 315
chair 0.0197 8 287 105 372
chair 0.0174 325 243 410 361
chair 0.0127 416 150 490 274
chair 0.0122 239 226 413 370
chair 0.0084 398 303 502 372
chair 0.0069 5 330 119 378
chair 0.0066 476 150 501 265
chair 0.0061 372 272 492 374
chair 0.0056 428 128 519 360
chair 0.0055 336 136 484 353
chair 0.0048 428 225 507 327
chair 0.0045 49 255 136 356
chair 0.0043 19 230 170 366
chair 0.0041 474 249 500 282
chair 0.0037 448 165 496 282
chair 0.0029 74 288 196 371
chair 0.0027 323 200 408 292
chair 0.0026 477 116 500 213
chair 0.0025 -2 350 133 380
chair 0.0024 84 184 255 369
chair 0.0021 316 221 390 314
chair 0.0021 281 248 381 360
chair 0.0021 61 253 103 367
chair 0.0019 39 262 233 384
chair 0.0019 415 203 457 273
chair 0.0018 -5 194 100 364
chair 0.0018 323 161 404 268
chair 0.0018 360 223 443 321
chair 0.0017 45 281 127 395
chair 0.0017 12 227 85 332
chair 0.0016 305 151 423 338
chair 0.0015 401 153 465 292
chair 0.0013 382 226 417 307
chair 0.0013 477 228 502 360
chair 0.0012 45 266 96 352
chair 0.0012 309 297 401 377
chair 0.0010 478 147 501 183
diningtable 0.0077 15 194 483 408
person 0.8522 85 56 337 376
person 0.0338 53 164 446 380
person 0.0188 151 74 349 298
person 0.0164 -3 140 62 358
person 0.0098 0 158 31 232
person 0.0084 -1 183 52 314
person 0.0046 94 133 189 356
person 0.0034 306 114 426 316
person 0.0033 364 124 388 156
person 0.0028 101 106 250 329
person 0.0026 136 25 438 350
person 0.0024 2 169 43 248
person 0.0019 1 171 28 303
person 0.0019 -1 102 20 227
person 0.0017 124 175 213 266
person 0.0015 -16 161 59 271
person 0.0015 185 126 380 358
person 0.0010 389 45 495 270
pottedplant 0.0053 16 19 99 124
pottedplant 0.0032 -6 -8 118 155
pottedplant 0.0011 23 36 74 88
tvmonitor 0.0085 2 226 60 335
tvmonitor 0.0057 -1 249 53 311
tvmonitor 0.0040 -3 227 32 306
tvmonitor 0.0012 0 249 24 284
tvmonitor 0.0011 378 0 504 42
