boat 0.0012 119 -4 283 22
bottle 0.0027 47 71 79 200
bottle 0.0011 55 101 76 139
cat 0.0859 119 0 533 374
dog 0.1757 -2 0 502 375
horse 0.1179 -30 42 453 388
horse 0.0025 44 145 232 346
person 0.0896 -26 -10 449 385
person 0.0704 5 15 101 357
person 0.0382 -23 -6 216 382
person 0.0262 -7 35 67 283
person 0.0152 0 37 19 149
person 0.0080 133 76 519 355
person 0.0054 50 79 218 354
person 0.0031 0 54 24 217
person 0.0023 -8 113 67 372
person 0.0015 469 -6 499 77
person 0.0014 -1 37 58 179
person 0.0012 0 70 18 115
person 0.0011 4 70 46 203
person 0.0010 -2 138 23 279
