bicycle 0.4436 18 236 191 415
bicycle 0.0104 31 313 178 415
bicycle 0.0080 41 259 154 394
bicycle 0.0064 440 289 502 330
bicycle 0.0061 71 348 190 412
bird 0.1711 401 347 495 407
bird 0.0526 399 337 469 394
bird 0.0090 333 348 378 407
bird 0.0084 439 352 497 402
bird 0.0051 336 356 416 401
bird 0.0044 407 359 454 394
bird 0.0032 428 364 472 395
bird 0.0029 433 349 468 379
bird 0.0016 339 338 367 385
bird 0.0016 362 43 464 139
bird 0.0014 409 346 456 377
bird 0.0014 316 337 359 362
bird 0.0010 390 350 444 405
bottle 0.0024 320 184 393 306
bottle 0.0010 330 202 379 287
car 0.0604 444 245 499 312
car 0.0515 407 242 491 323
car 0.0123 470 243 501 316
car 0.0079 375 221 491 303
car 0.0076 472 248 503 280
car 0.0056 434 201 504 293
car 0.0045 421 238 492 290
car 0.0035 449 247 493 280
car 0.0019 367 181 506 321
car 0.0014 402 229 454 296
car 0.0014 430 247 478 275
car 0.0011 453 258 490 297
car 0.0011 447 235 495 257
car 0.0010 476 228 499 263
chair 0.0606 436 232 503 327
chair 0.0373 306 250 402 318
chair 0.0145 353 224 473 301
chair 0.0093 383 251 442 306
chair 0.0055 430 247 481 314
chair 0.0022 75 265 187 384
chair 0.0017 67 219 277 413
chair 0.0017 446 297 496 327
chair 0.0016 61 237 199 347
chair 0.0016 376 254 487 330
chair 0.0013 444 10 497 73
chair 0.0012 406 243 453 316
chair 0.0011 416 276 445 312
chair 0.0011 128 222 198 337
chair 0.0011 388 4 435 80
diningtable 0.0015 313 251 495 313
dog 0.2304 390 344 479 411
dog 0.0308 317 325 470 408
dog 0.0031 269 290 465 419
dog 0.0015 310 342 408 415
person 0.9089 190 118 308 387
person 0.8580 119 105 160 210
person 0.8047 3 76 50 207
person 0.1022 45 207 211 384
person 0.0653 148 91 180 201
person 0.0496 329 329 372 401
person 0.0333 112 95 148 196
person 0.0275 12 85 50 141
person 0.0207 131 93 200 213
person 0.0158 6 94 82 191
person 0.0144 0 86 24 199
person 0.0139 466 261 501 328
person 0.0116 72 108 350 399
person 0.0085 312 239 399 323
person 0.0070 248 96 297 157
person 0.0062 475 271 498 319
person 0.0060 288 365 313 399
person 0.0060 90 98 160 192
person 0.0055 129 127 155 192
person 0.0053 128 171 296 391
person 0.0049 296 326 377 405
person 0.0049 370 25 512 281
person 0.0046 160 102 194 190
person 0.0044 154 105 178 146
person 0.0041 124 86 157 173
person 0.0040 2 139 20 180
person 0.0031 10 116 41 169
person 0.0030 -1 71 26 150
person 0.0030 -18 82 72 219
person 0.0029 219 77 339 302
person 0.0028 352 61 455 165
person 0.0028 167 60 407 381
person 0.0027 326 64 410 163
person 0.0026 28 290 107 402
person 0.0024 1 101 19 152
person 0.0024 0 117 18 169
person 0.0020 319 71 489 303
person 0.0020 25 107 61 210
person 0.0016 277 333 323 398
person 0.0015 1 86 21 134
person 0.0014 20 343 107 424
person 0.0014 300 161 428 341
person 0.0014 320 348 362 406
person 0.0013 201 214 302 358
person 0.0013 283 337 348 390
person 0.0012 -1 126 55 242
person 0.0011 293 268 343 320
person 0.0011 132 103 154 149
person 0.0011 321 36 486 195
person 0.0010 0 157 20 197
person 0.0010 31 162 59 198
person 0.0010 255 114 401 327
pottedplant 0.0023 321 39 388 144
pottedplant 0.0023 326 45 376 109
