aeroplane 0.0064 434 129 470 149
aeroplane 0.0042 435 138 469 158
bird 0.0224 419 12 488 86
bird 0.0066 440 -1 495 72
bird 0.0042 479 77 499 109
bird 0.0011 477 55 502 132
boat 0.0721 -7 29 430 287
boat 0.0193 395 216 492 281
boat 0.0103 446 226 498 277
boat 0.0042 117 62 307 258
boat 0.0041 368 245 493 285
boat 0.0037 70 214 195 275
boat 0.0028 107 214 238 283
boat 0.0019 454 238 491 267
boat 0.0019 189 75 387 244
boat 0.0017 448 255 496 278
boat 0.0015 329 214 480 284
boat 0.0015 454 186 495 290
boat 0.0013 475 253 499 284
boat 0.0012 66 188 278 302
boat 0.0012 349 143 532 287
boat 0.0012 6 213 110 275
boat 0.0012 472 219 502 286
boat 0.0011 6 226 52 279
boat 0.0011 20 225 75 278
boat 0.0010 10 254 46 275
boat 0.0010 28 244 183 288
cat 0.0056 422 -10 488 83
dog 0.0081 433 -2 501 76
person 0.0011 476 2 501 94
person 0.0011 442 -2 500 47
train 0.1002 35 63 464 310
train 0.0013 222 107 428 266
train 0.0010 288 245 460 285
