bird 0.0355 73 105 257 248
bird 0.0347 69 123 209 209
bird 0.0090 74 212 158 288
bird 0.0061 82 167 196 252
bird 0.0056 88 230 160 324
bird 0.0029 43 81 289 339
bird 0.0014 91 108 187 178
bird 0.0012 51 210 125 302
bird 0.0011 59 162 123 267
bird 0.0010 119 98 212 172
bottle 0.0010 229 208 292 311
cat 0.0134 156 300 326 493
cat 0.0122 124 214 361 514
dog 0.0223 110 97 274 269
dog 0.0024 63 52 320 294
person 0.0171 157 76 271 291
person 0.0076 96 235 167 319
person 0.0057 4 161 328 492
person 0.0025 126 123 358 529
person 0.0011 125 142 259 346
person 0.0011 0 200 17 318
person 0.0010 133 208 215 306
pottedplant 0.0390 108 214 326 515
pottedplant 0.0028 3 159 278 493
pottedplant 0.0012 3 135 124 360
