bottle 0.0308 72 41 182 302
bottle 0.0122 84 128 174 449
bottle 0.0116 82 14 169 186
bottle 0.0054 64 259 159 465
bottle 0.0037 49 12 140 253
bottle 0.0025 99 29 157 150
bottle 0.0024 85 34 137 156
bottle 0.0016 56 149 131 429
bottle 0.0015 84 318 140 414
bottle 0.0012 92 119 161 221
bottle 0.0011 86 89 135 187
bottle 0.0011 125 44 167 150
bottle 0.0010 97 84 159 183
diningtable 0.0147 52 146 205 505
diningtable 0.0076 35 31 188 313
person 0.1209 57 49 200 450
person 0.0166 26 -40 197 309
person 0.0019 65 177 193 550
