bottle 0.0015 89 299 124 376
cat 0.0463 116 -10 383 386
cat 0.0405 177 56 475 376
cat 0.0346 185 145 308 360
cat 0.0044 144 87 284 346
cat 0.0041 231 107 421 327
cat 0.0014 208 133 296 242
cat 0.0013 201 178 299 260
chair 0.0015 81 290 185 373
chair 0.0013 15 144 159 340
chair 0.0012 380 185 511 359
chair 0.0010 437 245 506 357
person 0.0054 -3 62 123 310
person 0.0014 -1 234 21 384
person 0.0014 -20 20 213 354
pottedplant 0.0589 176 12 476 362
pottedplant 0.0372 66 50 199 324
pottedplant 0.0345 1 1 267 373
pottedplant 0.0165 241 39 407 277
pottedplant 0.0117 321 64 485 312
pottedplant 0.0063 13 48 172 269
pottedplant 0.0060 201 8 375 192
pottedplant 0.0042 -1 -3 125 205
pottedplant 0.0041 200 4 299 82
pottedplant 0.0040 371 38 507 278
pottedplant 0.0036 133 48 293 269
pottedplant 0.0028 20 -7 171 157
pottedplant 0.0022 96 104 174 214
pottedplant 0.0019 48 23 141 117
pottedplant 0.0019 238 82 337 175
pottedplant 0.0019 203 118 297 204
pottedplant 0.0018 283 113 371 207
pottedplant 0.0017 50 5 218 198
pottedplant 0.0016 108 -4 391 264
pottedplant 0.0014 15 19 104 121
pottedplant 0.0014 376 141 502 343
pottedplant 0.0013 232 30 341 110
pottedplant 0.0013 279 81 373 173
pottedplant 0.0013 205 24 296 115
pottedplant 0.0012 244 116 332 204
pottedplant 0.0011 356 112 453 205
pottedplant 0.0011 362 144 447 236
pottedplant 0.0011 84 85 181 172
pottedplant 0.0010 169 -8 330 154
pottedplant 0.0010 167 107 255 210
