bicycle 0.0046 13 40 165 279
bicycle 0.0012 -23 13 217 361
bottle 0.0552 181 20 260 130
bottle 0.0189 159 3 277 154
bottle 0.0017 174 39 301 116
cat 0.0105 179 92 549 395
cat 0.0051 200 46 451 165
cat 0.0019 228 71 424 141
chair 0.0056 0 92 120 347
chair 0.0047 10 4 108 257
chair 0.0039 17 8 164 199
chair 0.0034 -1 -4 61 134
chair 0.0028 -12 -17 66 229
chair 0.0023 9 0 101 87
chair 0.0021 47 18 143 120
chair 0.0019 25 55 162 320
chair 0.0019 16 178 174 368
chair 0.0019 -16 97 66 337
chair 0.0018 -7 224 125 372
dog 0.2373 164 61 488 371
dog 0.0051 197 63 455 194
dog 0.0020 219 106 434 329
person 0.1720 126 58 450 374
person 0.0024 149 41 428 162
person 0.0022 141 35 511 225
person 0.0020 161 71 335 303
person 0.0016 0 107 21 251
person 0.0010 126 36 296 225
tvmonitor 0.0010 178 32 270 102
