bird 0.0015 184 6 215 26
sheep 0.6996 124 150 298 251
sheep 0.6219 428 128 507 212
sheep 0.5601 282 128 383 223
sheep 0.5533 192 132 290 213
sheep 0.3552 267 106 335 143
sheep 0.3512 119 161 222 245
sheep 0.2395 355 111 405 162
sheep 0.2393 78 172 256 264
sheep 0.2361 312 89 415 217
sheep 0.1222 403 98 501 207
sheep 0.1152 330 96 416 166
sheep 0.0919 189 157 294 239
sheep 0.0642 440 94 503 130
sheep 0.0416 435 90 503 173
sheep 0.0349 89 182 176 248
sheep 0.0275 411 101 493 163
sheep 0.0269 421 137 482 203
sheep 0.0227 162 111 334 199
sheep 0.0218 264 101 328 168
sheep 0.0166 78 128 273 235
sheep 0.0121 278 111 321 136
sheep 0.0101 471 121 501 195
sheep 0.0101 251 126 328 223
sheep 0.0095 162 150 196 170
sheep 0.0092 266 106 377 162
sheep 0.0086 318 112 355 133
sheep 0.0086 429 98 470 146
sheep 0.0085 362 106 441 198
sheep 0.0084 310 107 361 139
sheep 0.0081 141 161 261 229
sheep 0.0070 210 142 269 221
sheep 0.0068 143 150 186 188
sheep 0.0055 362 119 394 148
sheep 0.0055 97 176 144 234
sheep 0.0053 422 69 523 192
sheep 0.0051 333 91 472 210
sheep 0.0050 153 128 266 183
sheep 0.0047 301 110 331 139
sheep 0.0047 149 150 180 171
sheep 0.0041 160 147 199 191
sheep 0.0038 337 115 410 200
sheep 0.0038 423 111 477 183
sheep 0.0037 449 148 495 216
sheep 0.0036 361 111 395 135
sheep 0.0035 267 109 296 208
sheep 0.0034 89 165 204 223
sheep 0.0034 278 121 318 194
sheep 0.0034 417 121 452 173
sheep 0.0033 371 120 408 193
sheep 0.0027 370 100 406 148
sheep 0.0026 262 142 294 221
sheep 0.0022 270 99 328 130
sheep 0.0021 147 187 271 247
sheep 0.0020 195 103 303 156
sheep 0.0019 59 127 364 272
sheep 0.0018 311 131 364 209
sheep 0.0018 152 163 213 222
sheep 0.0018 452 99 491 125
sheep 0.0018 338 107 380 164
sheep 0.0017 263 102 301 144
sheep 0.0017 244 133 404 260
sheep 0.0017 329 139 383 201
sheep 0.0017 278 102 317 124
sheep 0.0015 337 114 372 135
sheep 0.0014 237 90 413 178
sheep 0.0014 377 110 405 136
sheep 0.0013 421 89 453 157
sheep 0.0013 392 119 433 174
sheep 0.0012 109 147 215 194
sheep 0.0011 455 106 486 136
sheep 0.0011 137 167 187 246
sheep 0.0011 276 121 315 144
sheep 0.0011 434 99 469 125
sheep 0.0011 377 117 405 153
sheep 0.0010 318 124 352 144
sheep 0.0010 476 142 500 173
sheep 0.0010 293 111 334 155
sheep 0.0010 420 134 446 160
