bottle 0.0064 240 165 285 221
bottle 0.0015 257 153 297 207
car 0.0051 205 0 370 45
car 0.0038 88 -12 334 104
car 0.0014 26 -24 396 168
car 0.0013 260 -4 395 38
car 0.0013 136 8 285 72
chair 0.0036 317 256 390 334
chair 0.0014 309 230 498 369
chair 0.0010 348 264 460 339
person 0.7788 250 5 480 369
person 0.4011 -10 37 203 396
person 0.3758 40 83 305 406
person 0.0955 116 111 302 329
person 0.0253 391 24 499 346
person 0.0188 435 17 509 301
person 0.0183 312 87 495 343
person 0.0159 -18 116 133 373
person 0.0090 323 -1 559 377
person 0.0062 110 24 388 351
person 0.0061 -22 81 71 352
person 0.0044 258 33 471 226
person 0.0018 475 88 507 216
person 0.0017 0 47 109 272
person 0.0017 0 122 20 265
person 0.0015 160 159 331 381
person 0.0012 410 162 493 274
person 0.0012 234 79 346 354
person 0.0011 378 173 502 372
person 0.0011 146 142 506 402
person 0.0010 91 97 253 274
