car 0.0340 0 193 26 219
car 0.0109 9 194 44 218
car 0.0083 -1 182 27 212
car 0.0046 6 182 45 209
car 0.0016 0 186 51 224
car 0.0012 200 169 275 252
cat 0.0016 131 274 272 374
chair 0.0302 205 181 270 268
chair 0.0039 200 204 279 294
chair 0.0020 199 221 250 278
chair 0.0017 131 259 280 386
cow 0.0249 243 176 486 369
person 0.9462 28 156 104 342
person 0.8414 96 188 151 316
person 0.2738 105 222 260 374
person 0.1987 65 173 130 323
person 0.0875 117 220 223 316
person 0.0750 101 186 180 358
person 0.0444 100 173 144 272
person 0.0216 170 201 258 272
person 0.0176 130 208 197 295
person 0.0091 121 194 158 308
person 0.0086 196 180 250 268
person 0.0081 153 203 201 270
person 0.0069 71 154 101 320
person 0.0048 90 158 125 316
person 0.0047 31 154 96 266
person 0.0040 119 252 229 350
person 0.0029 41 213 91 349
person 0.0028 22 141 164 302
person 0.0015 48 169 142 267
person 0.0014 107 162 139 229
person 0.0013 106 231 140 271
person 0.0013 137 180 287 306
person 0.0012 87 162 120 257
person 0.0012 113 175 134 213
person 0.0011 -4 -1 28 20
person 0.0011 37 174 65 329
person 0.0011 95 176 115 209
person 0.0010 49 168 84 193
person 0.0010 27 179 61 239
sheep 0.7106 258 162 457 336
sheep 0.0164 286 197 434 294
sheep 0.0106 205 198 273 275
sheep 0.0069 173 188 326 362
sheep 0.0033 204 226 295 322
sheep 0.0032 229 185 364 351
sheep 0.0022 275 179 377 257
sheep 0.0016 256 220 333 326
sheep 0.0010 263 212 299 292
