chair 0.0199 274 303 398 371
chair 0.0109 -1 169 111 372
chair 0.0079 10 238 88 363
chair 0.0050 228 280 262 367
chair 0.0030 346 291 462 368
chair 0.0019 -3 209 61 337
chair 0.0016 36 227 231 369
chair 0.0013 -1 211 21 350
person 0.9240 298 85 409 351
person 0.7624 315 97 494 391
person 0.6702 150 123 274 357
person 0.6659 -6 63 65 317
person 0.5889 61 61 194 360
person 0.5693 201 93 286 346
person 0.2670 82 57 265 322
person 0.1239 397 17 499 241
person 0.0942 373 113 505 326
person 0.0341 436 -9 500 211
person 0.0332 23 135 163 347
person 0.0222 231 98 326 338
person 0.0190 12 40 90 284
person 0.0176 9 121 94 361
person 0.0155 260 152 396 385
person 0.0117 -2 116 60 258
person 0.0095 0 155 22 318
person 0.0088 3 63 59 212
person 0.0082 95 114 327 374
person 0.0076 411 126 535 362
person 0.0076 403 71 490 187
person 0.0069 474 8 500 178
person 0.0068 0 98 25 261
person 0.0066 454 17 494 167
person 0.0056 196 89 245 159
person 0.0052 245 147 280 327
person 0.0041 315 151 394 280
person 0.0040 226 138 285 294
person 0.0038 383 163 407 194
person 0.0037 456 3 497 98
person 0.0036 477 74 500 228
person 0.0033 202 87 450 346
person 0.0033 169 184 256 304
person 0.0033 442 81 498 233
person 0.0031 254 161 292 314
person 0.0028 328 221 493 371
person 0.0028 37 36 162 283
person 0.0027 423 66 519 307
person 0.0024 6 142 44 275
person 0.0023 -58 54 173 322
person 0.0022 4 56 45 133
person 0.0019 474 126 500 262
person 0.0019 316 107 392 211
person 0.0019 207 94 285 221
person 0.0016 212 88 260 157
person 0.0015 184 169 305 365
person 0.0014 384 151 407 181
person 0.0014 295 130 378 239
person 0.0014 29 105 70 256
person 0.0013 329 80 477 243
person 0.0013 377 146 412 212
person 0.0012 14 87 79 229
person 0.0011 90 156 165 270
person 0.0011 359 112 446 211
person 0.0010 295 182 373 307
person 0.0010 455 111 494 221
person 0.0010 394 133 490 240
person 0.0010 63 35 212 232
