bird 0.0457 165 89 487 399
bird 0.0029 259 108 468 323
bird 0.0016 178 189 398 356
cat 0.0343 280 83 453 243
cat 0.0120 -24 105 447 384
cat 0.0012 225 51 504 323
cat 0.0010 303 106 424 206
diningtable 0.0078 -13 164 513 382
dog 0.1738 -29 76 452 355
dog 0.0104 128 70 525 304
dog 0.0024 123 103 378 268
dog 0.0015 210 107 444 262
person 0.0019 -22 -10 368 269
pottedplant 0.0066 285 24 368 120
pottedplant 0.0062 277 2 362 90
pottedplant 0.0033 294 40 338 117
pottedplant 0.0019 0 182 422 422
pottedplant 0.0014 269 -2 381 149
pottedplant 0.0013 106 226 316 378
pottedplant 0.0011 243 29 335 113
pottedplant 0.0011 133 202 366 344
tvmonitor 0.0116 444 11 506 136
tvmonitor 0.0052 168 -32 337 118
tvmonitor 0.0046 427 -17 517 165
tvmonitor 0.0035 208 -3 300 86
