bottle 0.0384 393 31 499 303
chair 0.0108 400 252 498 328
chair 0.0079 394 101 500 327
chair 0.0023 476 236 500 338
chair 0.0018 362 200 512 331
person 0.8086 90 54 408 329
person 0.0595 437 -4 507 237
person 0.0348 29 0 317 280
person 0.0300 310 57 431 324
person 0.0261 248 6 481 326
person 0.0201 455 -8 498 123
person 0.0139 329 15 553 317
person 0.0126 400 61 494 322
person 0.0090 58 56 217 273
person 0.0061 289 3 432 222
person 0.0054 278 4 366 75
person 0.0051 320 -10 488 188
person 0.0050 -38 21 230 309
person 0.0041 252 4 334 77
person 0.0041 254 1 392 177
person 0.0041 142 112 356 315
person 0.0036 472 13 499 151
person 0.0034 353 99 455 331
person 0.0031 84 20 262 160
person 0.0028 190 58 385 275
person 0.0026 477 215 500 333
person 0.0018 110 45 315 234
person 0.0015 206 -1 370 126
person 0.0015 445 23 502 153
person 0.0013 478 144 499 275
person 0.0012 238 25 339 100
person 0.0011 246 21 306 65
person 0.0011 427 150 512 332
person 0.0010 104 155 248 333
person 0.0010 237 127 415 305
