aeroplane 0.0039 59 3 516 256
aeroplane 0.0027 -10 55 281 261
bottle 0.0638 171 170 263 270
bottle 0.0111 135 156 290 280
bottle 0.0083 97 96 327 279
bottle 0.0022 156 148 264 233
bottle 0.0019 194 180 306 254
car 0.0090 -1 55 500 319
chair 0.0280 366 3 507 149
chair 0.0076 14 79 255 241
chair 0.0037 84 88 183 163
chair 0.0034 167 81 335 242
chair 0.0029 204 86 299 172
chair 0.0023 401 -3 501 75
chair 0.0021 438 4 500 125
chair 0.0014 445 6 500 65
chair 0.0012 119 83 217 170
chair 0.0010 473 1 500 127
chair 0.0010 205 111 296 209
diningtable 0.0087 -35 107 458 325
diningtable 0.0031 21 59 477 258
person 0.0273 45 60 378 313
pottedplant 0.0013 157 195 268 279
pottedplant 0.0012 397 225 429 248
tvmonitor 0.0092 23 95 163 275
tvmonitor 0.0023 12 169 122 248
tvmonitor 0.0017 40 134 145 242
tvmonitor 0.0016 10 282 97 380
tvmonitor 0.0014 -11 251 126 413
tvmonitor 0.0011 -1 244 25 374
