aeroplane 0.4427 18 59 481 262
aeroplane 0.0214 -9 123 210 240
aeroplane 0.0136 163 72 343 254
aeroplane 0.0128 213 102 436 270
aeroplane 0.0101 287 117 511 261
aeroplane 0.0071 361 99 515 231
aeroplane 0.0068 395 122 500 212
aeroplane 0.0050 -3 147 123 222
aeroplane 0.0049 52 112 293 263
aeroplane 0.0045 418 133 485 177
aeroplane 0.0034 29 126 157 206
aeroplane 0.0018 202 120 296 203
aeroplane 0.0015 111 106 464 327
aeroplane 0.0013 428 140 473 165
aeroplane 0.0013 429 131 508 237
aeroplane 0.0012 76 127 191 201
aeroplane 0.0011 427 118 510 192
aeroplane 0.0010 198 103 293 167
car 0.0010 190 91 295 187
person 0.5833 139 164 178 261
person 0.0929 239 216 268 289
person 0.0782 127 175 207 252
person 0.0687 131 174 166 249
person 0.0641 329 222 351 260
person 0.0234 342 219 362 262
person 0.0105 337 194 367 257
person 0.0088 140 213 179 263
person 0.0063 231 201 261 285
person 0.0037 324 211 350 245
person 0.0037 168 226 192 259
person 0.0033 343 204 363 250
person 0.0025 232 227 255 277
person 0.0022 147 187 175 236
person 0.0021 320 199 356 256
person 0.0018 134 204 165 270
person 0.0018 162 184 195 266
person 0.0012 243 222 267 263
person 0.0011 339 240 367 265
person 0.0010 304 226 330 254
