bicycle 0.0102 28 44 192 208
boat 0.0016 -1 47 62 171
bottle 0.0019 85 69 105 124
bottle 0.0013 0 56 14 120
car 0.0012 14 75 41 119
car 0.0011 5 68 54 124
chair 0.0223 104 71 164 215
chair 0.0147 76 54 150 202
chair 0.0057 90 122 178 225
chair 0.0021 -6 55 41 195
chair 0.0021 84 145 137 205
chair 0.0019 104 86 150 156
chair 0.0016 108 165 167 221
chair 0.0012 127 167 186 219
horse 0.2862 180 79 271 208
horse 0.1912 71 57 297 195
horse 0.0848 97 45 173 213
horse 0.0793 50 34 221 218
horse 0.0012 150 77 317 240
person 0.8418 103 29 177 120
person 0.1207 120 19 187 158
person 0.0764 71 36 148 120
person 0.0146 127 26 181 96
person 0.0069 67 38 113 111
person 0.0062 41 72 65 120
person 0.0055 132 50 177 128
person 0.0038 0 57 12 135
person 0.0029 150 66 180 127
person 0.0024 -7 47 44 172
person 0.0023 74 38 133 90
person 0.0022 63 41 161 176
person 0.0021 55 40 124 143
person 0.0021 128 32 157 109
person 0.0018 178 64 280 191
person 0.0016 106 27 153 82
person 0.0016 0 84 14 159
person 0.0015 104 47 151 110
person 0.0014 102 76 153 149
person 0.0011 115 20 165 72
person 0.0010 127 78 150 131
person 0.0010 -1 115 38 170
person 0.0010 65 40 94 87
