bottle 0.0325 229 207 259 270
bottle 0.0041 234 213 273 261
bottle 0.0025 226 172 256 246
bottle 0.0020 230 201 254 247
bottle 0.0011 230 190 252 230
person 0.9359 148 122 258 370
person 0.0086 162 179 247 311
person 0.0016 62 102 284 387
sheep 0.4536 306 196 368 247
sheep 0.0124 322 191 384 233
sheep 0.0045 297 200 345 240
sheep 0.0040 259 198 380 244
sheep 0.0032 317 196 358 228
sheep 0.0031 345 200 395 239
sheep 0.0029 313 197 432 245
sheep 0.0026 356 205 388 234
sheep 0.0023 302 208 337 235
sheep 0.0013 335 197 376 226
sheep 0.0011 358 198 389 221
