bottle 0.0399 156 236 196 304
bottle 0.0393 224 210 254 307
bottle 0.0140 255 193 291 301
bottle 0.0059 187 204 214 316
bottle 0.0037 164 200 208 258
bottle 0.0033 206 208 278 310
bottle 0.0032 264 202 289 232
bottle 0.0028 205 214 234 305
bottle 0.0016 155 237 177 281
bottle 0.0015 154 210 212 311
bottle 0.0013 166 237 191 279
bottle 0.0012 243 216 279 301
bottle 0.0012 158 199 264 280
bottle 0.0011 180 67 220 138
bottle 0.0011 189 68 213 112
car 0.1277 -5 63 505 355
car 0.0018 109 -7 544 259
car 0.0014 126 175 373 298
car 0.0010 -58 173 405 356
chair 0.0060 184 64 221 115
chair 0.0050 80 10 120 53
chair 0.0031 255 55 301 123
chair 0.0018 197 85 303 171
chair 0.0014 154 55 345 199
chair 0.0012 218 52 302 128
chair 0.0010 192 64 245 113
diningtable 0.0111 -17 16 516 290
diningtable 0.0012 -26 204 449 381
person 0.0031 -1 158 22 301
person 0.0018 0 204 21 340
person 0.0014 158 220 253 310
person 0.0013 478 -8 500 77
person 0.0012 172 202 222 256
person 0.0010 -28 136 70 337
pottedplant 0.0029 134 9 181 56
train 0.0233 23 39 399 324
tvmonitor 0.0016 40 248 169 323
