bicycle 0.0161 -1 15 80 87
bicycle 0.0082 4 0 62 130
bottle 0.0179 357 386 376 477
bottle 0.0101 305 302 336 451
bottle 0.0084 298 307 327 480
bottle 0.0016 355 429 375 475
bottle 0.0014 361 386 374 443
bottle 0.0013 308 366 334 455
bottle 0.0013 333 431 375 504
bottle 0.0011 49 381 77 412
bottle 0.0011 286 292 308 420
cat 0.0168 185 409 345 499
chair 0.0239 151 324 232 428
chair 0.0086 9 299 148 372
chair 0.0080 297 312 354 433
chair 0.0069 214 274 235 313
chair 0.0068 209 261 240 328
chair 0.0063 0 399 81 482
chair 0.0046 185 406 320 493
chair 0.0039 209 281 243 349
chair 0.0034 190 324 252 429
chair 0.0033 0 307 21 478
chair 0.0033 5 355 70 462
chair 0.0032 5 328 139 403
chair 0.0029 155 331 333 486
chair 0.0028 107 323 212 406
chair 0.0027 151 273 225 387
chair 0.0026 67 294 205 381
chair 0.0025 -20 332 166 478
chair 0.0025 73 297 241 440
chair 0.0020 143 242 189 315
chair 0.0020 209 315 279 418
chair 0.0019 196 357 292 452
chair 0.0019 191 260 228 328
chair 0.0018 169 321 245 392
chair 0.0018 116 388 195 488
chair 0.0017 -12 310 46 416
chair 0.0016 121 283 198 377
chair 0.0016 205 318 243 390
chair 0.0016 118 324 252 484
chair 0.0015 -3 361 147 446
chair 0.0015 99 355 202 431
chair 0.0015 157 265 196 321
chair 0.0015 205 357 244 427
chair 0.0015 338 308 371 443
chair 0.0014 162 398 269 487
chair 0.0014 284 298 340 416
chair 0.0014 0 409 22 490
chair 0.0013 151 241 225 338
chair 0.0012 0 316 81 418
chair 0.0012 178 352 247 448
chair 0.0011 358 235 375 396
chair 0.0011 100 361 143 421
chair 0.0011 30 369 74 423
chair 0.0010 276 346 341 460
chair 0.0010 20 338 48 371
chair 0.0010 141 353 219 472
diningtable 0.0538 194 371 410 509
diningtable 0.0209 206 398 329 506
diningtable 0.0125 26 324 233 480
diningtable 0.0052 219 431 370 505
diningtable 0.0041 290 399 376 489
diningtable 0.0027 189 410 360 540
diningtable 0.0022 -33 345 292 535
diningtable 0.0015 173 306 490 576
diningtable 0.0015 31 363 172 442
diningtable 0.0013 314 426 388 509
dog 0.0062 181 435 324 499
person 0.0171 68 433 86 477
person 0.0080 56 437 75 472
person 0.0020 -5 3 50 111
person 0.0017 127 433 145 477
person 0.0015 36 439 61 467
person 0.0012 61 437 91 498
person 0.0012 358 300 376 448
person 0.0011 3 -6 81 65
pottedplant 0.0093 163 245 195 274
pottedplant 0.0077 360 404 376 458
pottedplant 0.0073 214 188 237 223
pottedplant 0.0052 155 238 201 315
pottedplant 0.0036 -5 -9 75 66
pottedplant 0.0028 -1 -3 19 32
pottedplant 0.0023 142 233 191 289
pottedplant 0.0023 225 260 245 301
pottedplant 0.0019 357 326 376 462
pottedplant 0.0019 210 178 243 230
pottedplant 0.0016 336 340 381 469
pottedplant 0.0016 330 294 379 435
pottedplant 0.0012 212 201 239 234
sofa 0.1154 0 293 205 431
sofa 0.0137 20 319 181 405
sofa 0.0076 30 297 171 368
tvmonitor 0.0012 357 259 375 296
