bus 0.7343 7 22 492 294
bus 0.0161 117 59 382 259
bus 0.0024 71 49 276 263
bus 0.0018 325 77 467 240
bus 0.0017 106 98 468 331
bus 0.0014 103 139 318 290
bus 0.0014 -34 -5 304 264
bus 0.0013 194 149 304 224
bus 0.0010 221 74 430 242
bus 0.0010 355 114 451 204
car 0.0246 15 176 43 208
car 0.0170 12 166 47 222
car 0.0040 -1 177 24 207
car 0.0013 -1 165 28 219
person 0.0232 230 183 262 262
person 0.0189 72 164 104 197
person 0.0061 237 169 270 252
person 0.0042 28 154 57 237
person 0.0028 57 65 80 97
person 0.0020 88 165 118 196
person 0.0016 420 183 445 260
person 0.0015 59 75 81 110
person 0.0013 233 185 255 231
person 0.0012 -3 115 21 215
person 0.0012 36 186 53 231
person 0.0011 77 157 126 201
person 0.0011 33 175 54 217
tvmonitor 0.0013 44 38 223 220
