car 0.8522 -4 50 427 324
car 0.1291 78 5 496 255
car 0.0163 97 129 478 359
car 0.0156 74 85 343 289
car 0.0104 397 82 491 171
car 0.0096 405 58 502 129
car 0.0070 167 77 411 298
car 0.0059 302 -4 429 38
car 0.0059 419 93 480 151
car 0.0056 369 27 503 177
car 0.0046 392 28 491 115
car 0.0046 190 46 537 327
car 0.0045 346 58 462 142
car 0.0035 422 93 447 121
car 0.0030 324 43 430 119
car 0.0030 319 -1 506 42
car 0.0022 441 94 496 151
car 0.0019 321 2 431 68
car 0.0015 316 56 484 206
car 0.0010 477 70 501 174
person 0.0178 196 178 238 242
person 0.0048 341 80 368 112
person 0.0026 115 69 171 118
person 0.0025 86 63 204 125
person 0.0025 335 71 376 119
person 0.0021 139 74 191 118
person 0.0017 337 90 369 119
person 0.0015 184 171 253 250
person 0.0013 360 81 388 111
person 0.0012 146 81 182 109
person 0.0012 357 92 387 118
person 0.0012 206 201 232 243
person 0.0011 351 72 398 120
tvmonitor 0.0015 103 69 220 124
