bottle 0.0011 224 245 285 289
cat 0.0026 5 273 273 381
cat 0.0023 253 230 464 375
cat 0.0012 42 330 227 376
chair 0.0069 11 79 115 233
diningtable 0.0328 60 221 515 382
diningtable 0.0158 204 243 446 372
dog 0.3454 -11 75 433 298
dog 0.0338 74 102 349 274
dog 0.0299 9 223 490 380
dog 0.0149 25 273 316 374
dog 0.0142 147 250 272 303
dog 0.0100 1 94 176 228
dog 0.0086 177 244 320 301
dog 0.0066 107 268 251 340
dog 0.0028 35 126 237 299
dog 0.0024 37 110 134 205
dog 0.0020 100 209 318 338
dog 0.0019 115 333 308 376
dog 0.0019 151 167 348 317
dog 0.0016 89 291 255 370
dog 0.0012 174 298 325 369
dog 0.0010 154 208 271 282
dog 0.0010 178 266 320 335
person 0.0590 -24 36 446 280
person 0.0029 432 29 507 282
person 0.0021 98 103 478 328
person 0.0020 187 74 390 242
person 0.0016 372 35 509 223
person 0.0014 -2 105 61 210
person 0.0012 317 219 478 385
person 0.0012 477 122 502 265
person 0.0012 477 22 500 164
tvmonitor 0.0113 251 46 478 212
tvmonitor 0.0055 93 53 127 104
tvmonitor 0.0011 358 76 449 182
tvmonitor 0.0010 353 114 456 202
tvmonitor 0.0010 314 55 416 146
