bottle 0.0035 290 357 344 375
bottle 0.0030 306 357 361 377
bottle 0.0012 323 358 389 375
chair 0.0026 263 331 389 377
chair 0.0024 272 311 400 367
chair 0.0017 306 332 423 380
chair 0.0014 269 349 439 377
person 0.8597 216 140 436 353
person 0.6860 125 154 277 382
person 0.4524 83 102 338 389
person 0.0308 97 108 261 325
person 0.0024 61 125 213 362
person 0.0020 -21 74 292 358
person 0.0017 275 357 323 375
person 0.0016 92 233 328 362
person 0.0012 318 226 486 377
person 0.0012 161 116 241 214
person 0.0010 124 134 218 233
