aeroplane 0.6176 -2 46 501 233
aeroplane 0.0082 157 70 417 212
aeroplane 0.0035 450 9 495 26
aeroplane 0.0022 -36 6 307 224
aeroplane 0.0013 75 52 348 181
aeroplane 0.0010 195 108 305 173
bus 0.0010 21 -31 400 210
car 0.0049 32 -51 466 231
car 0.0023 277 185 313 205
car 0.0017 252 177 302 215
car 0.0015 175 166 343 207
motorbike 0.0845 26 289 111 333
motorbike 0.0015 37 292 170 331
motorbike 0.0012 34 308 136 337
person 0.0665 40 290 103 332
person 0.0285 0 299 17 333
person 0.0257 12 281 125 325
person 0.0100 -3 290 23 337
person 0.0065 47 290 89 313
person 0.0030 0 283 19 317
person 0.0030 -1 312 21 335
person 0.0018 57 317 116 334
person 0.0016 47 300 91 327
person 0.0014 38 318 97 334
person 0.0013 -24 261 68 329
person 0.0013 0 236 21 339
person 0.0012 22 292 80 334
person 0.0010 -4 271 99 334
