bottle 0.0020 182 3 214 67
bottle 0.0012 148 -3 210 49
bottle 0.0011 320 180 349 266
car 0.0011 118 -10 227 42
diningtable 0.0010 194 273 459 382
person 0.8490 246 45 484 387
person 0.7400 12 -26 256 287
person 0.1002 -9 -12 69 281
person 0.0677 90 20 244 354
person 0.0245 386 -14 493 219
person 0.0130 46 30 376 342
person 0.0070 318 19 492 176
person 0.0067 397 -2 476 95
person 0.0065 438 1 513 88
person 0.0060 221 103 434 329
person 0.0055 206 191 361 355
person 0.0043 15 53 178 318
person 0.0034 44 0 224 206
person 0.0034 9 98 104 330
person 0.0034 430 -20 517 229
person 0.0032 354 6 449 90
person 0.0028 0 44 24 199
person 0.0028 337 -2 373 74
person 0.0027 314 79 491 298
person 0.0025 438 -2 501 45
person 0.0025 477 2 500 155
person 0.0022 15 4 100 90
person 0.0022 235 224 335 324
person 0.0022 428 105 523 328
person 0.0020 320 1 407 86
person 0.0020 287 60 437 255
person 0.0018 133 160 520 384
person 0.0017 0 95 30 235
person 0.0016 119 7 229 75
person 0.0016 418 268 491 379
person 0.0016 163 229 336 373
person 0.0016 478 61 499 211
person 0.0016 447 0 493 20
person 0.0015 442 6 498 152
person 0.0014 3 -1 49 71
person 0.0014 0 -7 28 137
person 0.0014 -1 154 32 290
person 0.0013 116 66 298 306
person 0.0013 264 221 323 368
person 0.0012 300 0 435 147
person 0.0011 -3 0 62 101
person 0.0011 44 24 144 115
person 0.0010 0 0 111 146
person 0.0010 478 264 499 382
pottedplant 0.0097 41 -2 131 76
pottedplant 0.0030 65 1 108 101
pottedplant 0.0018 80 -5 125 77
pottedplant 0.0016 26 -1 108 106
pottedplant 0.0011 6 15 94 127
