bottle 0.0042 39 119 60 156
bottle 0.0029 53 135 78 165
bottle 0.0024 40 133 60 168
bottle 0.0024 53 124 78 155
bottle 0.0017 31 109 68 163
bottle 0.0010 46 110 82 163
chair 0.0567 94 211 251 383
chair 0.0279 257 53 307 103
chair 0.0215 276 41 310 114
chair 0.0133 1 82 44 161
chair 0.0123 0 92 29 205
chair 0.0118 313 229 480 371
chair 0.0111 -7 150 67 395
chair 0.0109 3 178 99 368
chair 0.0094 224 329 411 372
chair 0.0087 66 243 141 378
chair 0.0086 279 106 310 165
chair 0.0055 240 62 313 143
chair 0.0049 111 240 175 379
chair 0.0036 -2 211 61 333
chair 0.0032 40 88 84 154
chair 0.0031 222 301 354 370
chair 0.0031 85 262 162 384
chair 0.0026 193 168 313 380
chair 0.0025 226 182 428 363
chair 0.0024 144 248 219 370
chair 0.0023 4 266 91 381
chair 0.0022 351 289 456 370
chair 0.0022 0 116 21 241
chair 0.0021 37 171 163 376
chair 0.0020 262 53 300 80
chair 0.0020 56 216 117 346
chair 0.0018 264 61 297 94
chair 0.0017 265 79 296 108
chair 0.0017 265 303 442 376
chair 0.0015 296 38 334 118
chair 0.0015 106 232 238 320
chair 0.0015 239 45 321 109
chair 0.0014 217 273 437 386
chair 0.0012 369 215 511 383
chair 0.0012 115 289 228 368
person 0.8350 19 33 78 155
person 0.7961 75 17 142 109
person 0.7543 228 110 502 379
person 0.6913 138 2 201 96
person 0.6817 86 6 166 92
person 0.6141 52 76 201 355
person 0.4067 0 44 29 113
person 0.3911 214 65 297 150
person 0.2839 49 33 124 154
person 0.2505 195 49 305 209
person 0.2347 73 86 349 346
person 0.2143 145 64 213 193
person 0.1018 26 34 65 96
person 0.0911 323 115 492 322
person 0.0774 184 62 315 317
person 0.0700 31 27 102 132
person 0.0602 76 68 172 138
person 0.0540 57 83 151 160
person 0.0533 89 13 149 64
person 0.0378 138 66 288 202
person 0.0364 40 49 83 163
person 0.0355 30 36 63 62
person 0.0292 232 76 334 358
person 0.0275 138 58 222 132
person 0.0244 128 80 204 163
person 0.0197 2 33 22 70
person 0.0182 133 66 189 118
person 0.0165 61 58 203 204
person 0.0153 99 68 245 309
person 0.0144 0 41 24 84
person 0.0142 1 42 45 89
person 0.0138 162 66 259 148
person 0.0128 1 49 58 147
person 0.0094 147 48 429 384
person 0.0087 -37 99 230 389
person 0.0068 69 36 110 90
person 0.0064 33 43 59 83
person 0.0063 12 13 104 83
person 0.0060 37 71 64 114
person 0.0060 100 30 144 124
person 0.0054 67 59 113 154
person 0.0051 90 45 123 79
person 0.0047 151 49 209 111
person 0.0046 9 27 80 104
person 0.0043 208 64 266 120
person 0.0041 73 33 102 65
person 0.0040 0 72 25 109
person 0.0039 50 -8 165 111
person 0.0037 -25 46 45 137
person 0.0036 44 36 91 93
person 0.0035 136 99 190 173
person 0.0032 8 40 49 64
person 0.0031 153 71 210 145
person 0.0031 122 10 232 134
person 0.0030 75 25 103 52
person 0.0029 124 89 171 155
person 0.0027 210 65 349 251
person 0.0026 40 32 137 96
person 0.0020 163 88 205 211
person 0.0020 73 46 101 80
person 0.0019 123 -8 220 50
person 0.0018 210 77 236 108
person 0.0018 196 49 301 114
person 0.0017 281 87 313 159
person 0.0017 97 72 147 142
person 0.0016 361 177 505 361
person 0.0016 103 72 183 172
person 0.0016 231 62 284 128
person 0.0015 199 56 251 106
person 0.0015 3 32 54 73
person 0.0015 38 25 62 53
person 0.0014 -11 105 114 334
person 0.0014 132 92 159 119
person 0.0013 40 111 162 203
person 0.0013 11 62 37 94
person 0.0013 90 18 125 53
person 0.0012 87 13 125 36
person 0.0012 132 80 160 107
person 0.0012 181 66 223 120
person 0.0012 -22 30 43 102
person 0.0011 238 67 319 182
person 0.0011 165 104 249 208
person 0.0011 101 21 143 53
person 0.0010 54 48 83 79
person 0.0010 155 -3 199 50
person 0.0010 252 77 400 302
tvmonitor 0.0226 -1 84 29 190
tvmonitor 0.0014 -2 178 23 267
tvmonitor 0.0014 196 43 247 89
