aeroplane 0.0500 274 312 456 369
aeroplane 0.0013 284 286 516 380
boat 0.5455 162 93 344 208
boat 0.4722 428 84 509 180
boat 0.0563 430 77 475 137
boat 0.0520 446 115 498 181
boat 0.0502 271 84 314 134
boat 0.0406 433 121 506 207
boat 0.0346 435 92 466 121
boat 0.0234 412 71 495 146
boat 0.0128 191 129 369 203
boat 0.0126 230 93 347 172
boat 0.0113 281 90 309 126
boat 0.0097 152 79 179 103
boat 0.0072 133 94 292 163
boat 0.0061 432 109 473 133
boat 0.0056 149 29 351 180
boat 0.0055 140 119 341 181
boat 0.0054 437 81 466 110
boat 0.0051 424 24 530 182
boat 0.0051 160 150 337 211
boat 0.0047 384 64 518 193
boat 0.0045 437 156 503 197
boat 0.0035 278 119 363 197
boat 0.0024 281 106 312 135
boat 0.0024 251 78 339 142
boat 0.0014 273 95 323 176
boat 0.0013 236 152 355 203
boat 0.0011 33 90 389 223
boat 0.0010 448 150 494 177
car 0.0802 290 335 462 372
car 0.0062 344 337 411 371
car 0.0031 426 320 484 354
car 0.0020 369 342 418 361
car 0.0013 229 330 346 379
person 0.0059 456 132 490 166
person 0.0054 475 131 498 166
person 0.0022 243 135 271 164
person 0.0019 223 136 259 162
person 0.0017 224 125 256 152
person 0.0016 466 120 503 180
