bottle 0.0054 227 150 281 213
bus 0.0836 58 108 441 381
car 0.0607 24 99 475 332
car 0.0026 124 143 451 401
cat 0.0066 9 44 413 331
chair 0.0728 188 26 286 106
chair 0.0409 247 68 335 122
chair 0.0340 267 51 289 82
chair 0.0182 195 33 248 97
chair 0.0176 260 49 291 108
chair 0.0174 467 108 501 196
chair 0.0151 449 96 499 205
chair 0.0131 31 9 98 123
chair 0.0090 428 19 510 236
chair 0.0076 210 36 268 96
chair 0.0075 188 24 220 108
chair 0.0068 227 39 328 113
chair 0.0054 81 5 187 67
chair 0.0054 435 71 505 182
chair 0.0044 267 56 287 99
chair 0.0038 190 9 290 64
chair 0.0038 280 52 310 77
chair 0.0035 232 17 329 73
chair 0.0034 63 30 104 101
chair 0.0033 201 19 305 82
chair 0.0033 433 105 511 330
chair 0.0029 371 -2 420 49
chair 0.0028 244 43 280 111
chair 0.0026 53 2 139 82
chair 0.0025 252 56 303 128
chair 0.0024 270 78 461 236
chair 0.0024 441 121 502 252
chair 0.0023 470 120 501 266
chair 0.0023 -3 46 61 154
chair 0.0022 395 70 493 304
chair 0.0022 268 37 291 69
chair 0.0021 265 56 323 106
chair 0.0019 262 26 296 78
chair 0.0018 14 47 86 148
chair 0.0018 207 112 295 209
chair 0.0016 201 37 273 145
chair 0.0016 420 102 485 213
chair 0.0015 160 59 265 135
chair 0.0015 -17 9 74 194
chair 0.0014 351 88 455 160
chair 0.0013 272 37 316 93
chair 0.0013 475 149 500 184
chair 0.0013 35 128 243 302
chair 0.0013 443 180 504 303
chair 0.0012 118 32 231 104
chair 0.0011 -1 -2 102 154
chair 0.0011 295 123 435 197
chair 0.0011 303 49 331 78
chair 0.0011 165 16 240 115
chair 0.0010 163 21 341 130
chair 0.0010 0 56 21 187
chair 0.0010 354 -10 433 81
chair 0.0010 59 7 110 67
chair 0.0010 124 3 214 82
diningtable 0.0125 -27 26 527 289
person 0.0014 -24 15 370 302
sofa 0.0016 267 53 465 202
sofa 0.0010 27 183 395 420
tvmonitor 0.6269 415 27 495 131
tvmonitor 0.0429 71 105 505 326
tvmonitor 0.0181 444 48 498 134
tvmonitor 0.0114 146 159 428 326
tvmonitor 0.0037 134 270 366 380
tvmonitor 0.0020 393 13 494 88
tvmonitor 0.0019 418 13 524 185
tvmonitor 0.0019 99 1 154 43
tvmonitor 0.0015 84 126 338 305
tvmonitor 0.0014 229 0 289 16
tvmonitor 0.0012 -1 10 24 148
tvmonitor 0.0011 123 0 165 20
tvmonitor 0.0011 128 297 292 365
tvmonitor 0.0010 107 7 148 32
