boat 0.0434 23 287 323 376
boat 0.0153 60 306 287 364
boat 0.0073 42 283 166 334
boat 0.0069 84 297 128 318
boat 0.0046 33 297 65 317
boat 0.0043 51 296 80 319
boat 0.0040 27 264 183 326
boat 0.0034 104 298 147 320
boat 0.0030 77 288 135 328
boat 0.0028 66 296 102 318
boat 0.0026 109 283 141 309
boat 0.0022 36 308 157 368
boat 0.0020 23 299 228 348
boat 0.0018 67 270 106 318
boat 0.0018 73 279 100 312
boat 0.0013 39 272 89 317
boat 0.0012 57 286 112 328
boat 0.0012 2 234 189 370
boat 0.0011 82 272 130 319
boat 0.0011 49 281 80 310
boat 0.0011 89 282 122 309
boat 0.0010 102 273 148 315
car 0.2573 324 330 492 374
car 0.0215 344 316 520 366
car 0.0209 218 312 301 369
car 0.0145 338 333 413 372
car 0.0137 477 301 500 373
car 0.0126 479 318 499 358
car 0.0097 314 346 472 381
car 0.0079 196 308 356 371
car 0.0067 278 330 434 377
car 0.0045 285 334 348 374
car 0.0032 7 299 47 317
car 0.0027 478 266 502 357
car 0.0020 445 290 500 357
car 0.0018 100 310 323 368
car 0.0016 313 356 356 375
car 0.0016 187 329 312 375
car 0.0013 243 316 486 403
car 0.0010 311 328 357 376
car 0.0010 290 358 344 375
cat 0.0400 263 136 338 251
chair 0.0019 63 331 284 377
chair 0.0015 -3 331 193 373
chair 0.0013 447 327 497 372
chair 0.0012 469 324 503 375
chair 0.0011 478 229 500 333
diningtable 0.0152 39 310 248 367
diningtable 0.0032 54 290 367 375
diningtable 0.0025 103 329 317 377
diningtable 0.0018 66 294 259 351
person 0.0013 174 109 329 320
person 0.0011 90 65 408 366
pottedplant 0.0015 236 124 351 307
pottedplant 0.0014 259 152 332 268
