person 0.8772 20 -8 402 384
person 0.0233 104 84 471 347
person 0.0086 302 227 498 375
person 0.0052 143 62 357 310
person 0.0039 60 50 287 323
person 0.0027 204 153 524 392
person 0.0020 477 260 500 387
person 0.0016 329 82 474 290
person 0.0010 275 152 456 334
tvmonitor 0.2026 434 246 476 315
tvmonitor 0.1820 442 242 498 319
tvmonitor 0.0767 420 230 486 334
tvmonitor 0.0134 439 259 467 298
tvmonitor 0.0082 475 225 499 338
tvmonitor 0.0056 453 265 489 295
tvmonitor 0.0017 399 251 500 352
tvmonitor 0.0013 454 278 487 309
tvmonitor 0.0011 437 255 470 281
