boat 0.0070 177 223 400 372
bottle 0.0422 442 289 469 360
chair 0.0351 136 251 225 368
chair 0.0249 131 233 299 369
chair 0.0114 101 252 175 354
chair 0.0077 112 233 148 299
chair 0.0061 154 283 266 376
chair 0.0049 122 232 159 324
chair 0.0047 218 188 434 362
chair 0.0031 104 261 253 385
chair 0.0026 140 269 362 385
chair 0.0026 148 77 505 353
chair 0.0025 96 293 185 370
chair 0.0023 272 260 383 349
chair 0.0022 141 239 183 295
chair 0.0020 112 241 145 347
chair 0.0018 74 225 189 375
chair 0.0017 45 4 143 86
chair 0.0017 447 326 498 381
chair 0.0016 184 292 317 373
chair 0.0016 126 297 203 377
chair 0.0015 149 233 218 327
chair 0.0015 158 239 206 297
chair 0.0014 170 112 407 319
chair 0.0014 275 294 373 372
chair 0.0012 -13 129 133 304
chair 0.0010 307 333 426 382
diningtable 0.0135 142 123 434 365
diningtable 0.0062 103 210 473 392
diningtable 0.0023 170 268 404 379
person 0.0298 478 303 499 373
person 0.0093 154 3 498 370
person 0.0057 441 295 464 328
person 0.0018 448 309 493 366
person 0.0012 11 67 46 93
person 0.0012 -1 41 23 175
person 0.0012 -20 151 64 398
person 0.0011 4 55 51 101
person 0.0010 480 293 500 327
pottedplant 0.1074 153 147 274 341
pottedplant 0.0418 173 180 319 375
pottedplant 0.0237 180 196 258 308
pottedplant 0.0201 155 202 419 355
pottedplant 0.0141 200 230 292 315
pottedplant 0.0085 166 156 248 277
pottedplant 0.0074 115 224 141 254
pottedplant 0.0068 108 70 391 361
pottedplant 0.0041 199 170 298 266
pottedplant 0.0032 196 257 300 339
pottedplant 0.0027 227 242 350 313
pottedplant 0.0018 113 233 139 266
pottedplant 0.0018 111 224 145 280
pottedplant 0.0015 394 0 492 83
pottedplant 0.0014 148 234 257 300
pottedplant 0.0012 216 254 266 307
pottedplant 0.0010 232 254 285 309
pottedplant 0.0010 197 226 244 306
tvmonitor 0.0014 2 -18 94 89
tvmonitor 0.0010 202 44 375 270
tvmonitor 0.0010 -7 -2 103 50
