bicycle 0.0864 7 92 92 256
bicycle 0.0795 -10 123 109 292
bicycle 0.0554 -4 138 71 260
bicycle 0.0021 43 123 115 239
bicycle 0.0020 -18 71 60 280
bicycle 0.0017 14 158 57 242
bicycle 0.0017 -1 179 86 299
bicycle 0.0015 24 73 177 274
bicycle 0.0012 -2 91 46 238
bicycle 0.0012 -2 166 39 269
bottle 0.0118 191 165 232 233
bottle 0.0028 135 18 233 183
bottle 0.0027 142 36 181 103
bottle 0.0026 174 169 259 251
bottle 0.0014 130 41 203 135
cat 0.0566 144 187 344 398
cat 0.0280 96 79 392 420
cat 0.0124 188 271 355 434
cat 0.0109 174 326 313 402
cat 0.0017 167 357 265 433
cat 0.0015 152 283 280 372
cat 0.0014 183 345 262 398
cat 0.0010 116 317 257 399
chair 0.0018 109 258 192 372
dog 0.0025 197 348 251 394
dog 0.0015 108 324 209 388
person 0.1182 -20 130 395 369
person 0.0059 87 161 288 342
person 0.0051 83 -27 349 374
person 0.0040 18 201 357 449
person 0.0039 0 9 16 53
person 0.0032 0 120 20 243
person 0.0029 0 10 22 121
person 0.0018 -3 63 47 204
person 0.0011 0 78 21 207
tvmonitor 0.2020 2 22 66 116
tvmonitor 0.1360 33 57 73 115
tvmonitor 0.0526 145 37 217 149
tvmonitor 0.0153 13 24 54 77
tvmonitor 0.0125 0 33 43 103
tvmonitor 0.0096 19 32 50 66
tvmonitor 0.0078 7 71 77 193
tvmonitor 0.0064 29 54 108 148
tvmonitor 0.0046 0 40 47 167
tvmonitor 0.0045 129 28 243 233
tvmonitor 0.0041 15 52 54 83
tvmonitor 0.0036 30 80 112 186
tvmonitor 0.0027 48 71 84 131
tvmonitor 0.0024 46 69 79 105
tvmonitor 0.0019 52 83 78 118
tvmonitor 0.0017 37 51 67 85
tvmonitor 0.0014 -8 -12 83 137
tvmonitor 0.0014 0 41 85 247
tvmonitor 0.0013 113 72 204 174
tvmonitor 0.0013 7 29 33 66
tvmonitor 0.0010 43 37 77 103
