aeroplane 0.7082 -2 59 501 221
aeroplane 0.0125 -29 33 299 246
aeroplane 0.0077 65 45 351 194
aeroplane 0.0076 238 92 394 154
aeroplane 0.0046 215 99 441 189
aeroplane 0.0028 63 103 358 227
aeroplane 0.0022 208 101 351 143
aeroplane 0.0014 25 61 246 219
aeroplane 0.0011 224 109 355 166
bird 0.0041 13 212 114 259
boat 0.0104 0 45 190 186
boat 0.0045 6 114 106 176
boat 0.0037 5 140 47 159
boat 0.0023 19 153 75 169
boat 0.0022 0 145 51 175
boat 0.0019 10 76 112 153
boat 0.0018 265 97 403 150
boat 0.0014 -10 144 105 178
boat 0.0011 -12 77 134 199
boat 0.0010 -1 131 53 166
car 0.0421 375 151 413 167
car 0.0111 4 152 46 169
car 0.0052 0 149 25 172
car 0.0044 479 158 500 186
car 0.0013 475 142 500 201
car 0.0010 85 177 126 192
person 0.0129 444 134 465 164
person 0.0090 443 144 465 173
person 0.0052 318 180 353 222
person 0.0030 454 136 479 164
person 0.0029 441 136 470 181
person 0.0024 446 130 486 187
person 0.0023 479 131 499 166
person 0.0017 3 154 20 190
person 0.0014 475 130 500 189
