bottle 0.2381 229 255 257 325
bottle 0.0438 334 276 372 329
bottle 0.0235 262 231 300 295
bottle 0.0221 238 269 270 332
bottle 0.0181 165 168 201 228
bottle 0.0173 231 267 251 312
bottle 0.0167 271 293 326 337
bottle 0.0093 185 174 217 222
bottle 0.0093 160 277 200 330
bottle 0.0061 340 285 366 318
bottle 0.0052 224 290 261 334
bottle 0.0052 344 296 369 333
bottle 0.0046 273 225 311 302
bottle 0.0034 200 175 237 220
bottle 0.0033 252 262 337 340
bottle 0.0030 204 252 277 327
bottle 0.0029 331 238 369 313
bottle 0.0027 230 258 251 293
bottle 0.0024 364 220 387 250
bottle 0.0022 363 317 424 334
bottle 0.0016 172 179 196 217
bottle 0.0016 250 168 269 201
bottle 0.0016 321 269 353 332
bottle 0.0015 331 218 372 281
bottle 0.0015 258 242 306 333
bottle 0.0014 202 292 237 334
bottle 0.0014 245 220 277 304
bottle 0.0013 322 197 355 303
bottle 0.0013 350 233 393 292
bottle 0.0013 237 169 281 227
bottle 0.0011 251 292 308 335
bottle 0.0011 259 187 298 232
bottle 0.0010 317 236 360 290
bottle 0.0010 359 210 391 262
chair 0.0238 5 135 190 343
chair 0.0136 -13 149 68 330
chair 0.0124 0 162 58 276
chair 0.0094 -3 128 111 311
chair 0.0064 -1 171 22 275
chair 0.0037 0 146 98 227
chair 0.0035 388 226 494 317
chair 0.0032 53 261 218 327
chair 0.0032 29 205 239 324
chair 0.0031 3 135 48 239
chair 0.0027 48 177 77 297
chair 0.0021 0 120 22 225
chair 0.0021 54 163 80 260
chair 0.0019 1 199 49 298
chair 0.0018 9 181 80 292
chair 0.0017 -1 200 20 323
chair 0.0017 46 156 87 218
chair 0.0015 0 153 28 243
diningtable 0.0793 183 243 469 341
diningtable 0.0179 245 164 408 322
diningtable 0.0152 210 179 520 358
diningtable 0.0148 209 145 369 289
diningtable 0.0100 299 274 414 331
diningtable 0.0064 191 124 309 310
diningtable 0.0063 270 293 459 335
diningtable 0.0038 198 214 379 326
diningtable 0.0032 141 144 435 341
diningtable 0.0028 -2 137 100 208
diningtable 0.0028 238 176 334 262
diningtable 0.0023 261 229 384 310
diningtable 0.0023 232 232 336 315
diningtable 0.0021 232 262 423 334
diningtable 0.0017 277 202 378 286
diningtable 0.0016 210 172 296 262
diningtable 0.0015 321 311 468 336
diningtable 0.0013 314 244 434 332
diningtable 0.0013 200 155 293 223
diningtable 0.0010 209 292 368 337
diningtable 0.0010 256 266 473 365
person 0.9286 42 93 223 338
person 0.9056 366 125 501 315
person 0.7148 192 71 289 204
person 0.5052 316 108 401 276
person 0.2299 295 110 435 317
person 0.1886 282 103 389 238
person 0.1301 435 110 475 160
person 0.0525 405 109 478 176
person 0.0421 183 67 261 172
person 0.0412 323 104 394 191
person 0.0409 94 103 242 284
person 0.0259 374 107 451 185
person 0.0222 176 79 268 251
person 0.0220 331 115 473 234
person 0.0167 144 113 275 321
person 0.0158 386 140 494 243
person 0.0152 288 109 372 189
person 0.0137 437 119 499 219
person 0.0129 333 118 410 228
person 0.0114 423 148 515 328
person 0.0099 400 117 485 213
person 0.0085 472 101 500 168
person 0.0076 440 116 467 151
person 0.0068 437 102 501 172
person 0.0063 367 163 451 273
person 0.0062 440 142 496 280
person 0.0057 437 115 467 203
person 0.0055 451 112 490 131
person 0.0055 187 105 255 217
person 0.0039 433 110 472 130
person 0.0037 332 99 373 170
person 0.0034 476 106 500 136
person 0.0033 448 0 493 14
person 0.0033 327 139 556 347
person 0.0032 184 119 313 262
person 0.0030 374 115 416 204
person 0.0027 440 106 497 141
person 0.0027 361 105 428 215
person 0.0027 478 115 500 150
person 0.0023 472 159 499 289
person 0.0022 478 129 498 166
person 0.0021 164 288 201 335
person 0.0020 65 99 356 336
person 0.0018 211 111 367 275
person 0.0016 423 105 520 236
person 0.0015 359 1 456 72
person 0.0015 323 191 489 336
person 0.0014 -1 48 22 144
person 0.0013 436 83 522 153
person 0.0012 74 171 191 264
person 0.0012 313 115 358 205
person 0.0012 400 0 463 13
person 0.0011 270 133 365 211
person 0.0011 111 174 232 265
person 0.0010 28 97 173 236
person 0.0010 47 106 143 180
person 0.0010 471 132 501 241
person 0.0010 246 121 336 207
person 0.0010 323 96 356 173
pottedplant 0.0324 385 5 502 66
pottedplant 0.0192 406 11 496 104
pottedplant 0.0165 454 42 497 124
pottedplant 0.0132 469 50 502 116
pottedplant 0.0127 442 20 517 113
pottedplant 0.0078 378 -2 506 134
pottedplant 0.0062 432 2 520 72
pottedplant 0.0044 423 13 477 75
pottedplant 0.0038 416 6 542 173
pottedplant 0.0029 476 94 499 122
pottedplant 0.0028 393 5 426 29
pottedplant 0.0023 452 100 489 119
pottedplant 0.0022 394 15 468 48
pottedplant 0.0021 344 13 486 48
pottedplant 0.0020 387 21 433 42
pottedplant 0.0020 431 40 476 100
pottedplant 0.0019 471 3 502 85
pottedplant 0.0016 472 72 502 145
pottedplant 0.0016 476 76 499 112
pottedplant 0.0015 404 -25 553 105
pottedplant 0.0015 1 93 21 122
pottedplant 0.0013 443 10 500 54
pottedplant 0.0011 383 -2 500 36
pottedplant 0.0011 475 18 500 48
pottedplant 0.0010 457 70 488 97
tvmonitor 0.2096 2 118 48 155
tvmonitor 0.1093 276 -1 390 39
tvmonitor 0.0653 320 -6 383 24
tvmonitor 0.0560 329 -2 377 17
tvmonitor 0.0392 67 101 113 144
tvmonitor 0.0187 -2 107 31 163
tvmonitor 0.0098 143 -3 297 40
tvmonitor 0.0095 -14 95 57 188
tvmonitor 0.0061 0 113 104 178
tvmonitor 0.0052 188 1 307 70
tvmonitor 0.0044 362 0 427 14
tvmonitor 0.0037 204 0 312 37
tvmonitor 0.0037 -4 92 138 151
tvmonitor 0.0034 386 0 435 19
tvmonitor 0.0028 -1 117 25 151
tvmonitor 0.0024 153 -15 344 97
tvmonitor 0.0024 -24 67 76 215
tvmonitor 0.0023 9 131 40 159
tvmonitor 0.0021 20 116 69 155
tvmonitor 0.0021 158 0 262 72
tvmonitor 0.0020 348 0 398 14
tvmonitor 0.0015 331 -8 454 23
tvmonitor 0.0013 13 74 102 160
tvmonitor 0.0011 247 -4 301 40
tvmonitor 0.0010 58 113 118 156
