car 0.9139 146 178 343 323
car 0.0129 157 189 274 245
car 0.0090 50 167 77 199
car 0.0032 156 184 270 299
car 0.0019 156 159 267 217
chair 0.0032 336 166 452 221
person 0.0114 54 174 75 207
person 0.0031 442 161 463 197
person 0.0018 271 174 289 214
person 0.0014 95 151 116 184
person 0.0012 436 156 471 206
person 0.0011 181 198 221 222
person 0.0011 48 167 79 215
pottedplant 0.0050 443 181 495 237
pottedplant 0.0022 425 187 477 230
pottedplant 0.0020 298 141 330 220
pottedplant 0.0015 392 209 493 284
sheep 0.0087 321 196 490 349
sheep 0.0028 349 227 460 311
train 0.0012 143 -1 510 260
train 0.0012 319 39 490 217
