bottle 0.5070 107 3 143 104
bottle 0.2582 144 5 177 104
bottle 0.2250 219 -9 253 113
bottle 0.2176 243 -6 275 80
bottle 0.1682 164 3 202 105
bottle 0.1648 206 4 236 103
bottle 0.1012 182 4 214 104
bottle 0.0389 131 -7 201 108
bottle 0.0371 105 0 181 106
bottle 0.0365 367 354 412 397
bottle 0.0340 126 3 160 102
bottle 0.0186 333 38 467 365
bottle 0.0177 206 -9 238 56
bottle 0.0175 204 -11 276 88
bottle 0.0138 163 -7 199 55
bottle 0.0104 188 2 258 105
bottle 0.0086 334 248 410 386
bottle 0.0079 107 -3 139 51
bottle 0.0079 258 -8 292 84
bottle 0.0075 312 188 412 399
bottle 0.0061 121 -2 222 154
bottle 0.0057 180 -4 218 51
bottle 0.0052 351 349 399 401
bottle 0.0051 144 -5 183 52
bottle 0.0050 376 48 507 353
bottle 0.0050 168 0 232 109
bottle 0.0050 203 25 290 119
bottle 0.0042 128 -6 157 52
bottle 0.0031 246 18 330 123
bottle 0.0031 75 -19 188 124
bottle 0.0029 112 26 136 82
bottle 0.0022 350 286 396 374
bottle 0.0021 215 -6 367 158
bottle 0.0020 179 -27 312 126
bottle 0.0018 376 329 411 395
bottle 0.0018 92 -4 158 86
bottle 0.0018 250 9 271 67
bottle 0.0017 318 -7 429 81
bottle 0.0016 347 352 442 398
bottle 0.0014 228 11 249 66
bottle 0.0014 151 26 172 83
bottle 0.0014 333 348 378 402
bottle 0.0013 218 -11 299 58
bottle 0.0012 169 0 194 45
bottle 0.0012 211 25 230 83
bottle 0.0012 226 0 251 46
bottle 0.0011 266 55 324 114
bottle 0.0010 91 6 128 99
bottle 0.0010 215 212 261 268
bottle 0.0010 150 1 176 43
car 0.0021 126 291 237 343
car 0.0015 315 20 568 379
chair 0.0131 314 230 411 402
chair 0.0016 362 191 507 389
chair 0.0016 322 26 485 247
chair 0.0016 318 307 420 395
chair 0.0013 112 289 231 350
chair 0.0012 56 96 211 304
chair 0.0012 99 115 246 348
chair 0.0010 371 41 509 297
diningtable 0.0148 24 69 398 392
diningtable 0.0021 0 -41 423 194
diningtable 0.0018 132 84 291 320
motorbike 0.0016 41 125 458 395
person 0.0185 295 4 513 395
person 0.0056 49 11 373 325
person 0.0034 185 212 265 293
person 0.0018 453 0 489 21
person 0.0016 367 29 511 246
person 0.0013 214 69 360 333
person 0.0010 214 227 261 310
person 0.0010 203 208 275 329
pottedplant 0.0024 315 3 413 84
pottedplant 0.0020 334 -4 474 49
pottedplant 0.0019 303 -1 427 45
tvmonitor 0.0080 384 98 499 361
