boat 0.0049 96 51 214 125
boat 0.0028 21 -83 343 276
boat 0.0020 149 0 200 21
boat 0.0017 107 17 201 97
boat 0.0016 80 21 172 106
boat 0.0014 138 7 226 91
boat 0.0014 9 161 75 266
boat 0.0013 135 2 215 50
boat 0.0013 83 5 229 176
boat 0.0011 142 52 223 140
boat 0.0010 160 11 316 194
boat 0.0010 111 -7 199 55
bus 0.0612 3 310 66 407
bus 0.0149 -1 287 15 427
bus 0.0037 33 314 59 400
bus 0.0032 8 262 62 389
bus 0.0027 -1 326 40 389
bus 0.0019 3 210 69 448
bus 0.0012 4 338 32 414
person 0.6767 202 375 239 483
person 0.3991 1 366 12 423
person 0.2651 32 370 57 447
person 0.0927 10 371 27 413
person 0.0225 1 348 13 404
person 0.0171 208 380 247 449
person 0.0166 37 360 61 396
person 0.0137 33 337 62 416
person 0.0125 0 387 14 430
person 0.0084 5 361 30 422
person 0.0083 0 332 15 419
person 0.0068 26 373 47 413
person 0.0063 9 360 28 394
person 0.0056 24 360 51 426
person 0.0040 27 390 48 434
person 0.0026 0 363 16 455
person 0.0025 181 368 246 454
person 0.0019 12 332 62 466
person 0.0018 22 360 74 433
person 0.0016 205 386 233 437
person 0.0015 23 361 46 395
person 0.0014 6 390 30 426
person 0.0014 0 328 13 388
person 0.0013 -1 177 14 339
person 0.0012 205 402 233 458
person 0.0012 1 375 33 443
person 0.0011 40 330 57 383
person 0.0011 199 373 275 456
train 0.0075 188 90 288 182
train 0.0049 151 64 325 203
train 0.0041 50 -11 369 281
