boat 0.0025 323 150 472 334
boat 0.0018 385 189 475 285
bottle 0.0025 14 228 255 364
bus 0.1838 34 107 224 325
bus 0.1482 27 67 395 364
bus 0.0819 84 -5 491 324
bus 0.0234 31 62 171 258
bus 0.0152 -5 123 134 316
bus 0.0078 57 111 151 210
bus 0.0063 186 110 295 323
bus 0.0056 280 57 450 262
bus 0.0048 -12 10 282 308
bus 0.0030 -24 95 76 336
bus 0.0025 135 58 287 259
bus 0.0018 314 135 491 296
bus 0.0017 211 143 291 237
bus 0.0016 -16 40 132 226
bus 0.0016 221 104 357 328
bus 0.0015 251 117 330 201
bus 0.0013 88 139 178 229
bus 0.0013 -79 84 197 349
bus 0.0012 248 147 332 230
bus 0.0011 255 67 549 307
bus 0.0010 81 173 184 264
car 0.0013 392 205 479 283
car 0.0010 192 175 253 269
chair 0.0015 262 234 327 365
chair 0.0013 284 237 348 381
chair 0.0010 203 285 298 376
person 0.6901 287 162 358 378
person 0.6154 315 156 394 381
person 0.2613 240 181 279 351
person 0.1483 266 209 330 345
person 0.0676 207 178 245 243
person 0.0671 217 174 271 323
person 0.0508 280 219 323 287
person 0.0362 246 163 278 282
person 0.0261 291 111 418 330
person 0.0153 483 215 498 260
person 0.0151 479 191 499 282
person 0.0146 317 145 386 273
person 0.0143 78 134 127 198
person 0.0112 70 118 140 214
person 0.0107 101 141 138 220
person 0.0100 185 187 249 301
person 0.0063 288 213 334 320
person 0.0061 464 203 480 246
person 0.0055 401 166 425 197
person 0.0053 76 136 99 171
person 0.0046 242 138 345 366
person 0.0046 69 131 107 201
person 0.0044 211 150 237 180
person 0.0044 72 150 100 184
person 0.0041 247 144 276 220
person 0.0040 249 172 273 212
person 0.0037 83 157 129 232
person 0.0032 299 220 375 369
person 0.0030 319 145 364 213
person 0.0029 151 145 272 346
person 0.0028 173 171 253 265
person 0.0028 37 155 68 234
person 0.0024 47 172 80 248
person 0.0023 211 189 236 227
person 0.0023 288 218 313 254
person 0.0021 317 204 351 356
person 0.0020 73 164 101 196
person 0.0020 54 189 74 229
person 0.0019 217 129 261 203
person 0.0019 206 138 243 196
person 0.0018 252 164 292 254
person 0.0018 396 156 430 206
person 0.0018 481 187 499 233
person 0.0018 208 136 234 168
person 0.0017 39 192 62 227
person 0.0017 211 161 270 260
person 0.0015 110 159 133 201
person 0.0015 243 196 312 340
person 0.0015 41 173 62 214
person 0.0014 212 178 237 210
person 0.0014 111 150 136 184
person 0.0014 248 187 272 229
person 0.0013 250 161 271 200
person 0.0013 0 129 24 259
person 0.0013 85 104 121 173
person 0.0012 461 219 482 254
person 0.0012 217 156 255 237
person 0.0012 86 129 164 230
person 0.0012 52 176 75 211
person 0.0011 254 165 324 268
person 0.0011 0 77 22 195
person 0.0011 104 168 141 246
person 0.0010 177 126 475 364
person 0.0010 143 145 185 218
person 0.0010 261 195 292 309
pottedplant 0.0034 422 45 483 84
pottedplant 0.0019 428 51 474 75
pottedplant 0.0012 419 56 482 102
tvmonitor 0.0023 -1 -6 24 105
tvmonitor 0.0010 49 3 91 63
