aeroplane 0.0013 353 145 473 190
bicycle 0.2977 182 204 229 300
bicycle 0.0088 188 234 224 321
bicycle 0.0042 173 230 247 303
bicycle 0.0037 186 233 219 272
bicycle 0.0010 198 236 232 295
car 0.0012 374 173 452 186
cow 0.0029 97 209 141 258
horse 0.2924 103 196 137 247
horse 0.0240 78 196 169 248
person 0.8364 188 196 222 281
person 0.3881 105 186 136 236
person 0.1750 97 192 121 227
person 0.0605 189 200 214 242
person 0.0178 192 193 213 228
person 0.0162 200 199 230 276
person 0.0115 191 212 215 263
person 0.0064 171 190 234 260
person 0.0056 109 183 134 213
person 0.0010 207 215 230 258
person 0.0010 87 186 165 235
person 0.0010 202 208 232 238
person 0.0010 171 189 203 258
sheep 0.0232 5 226 48 283
sheep 0.0169 458 285 495 337
sheep 0.0115 8 253 46 277
sheep 0.0037 11 238 42 272
sheep 0.0022 105 219 136 247
sheep 0.0015 474 292 498 330
sheep 0.0011 -1 214 63 294
