bicycle 0.0112 7 33 261 356
bicycle 0.0011 17 61 175 279
chair 0.0044 71 128 272 320
chair 0.0015 432 54 516 277
person 0.0025 3 1 23 41
person 0.0016 38 84 306 365
person 0.0015 2 -8 28 55
person 0.0012 10 64 105 142
person 0.0012 352 -1 397 16
person 0.0011 452 0 494 75
pottedplant 0.0474 39 122 223 326
pottedplant 0.0144 -8 71 277 378
pottedplant 0.0030 25 145 159 365
pottedplant 0.0030 42 66 151 142
pottedplant 0.0029 2 105 123 343
pottedplant 0.0012 18 33 174 178
tvmonitor 0.0640 436 182 497 312
tvmonitor 0.0296 295 97 440 295
tvmonitor 0.0064 132 96 191 132
tvmonitor 0.0030 418 148 527 303
tvmonitor 0.0027 319 139 418 249
tvmonitor 0.0027 306 59 439 134
tvmonitor 0.0019 366 89 511 300
tvmonitor 0.0018 332 0 378 18
tvmonitor 0.0016 296 17 446 194
tvmonitor 0.0010 356 146 448 244
