bicycle 0.0197 478 143 501 181
bicycle 0.0020 431 163 465 192
car 0.1521 473 118 501 182
car 0.0059 398 95 491 180
car 0.0052 29 131 239 261
car 0.0033 83 173 204 271
car 0.0031 0 176 19 213
car 0.0015 0 134 66 256
car 0.0010 4 226 94 319
motorbike 0.6105 313 148 419 223
motorbike 0.5965 4 124 106 298
motorbike 0.4189 54 152 218 290
motorbike 0.2998 447 119 495 177
motorbike 0.2436 399 128 490 182
motorbike 0.1817 240 144 422 235
motorbike 0.1281 237 138 332 236
motorbike 0.0642 426 129 466 198
motorbike 0.0567 364 126 444 205
motorbike 0.0458 474 133 502 190
motorbike 0.0373 202 155 273 264
motorbike 0.0278 198 148 377 271
motorbike 0.0194 210 156 305 232
motorbike 0.0157 144 134 285 258
motorbike 0.0120 411 152 461 201
motorbike 0.0087 77 194 197 287
motorbike 0.0084 263 168 387 242
motorbike 0.0073 16 143 81 276
motorbike 0.0062 428 113 510 188
motorbike 0.0048 309 177 426 236
motorbike 0.0047 392 144 486 217
motorbike 0.0041 346 156 401 226
motorbike 0.0041 332 138 419 198
motorbike 0.0041 -26 147 85 335
motorbike 0.0034 116 168 213 273
motorbike 0.0024 143 183 259 258
motorbike 0.0023 -2 166 64 284
motorbike 0.0018 -91 125 207 305
motorbike 0.0014 386 97 501 214
motorbike 0.0010 323 122 464 240
person 0.3775 14 119 94 267
person 0.3650 400 119 434 178
person 0.2867 436 113 470 187
person 0.2036 385 130 406 165
person 0.1339 456 106 493 171
person 0.0890 205 147 290 241
person 0.0664 402 119 426 157
person 0.0597 379 126 414 170
person 0.0444 -1 130 95 199
person 0.0423 473 106 500 172
person 0.0408 458 109 485 135
person 0.0318 42 115 87 243
person 0.0315 415 131 445 165
person 0.0305 411 130 459 197
person 0.0283 461 116 487 154
person 0.0233 457 130 488 166
person 0.0226 404 107 427 141
person 0.0210 143 167 181 222
person 0.0186 247 129 325 202
person 0.0180 145 166 178 193
person 0.0179 255 140 307 193
person 0.0178 281 139 314 221
person 0.0160 441 116 466 154
person 0.0142 438 127 465 171
person 0.0140 440 110 469 135
person 0.0138 408 112 446 165
person 0.0128 326 127 414 207
person 0.0125 276 139 313 164
person 0.0121 49 123 86 182
person 0.0109 372 118 454 180
person 0.0109 416 117 442 153
person 0.0106 197 165 244 224
person 0.0101 338 140 371 165
person 0.0094 399 100 432 149
person 0.0075 129 168 164 224
person 0.0065 417 112 444 138
person 0.0062 131 141 216 242
person 0.0062 336 151 373 178
person 0.0059 341 153 407 209
person 0.0058 260 139 301 165
person 0.0057 269 135 319 172
person 0.0055 290 153 341 204
person 0.0054 132 168 161 195
person 0.0054 -1 162 24 284
person 0.0050 324 141 354 166
person 0.0042 358 139 394 163
person 0.0042 325 150 354 180
person 0.0037 237 148 289 217
person 0.0032 134 174 157 214
person 0.0031 196 181 250 260
person 0.0030 -11 104 114 233
person 0.0029 256 148 376 211
person 0.0025 -1 241 20 378
person 0.0024 -1 122 22 237
person 0.0023 210 162 263 227
person 0.0022 418 148 450 182
person 0.0022 252 158 300 227
person 0.0022 301 152 330 182
person 0.0022 -3 130 64 240
person 0.0021 283 149 314 182
person 0.0020 434 147 463 184
person 0.0020 96 156 193 266
person 0.0019 313 152 362 204
person 0.0019 476 108 498 140
person 0.0018 366 141 421 192
person 0.0018 52 121 85 149
person 0.0016 54 132 82 168
person 0.0016 278 127 366 201
person 0.0016 204 167 239 194
person 0.0015 0 332 17 373
person 0.0013 45 115 92 162
person 0.0012 323 155 384 229
person 0.0011 201 132 296 197
person 0.0011 394 143 433 215
person 0.0011 300 140 332 166
person 0.0011 400 147 431 178
person 0.0010 1 160 50 258
person 0.0010 183 170 225 245
pottedplant 0.0088 402 95 427 125
pottedplant 0.0049 443 58 516 150
pottedplant 0.0044 453 15 497 114
pottedplant 0.0042 432 97 508 174
pottedplant 0.0035 468 0 502 101
pottedplant 0.0031 472 68 501 148
pottedplant 0.0030 284 -5 383 48
pottedplant 0.0025 305 0 366 42
pottedplant 0.0021 398 87 433 132
pottedplant 0.0017 411 -7 491 110
pottedplant 0.0016 438 0 523 87
pottedplant 0.0015 172 -7 272 50
pottedplant 0.0014 421 20 540 181
pottedplant 0.0012 162 0 201 21
pottedplant 0.0011 333 -6 370 51
pottedplant 0.0011 192 -1 249 16
pottedplant 0.0010 456 49 492 138
