aeroplane 0.0055 1 0 192 179
boat 0.0015 2 12 191 212
bottle 0.0051 241 303 269 328
bottle 0.0015 243 312 270 335
car 0.0506 214 107 515 327
car 0.0111 406 -1 456 12
car 0.0068 241 101 483 237
car 0.0043 422 158 448 183
car 0.0027 389 0 438 12
car 0.0015 63 53 513 278
car 0.0011 446 129 498 191
car 0.0011 340 138 464 200
car 0.0011 198 173 455 315
car 0.0010 265 136 389 200
chair 0.0052 171 287 267 336
chair 0.0017 148 128 181 215
chair 0.0015 231 174 286 218
chair 0.0011 193 317 247 333
person 0.8632 178 259 262 339
person 0.6847 188 145 257 223
person 0.0662 193 256 243 322
person 0.0274 266 123 295 194
person 0.0264 183 134 296 214
person 0.0258 267 129 292 162
person 0.0253 178 243 218 309
person 0.0207 218 294 267 329
person 0.0167 172 265 232 332
person 0.0096 172 139 232 208
person 0.0092 277 120 308 198
person 0.0086 168 128 273 252
person 0.0080 171 236 238 317
person 0.0079 210 271 270 331
person 0.0072 169 238 206 289
person 0.0071 237 133 276 186
person 0.0068 401 106 423 138
person 0.0067 165 261 206 338
person 0.0059 285 128 305 163
person 0.0056 242 134 274 162
person 0.0045 383 108 409 130
person 0.0043 156 165 267 320
person 0.0043 163 246 322 334
person 0.0041 363 135 390 159
person 0.0039 439 121 463 145
person 0.0030 245 126 308 217
person 0.0027 175 257 197 294
person 0.0024 43 103 457 332
person 0.0020 237 135 340 201
person 0.0018 231 156 284 215
person 0.0018 184 240 215 263
person 0.0016 220 123 297 198
person 0.0016 189 291 285 331
person 0.0016 268 138 290 177
person 0.0015 214 139 263 207
person 0.0015 172 270 200 301
person 0.0015 204 133 244 191
person 0.0014 201 285 239 313
person 0.0012 480 103 499 139
person 0.0012 458 123 488 146
person 0.0012 260 112 298 160
person 0.0012 188 254 209 296
person 0.0011 204 272 237 302
person 0.0011 178 178 253 247
person 0.0010 263 146 299 225
person 0.0010 163 135 336 298
pottedplant 0.0045 204 236 232 261
pottedplant 0.0029 197 226 237 272
pottedplant 0.0014 279 97 310 119
train 0.0142 -20 3 290 226
train 0.0042 37 27 461 254
train 0.0014 74 37 272 192
tvmonitor 0.0040 144 135 181 187
