boat 0.0035 401 125 423 150
boat 0.0021 399 95 425 119
boat 0.0013 393 88 426 155
boat 0.0012 392 70 434 124
bus 0.2419 115 82 218 137
bus 0.0245 299 84 343 135
bus 0.0050 103 60 261 157
bus 0.0011 157 84 251 144
car 0.5797 140 151 429 243
car 0.0810 294 114 341 131
car 0.0746 320 111 348 131
car 0.0139 217 178 426 251
car 0.0103 179 164 395 223
car 0.0087 476 68 501 91
car 0.0055 458 108 490 129
car 0.0026 476 58 502 85
car 0.0017 458 102 490 120
car 0.0016 313 105 353 134
car 0.0014 473 99 501 121
car 0.0012 304 96 335 126
car 0.0010 473 52 502 110
person 0.4981 205 104 235 161
person 0.0547 260 154 303 189
person 0.0324 286 111 314 130
person 0.0148 211 99 231 145
person 0.0083 262 150 297 174
person 0.0076 275 158 315 183
person 0.0058 301 159 330 184
person 0.0040 240 154 289 194
person 0.0037 220 150 356 196
person 0.0035 263 169 291 196
person 0.0026 277 151 311 173
person 0.0022 188 103 254 161
person 0.0022 265 99 291 124
person 0.0020 401 134 426 154
person 0.0020 221 94 251 151
person 0.0020 246 160 279 189
person 0.0019 226 105 249 136
person 0.0017 264 109 294 129
person 0.0016 281 173 313 194
person 0.0013 255 165 300 200
person 0.0012 191 87 222 158
person 0.0012 204 131 232 158
person 0.0012 246 98 271 125
person 0.0010 284 121 315 141
