bottle 0.0137 265 166 303 217
bottle 0.0029 2 156 39 208
bottle 0.0019 211 163 253 199
bottle 0.0013 169 120 191 144
bottle 0.0011 268 138 301 205
diningtable 0.0027 302 155 370 216
dog 0.0230 94 163 226 207
dog 0.0124 84 113 244 217
dog 0.0122 120 141 207 195
dog 0.0025 138 176 186 208
dog 0.0012 140 109 219 193
dog 0.0011 124 169 205 212
dog 0.0010 59 136 177 197
dog 0.0010 106 149 188 213
person 0.9040 367 63 435 226
person 0.8775 207 66 317 223
person 0.5052 28 71 148 218
person 0.4981 133 56 227 203
person 0.2783 -5 59 58 228
person 0.2179 139 65 217 147
person 0.2132 291 72 374 186
person 0.0952 91 73 235 151
person 0.0934 -1 78 102 251
person 0.0610 57 71 128 147
person 0.0607 388 97 454 227
person 0.0542 305 63 406 223
person 0.0513 364 72 446 151
person 0.0446 91 70 355 223
person 0.0436 427 78 447 147
person 0.0336 56 69 187 158
person 0.0294 121 105 241 222
person 0.0266 0 67 55 143
person 0.0234 -24 91 265 240
person 0.0156 6 58 76 123
person 0.0119 427 82 448 201
person 0.0116 207 75 311 132
person 0.0095 0 67 20 176
person 0.0089 -2 169 51 243
person 0.0086 188 70 331 157
person 0.0086 137 139 222 197
person 0.0058 70 87 150 155
person 0.0056 364 145 446 212
person 0.0052 218 85 305 166
person 0.0050 2 87 76 157
person 0.0049 429 88 447 116
person 0.0039 228 114 357 253
person 0.0039 318 70 386 150
person 0.0037 112 61 198 122
person 0.0034 126 84 200 163
person 0.0024 303 124 421 244
person 0.0024 38 106 139 188
person 0.0022 430 116 448 147
person 0.0021 425 59 447 126
person 0.0021 6 55 42 113
person 0.0021 -5 43 94 140
person 0.0020 71 71 113 116
person 0.0019 362 61 441 117
person 0.0019 178 80 407 252
person 0.0019 122 113 202 182
person 0.0018 0 147 23 253
person 0.0017 0 58 23 127
person 0.0016 57 73 98 133
person 0.0016 148 64 241 121
person 0.0014 -51 49 155 245
person 0.0014 375 51 470 167
person 0.0013 428 143 448 218
person 0.0012 404 67 444 156
person 0.0012 116 113 142 132
person 0.0012 155 52 290 169
person 0.0012 219 122 303 208
person 0.0011 45 127 119 206
person 0.0011 249 63 326 116
person 0.0011 427 188 448 213
person 0.0011 72 69 167 113
person 0.0011 318 126 390 203
person 0.0010 0 88 16 117
person 0.0010 146 129 299 238
person 0.0010 151 150 240 212
person 0.0010 427 82 447 107
person 0.0010 -15 151 64 260
pottedplant 0.0025 101 1 155 30
sofa 0.0090 0 104 308 227
sofa 0.0021 22 125 220 243
