aeroplane 0.0127 32 45 156 90
aeroplane 0.0042 49 44 237 87
aeroplane 0.0018 27 16 183 86
aeroplane 0.0014 33 59 215 93
aeroplane 0.0012 115 71 172 85
aeroplane 0.0012 118 58 168 75
aeroplane 0.0011 95 71 153 85
car 0.0408 -3 67 28 87
car 0.0218 0 68 52 86
car 0.0053 0 56 26 81
car 0.0027 -5 60 56 93
motorbike 0.6940 179 101 340 214
motorbike 0.1253 202 138 365 226
motorbike 0.0022 102 75 398 240
motorbike 0.0012 185 105 259 223
person 0.8970 203 62 313 214
person 0.1350 219 113 336 211
person 0.0038 208 64 295 149
person 0.0021 232 68 323 176
person 0.0019 181 112 262 200
