car 0.8963 -1 108 106 207
car 0.8069 79 77 420 297
car 0.0135 13 89 156 228
car 0.0113 207 109 445 269
car 0.0076 -34 92 89 227
car 0.0067 122 96 378 237
car 0.0044 -125 67 240 250
car 0.0038 -12 112 113 164
car 0.0038 1 76 22 105
car 0.0037 16 113 80 192
car 0.0029 183 110 313 162
car 0.0021 -1 107 24 137
car 0.0019 42 129 168 202
car 0.0015 79 100 266 274
car 0.0015 -8 138 70 223
person 0.0020 48 109 87 133
person 0.0018 69 109 101 131
person 0.0018 262 123 296 149
person 0.0016 10 122 43 148
pottedplant 0.0045 1 61 22 98
pottedplant 0.0016 -1 10 25 122
