bottle 0.0114 0 72 37 268
bottle 0.0034 2 65 28 182
bottle 0.0016 0 -5 19 141
car 0.8182 69 356 260 469
car 0.0781 262 359 328 454
car 0.0291 255 397 332 470
car 0.0284 201 368 274 449
car 0.0226 292 386 333 441
car 0.0225 40 311 292 496
car 0.0132 66 373 203 453
car 0.0118 142 370 279 459
car 0.0080 290 403 338 459
car 0.0066 222 386 327 445
car 0.0061 313 384 333 481
car 0.0050 298 411 331 489
car 0.0036 133 361 297 521
car 0.0035 172 391 265 472
car 0.0032 72 394 157 465
car 0.0031 288 347 337 444
car 0.0030 250 319 340 479
car 0.0030 316 409 332 456
car 0.0023 272 314 330 428
car 0.0018 274 399 302 428
car 0.0018 254 389 294 442
car 0.0017 241 359 349 525
car 0.0017 60 369 159 419
car 0.0016 236 397 303 480
car 0.0016 280 400 322 429
car 0.0016 269 390 310 439
car 0.0014 245 385 279 440
car 0.0014 295 417 332 445
car 0.0013 259 399 290 430
car 0.0013 113 362 231 426
car 0.0011 283 380 317 405
car 0.0011 211 359 313 433
car 0.0010 67 346 150 404
car 0.0010 55 364 126 448
chair 0.0165 137 123 208 238
chair 0.0158 152 131 226 203
chair 0.0055 312 242 334 349
chair 0.0026 198 136 218 220
chair 0.0022 197 136 279 228
chair 0.0022 68 157 124 268
chair 0.0019 303 263 331 412
chair 0.0017 139 130 157 165
chair 0.0015 79 115 140 299
chair 0.0013 1 -5 29 138
chair 0.0010 0 84 60 202
person 0.0273 -2 61 41 347
person 0.0072 0 113 30 289
person 0.0016 107 361 135 389
person 0.0013 139 120 155 207
person 0.0012 3 0 31 23
person 0.0012 123 376 146 408
person 0.0011 94 360 123 389
person 0.0011 303 282 328 430
person 0.0010 -1 -1 17 28
person 0.0010 314 311 334 437
tvmonitor 0.1145 86 151 128 282
tvmonitor 0.0381 296 165 333 240
tvmonitor 0.0149 208 148 286 265
tvmonitor 0.0073 208 140 278 217
tvmonitor 0.0064 215 161 259 279
tvmonitor 0.0022 0 315 20 392
tvmonitor 0.0021 207 190 276 287
