bird 0.2558 106 177 186 239
bird 0.2277 99 176 143 218
bird 0.2050 134 187 192 232
bird 0.1537 208 181 233 212
bird 0.1141 84 187 134 225
bird 0.0830 93 180 122 211
bird 0.0316 142 209 187 235
bird 0.0272 143 179 183 208
bird 0.0222 106 190 137 222
bird 0.0215 69 211 105 234
bird 0.0198 122 181 167 207
bird 0.0188 116 160 210 229
bird 0.0188 204 195 235 218
bird 0.0179 141 195 185 222
bird 0.0171 117 186 175 226
bird 0.0161 80 172 174 220
bird 0.0142 178 173 231 215
bird 0.0099 162 183 198 209
bird 0.0079 124 193 164 219
bird 0.0071 -7 187 63 256
bird 0.0065 156 189 199 228
bird 0.0055 58 185 154 229
bird 0.0055 120 200 202 242
bird 0.0050 184 181 224 208
bird 0.0034 108 169 138 194
bird 0.0031 10 177 46 212
bird 0.0031 204 169 233 196
bird 0.0022 79 212 129 231
bird 0.0022 125 171 164 192
bird 0.0021 26 181 63 203
bird 0.0018 202 153 234 213
bird 0.0017 162 171 203 191
bird 0.0017 73 196 105 223
bird 0.0016 154 168 245 219
bird 0.0013 91 170 124 194
bird 0.0013 45 163 145 222
bird 0.0012 81 153 209 271
bird 0.0012 102 161 143 204
bird 0.0011 3 196 99 285
bird 0.0010 19 175 67 215
bird 0.0010 157 198 197 245
bird 0.0010 202 143 241 161
car 0.0053 0 87 54 103
car 0.0045 0 82 24 109
car 0.0015 16 84 74 100
chair 0.0256 314 112 498 324
chair 0.0151 383 91 502 284
chair 0.0100 406 134 493 229
chair 0.0037 356 192 517 341
chair 0.0021 391 167 493 254
chair 0.0010 402 128 501 176
diningtable 0.0010 274 93 533 338
dog 0.0634 337 226 420 323
dog 0.0408 320 219 475 328
dog 0.0014 320 150 416 349
person 0.0297 14 172 44 196
person 0.0256 15 178 40 204
person 0.0055 2 177 21 208
person 0.0031 7 164 52 201
person 0.0024 360 0 444 84
sheep 0.2058 -5 201 65 246
sheep 0.0344 43 212 88 232
sheep 0.0293 30 207 63 239
sheep 0.0241 2 186 52 233
sheep 0.0047 -5 195 59 287
sheep 0.0035 21 213 74 258
sheep 0.0034 4 209 53 238
sheep 0.0019 -2 199 31 246
sheep 0.0012 9 219 45 251
sheep 0.0012 19 199 114 243
