bicycle 0.0047 82 36 176 90
bicycle 0.0024 141 50 182 86
bottle 0.0017 320 161 360 233
chair 0.3188 102 168 261 310
chair 0.0214 -7 198 66 288
chair 0.0170 201 172 280 263
chair 0.0092 48 158 222 322
chair 0.0083 225 161 436 314
chair 0.0082 162 163 249 275
chair 0.0074 196 209 283 274
chair 0.0066 161 220 260 317
chair 0.0065 4 205 190 333
chair 0.0059 129 205 364 324
chair 0.0050 171 153 313 285
chair 0.0039 134 168 226 252
chair 0.0039 132 209 230 312
chair 0.0038 242 162 340 226
chair 0.0037 5 213 96 310
chair 0.0033 120 253 228 331
chair 0.0027 235 208 343 279
chair 0.0020 149 258 274 330
chair 0.0020 38 225 153 313
chair 0.0019 80 233 265 339
chair 0.0019 214 175 306 243
chair 0.0019 190 230 306 307
chair 0.0016 317 195 483 328
chair 0.0014 49 181 144 258
chair 0.0014 0 188 102 261
chair 0.0014 -13 190 121 298
chair 0.0013 210 185 267 238
chair 0.0012 228 262 348 326
chair 0.0011 124 192 201 279
chair 0.0010 231 234 345 301
diningtable 0.0015 36 193 462 339
dog 0.0226 103 38 154 78
dog 0.0028 81 34 170 82
horse 0.0071 66 42 187 92
horse 0.0016 94 47 153 87
person 0.8348 117 111 242 323
person 0.5159 274 133 457 302
person 0.0273 122 35 157 79
person 0.0176 80 119 207 273
person 0.0156 55 102 291 331
person 0.0097 19 140 181 294
person 0.0076 111 43 142 70
person 0.0068 129 34 155 60
person 0.0066 151 54 176 84
person 0.0056 123 126 215 207
person 0.0051 -16 105 132 279
person 0.0047 280 152 367 232
person 0.0030 475 311 501 333
person 0.0030 91 55 118 80
person 0.0025 454 311 491 333
person 0.0022 350 134 447 248
person 0.0014 98 135 177 248
person 0.0013 431 314 473 332
person 0.0012 126 53 161 80
person 0.0012 325 135 424 210
person 0.0011 295 87 440 251
person 0.0011 146 44 174 73
person 0.0010 370 154 511 326
person 0.0010 114 35 142 59
person 0.0010 166 156 488 326
pottedplant 0.0726 309 147 359 196
pottedplant 0.0359 35 119 101 199
pottedplant 0.0241 288 139 367 205
pottedplant 0.0108 320 156 350 184
pottedplant 0.0035 439 181 503 289
pottedplant 0.0031 333 150 372 170
pottedplant 0.0017 10 103 118 231
pottedplant 0.0017 326 154 376 190
pottedplant 0.0017 300 140 409 182
pottedplant 0.0017 324 144 379 178
pottedplant 0.0016 311 115 353 180
pottedplant 0.0015 19 118 148 176
pottedplant 0.0013 26 145 108 225
pottedplant 0.0013 323 166 354 199
pottedplant 0.0013 296 104 377 191
pottedplant 0.0012 335 159 370 183
pottedplant 0.0012 294 140 349 181
tvmonitor 0.0092 -3 206 27 261
tvmonitor 0.0071 -1 212 51 255
tvmonitor 0.0046 -1 218 20 252
tvmonitor 0.0032 0 200 87 272
