aeroplane 0.0062 38 140 211 228
aeroplane 0.0042 35 177 229 245
aeroplane 0.0016 -42 97 389 326
aeroplane 0.0015 0 132 204 289
aeroplane 0.0015 0 158 171 245
boat 0.0039 11 159 127 245
boat 0.0017 1 195 107 297
boat 0.0013 -16 154 132 343
boat 0.0012 28 188 65 217
boat 0.0012 5 192 47 289
boat 0.0011 17 230 107 345
car 0.7071 -9 161 509 414
car 0.0391 67 177 355 403
car 0.0191 403 227 460 290
car 0.0176 397 217 471 355
car 0.0168 403 214 463 266
car 0.0085 0 274 21 319
car 0.0083 476 205 500 349
car 0.0067 61 209 110 232
car 0.0066 209 182 442 400
car 0.0053 478 238 500 284
car 0.0046 323 199 471 381
car 0.0043 0 237 23 357
car 0.0039 0 255 20 303
car 0.0039 386 217 489 293
car 0.0035 80 207 129 229
car 0.0034 409 241 454 276
car 0.0024 54 234 444 493
car 0.0023 433 208 504 350
car 0.0020 43 209 92 233
car 0.0016 -1 240 23 285
car 0.0014 0 218 28 304
car 0.0013 114 174 307 254
car 0.0012 16 184 184 388
car 0.0011 443 221 500 298
car 0.0010 22 191 151 247
car 0.0010 -6 88 428 335
person 0.0089 318 204 353 232
person 0.0050 338 202 369 235
person 0.0024 297 206 337 232
