bottle 0.0016 192 66 213 103
bottle 0.0014 208 69 233 97
bottle 0.0010 189 54 218 116
bus 0.0435 148 61 505 338
cat 0.4088 7 99 338 423
cat 0.0436 54 180 290 403
cat 0.0058 91 45 407 354
cat 0.0047 170 116 316 347
cat 0.0017 144 105 275 301
cat 0.0015 1 283 268 403
cat 0.0011 200 141 274 272
person 0.0595 -16 99 285 422
person 0.0060 423 210 449 238
pottedplant 0.0083 275 165 321 192
pottedplant 0.0025 294 163 335 186
tvmonitor 0.0898 242 84 487 313
tvmonitor 0.0208 275 165 459 361
tvmonitor 0.0078 -25 135 140 328
tvmonitor 0.0017 6 181 109 281
tvmonitor 0.0016 357 103 510 296
tvmonitor 0.0015 316 239 488 399
tvmonitor 0.0010 -23 53 137 226
