bird 0.0023 136 117 223 303
boat 0.0022 73 41 137 82
boat 0.0015 23 31 148 94
cow 0.5761 244 142 349 240
cow 0.0223 331 144 368 209
cow 0.0051 273 161 366 246
cow 0.0040 313 152 365 200
cow 0.0015 292 146 377 209
cow 0.0013 122 78 453 290
cow 0.0012 252 158 307 224
dog 0.0015 210 159 359 305
person 0.0013 400 145 421 183
person 0.0012 -4 -1 26 21
sheep 0.6324 164 122 231 231
sheep 0.1519 142 129 223 198
sheep 0.0201 175 115 224 183
sheep 0.0167 162 154 244 257
sheep 0.0106 167 121 203 255
sheep 0.0052 217 148 309 231
sheep 0.0036 186 144 216 177
sheep 0.0025 185 156 213 196
sheep 0.0025 342 190 371 213
sheep 0.0022 159 137 278 218
sheep 0.0019 233 154 284 223
sheep 0.0014 168 156 199 195
sheep 0.0012 167 142 339 276
sheep 0.0012 167 148 200 177
sheep 0.0011 339 155 364 196
sheep 0.0010 338 177 370 204
