bird 0.7271 350 142 440 237
bird 0.6521 271 291 367 368
bird 0.1935 192 78 289 168
bird 0.0998 225 91 288 148
bird 0.0462 179 57 218 130
bird 0.0434 360 152 430 211
bird 0.0192 257 242 403 374
bird 0.0166 339 149 414 268
bird 0.0157 171 55 203 128
bird 0.0139 172 63 270 150
bird 0.0122 342 232 370 300
bird 0.0119 381 161 438 229
bird 0.0108 366 160 424 253
bird 0.0074 348 150 398 209
bird 0.0065 82 4 163 67
bird 0.0051 340 138 446 342
bird 0.0046 83 39 181 102
bird 0.0039 174 42 233 173
bird 0.0037 90 54 188 130
bird 0.0030 110 58 175 103
bird 0.0029 355 201 440 279
bird 0.0028 110 12 173 58
bird 0.0028 55 1 159 99
bird 0.0024 147 48 294 167
bird 0.0023 222 275 373 378
bird 0.0023 293 290 346 360
bird 0.0021 355 151 389 178
bird 0.0019 274 196 463 358
bird 0.0018 198 86 240 158
bird 0.0017 345 234 371 269
bird 0.0016 49 -2 159 45
bird 0.0015 237 103 280 135
bird 0.0013 75 1 140 39
bird 0.0013 172 72 197 111
bird 0.0012 113 46 177 87
bird 0.0012 196 68 610 308
bird 0.0011 321 230 421 308
bird 0.0011 346 143 445 193
bird 0.0011 368 166 419 192
bird 0.0010 185 70 213 114
cow 0.0057 449 83 498 124
dog 0.0086 169 69 315 176
person 0.0143 186 54 220 189
person 0.0023 177 81 269 167
pottedplant 0.0441 0 65 96 146
pottedplant 0.0185 322 23 407 124
pottedplant 0.0148 -7 -7 124 156
pottedplant 0.0138 396 27 491 110
pottedplant 0.0134 317 4 489 137
pottedplant 0.0122 351 33 434 126
pottedplant 0.0077 435 1 503 99
pottedplant 0.0077 -7 20 64 126
pottedplant 0.0070 349 64 400 119
pottedplant 0.0034 354 3 452 85
pottedplant 0.0031 -1 5 116 83
pottedplant 0.0026 215 -2 268 47
pottedplant 0.0026 39 61 154 141
pottedplant 0.0022 315 6 414 83
pottedplant 0.0020 365 47 420 111
pottedplant 0.0020 44 4 149 89
pottedplant 0.0017 -4 42 31 143
pottedplant 0.0017 338 46 380 114
pottedplant 0.0015 311 -10 418 48
pottedplant 0.0015 -33 2 68 83
pottedplant 0.0014 -36 36 94 161
pottedplant 0.0012 375 -18 509 112
pottedplant 0.0012 375 0 488 72
pottedplant 0.0011 278 21 452 179
pottedplant 0.0011 445 4 495 67
pottedplant 0.0011 0 88 55 152
pottedplant 0.0010 277 1 374 83
pottedplant 0.0010 -64 -33 102 120
sheep 0.0373 452 76 497 117
sheep 0.0209 168 50 207 108
sheep 0.0040 165 55 203 79
sheep 0.0030 137 57 182 101
sheep 0.0014 142 55 183 76
