bicycle 0.0785 -8 363 189 502
bicycle 0.0401 5 180 328 547
bicycle 0.0079 58 401 172 493
bicycle 0.0048 129 395 196 495
bicycle 0.0028 -21 340 302 541
bicycle 0.0014 57 323 222 476
bicycle 0.0013 101 358 229 520
bicycle 0.0013 69 436 161 504
bicycle 0.0011 59 464 183 506
chair 0.0018 30 438 148 503
chair 0.0013 3 380 69 495
chair 0.0011 212 230 326 506
chair 0.0010 15 412 101 493
chair 0.0010 122 402 194 495
chair 0.0010 9 237 116 493
person 0.7984 59 24 325 398
person 0.5914 -8 13 239 486
person 0.0230 172 32 314 237
person 0.0090 151 1 286 342
person 0.0066 48 157 336 493
person 0.0048 65 96 218 400
person 0.0039 119 133 268 441
person 0.0031 7 142 117 436
person 0.0019 249 12 341 260
person 0.0019 6 272 174 464
person 0.0018 320 406 335 496
person 0.0014 320 426 334 473
person 0.0012 197 43 292 153
person 0.0011 213 88 323 333
person 0.0011 59 -3 171 194
person 0.0010 236 73 303 199
pottedplant 0.0021 310 -2 336 60
pottedplant 0.0010 315 3 333 49
tvmonitor 0.0016 210 299 329 498
