car 0.5478 23 156 405 268
car 0.0344 14 90 484 271
car 0.0112 64 180 284 246
car 0.0101 149 -1 347 44
car 0.0097 -3 -1 114 43
car 0.0096 122 -9 320 28
car 0.0060 148 169 347 261
car 0.0037 9 -41 413 207
car 0.0034 284 0 449 48
car 0.0025 100 12 322 72
car 0.0023 203 147 444 285
car 0.0020 0 -3 56 50
car 0.0019 155 -11 421 111
car 0.0017 394 171 424 242
car 0.0016 0 -1 57 16
car 0.0014 71 -7 353 96
car 0.0014 160 180 205 201
car 0.0013 87 -2 277 50
car 0.0011 262 175 390 264
car 0.0011 -13 0 32 18
car 0.0011 -7 6 141 70
person 0.0029 399 222 427 255
person 0.0023 213 -1 266 17
person 0.0013 13 -8 175 41
person 0.0012 229 -1 288 17
