boat 0.0059 202 244 243 265
boat 0.0046 271 213 383 282
boat 0.0040 230 218 350 266
boat 0.0022 245 224 272 255
boat 0.0020 343 217 405 258
boat 0.0018 223 241 257 266
boat 0.0017 238 238 274 262
boat 0.0015 220 254 260 273
boat 0.0013 197 234 249 269
boat 0.0013 297 187 337 261
boat 0.0012 335 166 414 252
boat 0.0012 241 182 414 304
bus 0.0068 154 201 202 272
car 0.8795 386 243 479 305
car 0.0106 375 221 492 321
car 0.0087 391 242 430 262
car 0.0079 379 237 406 262
car 0.0043 75 205 99 234
car 0.0020 449 254 493 276
car 0.0019 424 244 477 261
car 0.0014 444 256 496 301
car 0.0014 358 238 393 262
car 0.0013 131 207 208 278
car 0.0011 405 242 459 261
car 0.0011 474 254 500 279
car 0.0011 388 268 496 321
car 0.0010 338 238 373 262
person 0.0026 73 204 108 270
person 0.0016 354 226 395 251
person 0.0010 0 179 19 296
train 0.0031 125 199 201 275
