bottle 0.0102 77 86 104 159
bottle 0.0059 347 234 368 267
bottle 0.0042 115 126 138 153
bottle 0.0042 326 236 347 270
bottle 0.0021 76 60 98 131
bottle 0.0016 78 70 95 115
bottle 0.0016 324 244 344 285
bottle 0.0014 310 231 326 275
bottle 0.0014 77 62 94 98
bottle 0.0012 319 235 348 293
bottle 0.0011 152 89 175 125
bottle 0.0010 80 72 121 144
bus 0.0077 69 172 507 373
bus 0.0015 186 202 389 343
car 0.0128 478 46 498 82
car 0.0086 475 20 499 110
car 0.0047 379 236 404 263
car 0.0016 479 60 499 100
cat 0.0012 122 94 454 337
chair 0.0081 3 155 187 332
chair 0.0061 477 43 500 143
chair 0.0019 230 307 424 368
chair 0.0016 39 6 154 78
chair 0.0011 -9 30 136 227
chair 0.0010 314 66 391 152
chair 0.0010 334 75 379 141
chair 0.0010 294 286 413 363
person 0.2504 400 38 432 114
person 0.1006 410 30 442 124
person 0.0461 213 68 291 247
person 0.0281 463 248 483 281
person 0.0208 226 70 282 186
person 0.0150 245 245 274 317
person 0.0112 280 240 313 318
person 0.0079 401 12 435 93
person 0.0074 398 64 425 118
person 0.0073 477 113 500 275
person 0.0068 209 185 241 321
person 0.0057 223 247 258 315
person 0.0051 261 245 293 314
person 0.0044 215 185 255 290
person 0.0042 482 233 498 274
person 0.0040 454 40 491 117
person 0.0039 360 237 386 260
person 0.0035 477 247 498 284
person 0.0032 416 36 441 68
person 0.0030 474 89 498 214
person 0.0030 474 218 499 311
person 0.0028 441 252 464 280
person 0.0027 0 336 22 370
person 0.0026 233 74 278 144
person 0.0026 1 210 27 350
person 0.0023 476 200 500 274
person 0.0023 385 12 440 123
person 0.0021 433 42 468 112
person 0.0021 380 227 407 255
person 0.0019 15 188 179 360
person 0.0019 -1 -1 22 158
person 0.0019 378 29 412 104
person 0.0019 417 43 440 85
person 0.0019 301 227 328 307
person 0.0018 248 277 269 315
person 0.0017 410 24 443 82
person 0.0017 459 240 489 292
person 0.0015 481 219 499 260
person 0.0015 17 42 161 277
person 0.0014 141 71 282 243
person 0.0013 -1 183 20 319
person 0.0013 250 257 270 306
person 0.0012 90 133 120 161
person 0.0012 206 201 272 331
person 0.0011 451 10 489 91
person 0.0011 -1 103 24 257
person 0.0011 441 176 462 210
person 0.0010 200 72 292 140
person 0.0010 404 38 424 92
person 0.0010 452 226 492 280
person 0.0010 442 46 463 82
pottedplant 0.0390 200 89 296 344
pottedplant 0.0140 224 103 289 231
pottedplant 0.0103 294 113 335 160
pottedplant 0.0097 279 105 446 268
pottedplant 0.0087 312 144 419 232
pottedplant 0.0062 49 295 143 372
pottedplant 0.0056 213 191 256 250
pottedplant 0.0045 31 332 158 383
pottedplant 0.0043 234 152 276 238
pottedplant 0.0040 213 152 282 279
pottedplant 0.0034 140 295 189 353
pottedplant 0.0034 382 89 410 119
pottedplant 0.0033 320 126 350 153
pottedplant 0.0029 57 332 114 377
pottedplant 0.0028 200 6 247 70
pottedplant 0.0026 289 142 383 219
pottedplant 0.0026 77 334 133 373
pottedplant 0.0026 243 194 270 227
pottedplant 0.0025 288 118 314 151
pottedplant 0.0025 224 195 252 229
pottedplant 0.0024 103 54 396 377
pottedplant 0.0022 315 11 394 87
pottedplant 0.0021 285 108 320 164
pottedplant 0.0021 382 67 414 119
pottedplant 0.0019 99 359 149 375
pottedplant 0.0019 80 355 130 375
pottedplant 0.0018 312 151 360 209
pottedplant 0.0018 295 94 332 149
pottedplant 0.0018 301 107 326 140
pottedplant 0.0018 203 189 245 233
pottedplant 0.0016 157 91 495 340
pottedplant 0.0015 58 355 113 376
pottedplant 0.0015 97 332 149 376
pottedplant 0.0015 289 105 312 143
pottedplant 0.0014 216 157 263 235
pottedplant 0.0014 121 310 168 368
pottedplant 0.0014 329 21 381 77
pottedplant 0.0014 98 302 189 375
pottedplant 0.0013 146 89 273 284
pottedplant 0.0013 475 2 502 70
pottedplant 0.0013 245 136 321 235
pottedplant 0.0012 350 146 399 214
pottedplant 0.0012 214 92 358 281
pottedplant 0.0012 312 113 356 160
pottedplant 0.0012 312 179 416 255
pottedplant 0.0012 304 135 331 167
pottedplant 0.0011 323 137 349 167
pottedplant 0.0011 329 148 380 212
pottedplant 0.0010 130 325 159 353
pottedplant 0.0010 210 295 236 320
pottedplant 0.0010 293 147 340 213
pottedplant 0.0010 479 17 499 55
tvmonitor 0.0023 28 10 160 192
tvmonitor 0.0018 43 55 145 144
tvmonitor 0.0018 52 295 89 355
tvmonitor 0.0010 92 60 253 259
