car 0.0015 316 297 333 335
chair 0.3658 162 234 261 417
chair 0.0112 231 266 260 326
chair 0.0065 169 238 256 310
chair 0.0063 175 303 250 422
chair 0.0024 3 317 26 386
chair 0.0023 228 272 249 314
chair 0.0016 165 282 319 427
chair 0.0015 225 270 254 360
chair 0.0014 -1 308 18 394
chair 0.0012 196 318 289 414
chair 0.0011 198 265 283 386
chair 0.0010 225 257 253 306
person 0.0324 144 231 255 432
person 0.0161 182 228 239 296
person 0.0125 173 237 250 323
tvmonitor 0.3217 52 130 170 291
tvmonitor 0.0452 39 151 151 253
tvmonitor 0.0070 15 86 214 411
tvmonitor 0.0041 33 245 197 406
tvmonitor 0.0033 41 152 100 265
tvmonitor 0.0016 155 253 194 303
tvmonitor 0.0015 54 291 176 368
