bottle 0.0198 341 2 466 181
bottle 0.0169 263 48 300 171
bottle 0.0080 480 123 501 223
bottle 0.0077 248 71 320 156
bottle 0.0064 247 32 408 199
bottle 0.0025 192 59 285 159
bottle 0.0024 273 67 312 174
bottle 0.0019 279 72 370 157
bus 0.0284 333 11 459 221
cat 0.5884 0 35 267 299
cat 0.0132 78 75 257 260
cat 0.0097 -36 107 381 328
cat 0.0096 8 123 183 311
cat 0.0030 52 48 215 185
cat 0.0012 115 109 308 277
chair 0.0070 214 68 292 156
chair 0.0014 375 89 504 236
chair 0.0012 235 6 338 71
chair 0.0011 479 179 499 217
chair 0.0010 267 12 365 103
diningtable 0.0064 131 -5 522 237
person 0.0050 481 167 500 206
person 0.0040 45 31 454 302
person 0.0030 476 156 501 238
person 0.0021 477 89 500 207
person 0.0013 330 -7 472 142
person 0.0012 26 120 396 367
pottedplant 0.0024 482 152 499 195
pottedplant 0.0017 391 175 434 223
pottedplant 0.0012 479 108 501 214
sofa 0.0043 35 67 464 317
train 0.0134 217 -16 512 248
train 0.0021 342 47 479 237
train 0.0017 272 17 460 214
