bottle 0.0055 246 27 272 89
bottle 0.0021 251 35 268 80
bottle 0.0010 266 39 286 73
chair 0.0037 8 195 117 334
chair 0.0031 317 145 492 332
chair 0.0025 12 255 99 330
person 0.8718 272 53 370 333
person 0.8705 156 62 264 328
person 0.7576 7 43 122 335
person 0.7105 332 48 494 334
person 0.6393 123 88 220 339
person 0.3173 440 38 501 152
person 0.1882 187 90 297 337
person 0.1612 68 55 204 330
person 0.0798 1 74 48 140
person 0.0778 23 51 153 235
person 0.0619 0 69 26 146
person 0.0555 223 48 429 337
person 0.0540 111 47 312 338
person 0.0517 431 56 509 276
person 0.0362 86 50 157 138
person 0.0318 5 69 42 198
person 0.0254 131 49 233 241
person 0.0237 -46 99 162 334
person 0.0214 138 57 211 129
person 0.0122 -9 70 64 314
person 0.0118 414 61 485 167
person 0.0111 0 52 19 117
person 0.0102 0 88 26 205
person 0.0095 284 115 439 318
person 0.0090 477 60 502 181
person 0.0090 6 74 97 160
person 0.0072 382 46 496 240
person 0.0064 476 103 500 242
person 0.0056 374 140 499 337
person 0.0053 438 77 498 189
person 0.0052 424 105 444 135
person 0.0052 -13 59 128 186
person 0.0050 165 49 256 131
person 0.0047 54 61 144 128
person 0.0045 22 73 71 122
person 0.0043 165 143 262 245
person 0.0040 389 33 506 156
person 0.0039 472 24 499 119
person 0.0037 161 52 206 117
person 0.0036 291 45 442 237
person 0.0036 452 37 498 105
person 0.0035 0 130 20 265
person 0.0032 271 132 371 248
person 0.0031 252 76 333 153
person 0.0030 1 85 19 129
person 0.0030 248 38 278 102
person 0.0025 300 64 337 127
person 0.0025 -12 69 74 128
person 0.0023 204 68 275 159
person 0.0023 478 -6 500 94
person 0.0023 43 74 91 116
person 0.0022 119 51 162 119
person 0.0021 276 69 315 147
person 0.0021 420 94 441 125
person 0.0019 241 140 352 335
person 0.0018 360 71 447 155
person 0.0018 142 51 278 188
person 0.0018 274 62 325 105
person 0.0018 426 108 478 160
person 0.0017 69 55 194 181
person 0.0017 420 93 450 149
person 0.0016 0 191 23 331
person 0.0015 335 43 475 193
person 0.0015 273 18 532 265
person 0.0015 414 81 444 135
person 0.0014 219 54 266 140
person 0.0014 185 181 249 307
person 0.0014 11 92 41 125
person 0.0014 232 58 347 234
person 0.0014 52 2 158 64
person 0.0013 53 81 83 109
person 0.0013 13 58 101 126
person 0.0012 326 120 351 148
person 0.0012 102 46 144 168
person 0.0012 49 74 87 95
person 0.0012 88 141 185 336
person 0.0011 1 129 23 165
person 0.0011 135 161 212 275
person 0.0011 180 217 264 333
person 0.0010 -37 28 229 255
person 0.0010 338 69 374 125
person 0.0010 322 74 407 155
person 0.0010 148 51 182 116
person 0.0010 102 46 149 97
person 0.0010 221 39 256 101
