bird 0.0017 319 50 352 74
boat 0.0087 125 137 159 162
boat 0.0059 147 102 277 157
boat 0.0050 143 157 279 210
boat 0.0046 347 99 463 163
boat 0.0038 193 99 308 161
boat 0.0036 392 90 495 166
boat 0.0033 110 130 237 193
boat 0.0032 230 157 348 220
boat 0.0032 389 126 497 192
boat 0.0030 353 70 457 135
boat 0.0029 230 126 350 191
boat 0.0028 111 106 233 157
boat 0.0027 74 120 271 254
boat 0.0026 358 56 526 206
boat 0.0024 117 131 165 169
boat 0.0023 409 138 450 193
boat 0.0022 192 78 309 133
boat 0.0022 111 140 143 164
boat 0.0021 180 98 227 147
boat 0.0018 75 125 192 191
boat 0.0018 216 107 379 166
boat 0.0018 141 116 261 185
boat 0.0017 451 74 495 143
boat 0.0016 113 67 309 188
boat 0.0016 358 117 465 184
boat 0.0016 76 154 191 223
boat 0.0015 170 151 227 207
boat 0.0015 183 127 296 172
boat 0.0015 26 67 396 307
boat 0.0015 118 156 246 234
boat 0.0014 148 136 177 164
boat 0.0014 432 96 528 167
boat 0.0014 316 94 415 165
boat 0.0013 41 127 151 191
boat 0.0013 391 149 495 223
boat 0.0013 30 157 64 179
boat 0.0013 159 156 203 176
boat 0.0012 192 90 385 223
boat 0.0012 426 81 472 135
boat 0.0012 152 140 289 191
boat 0.0011 209 143 270 162
boat 0.0011 -1 22 26 46
boat 0.0011 28 149 143 209
boat 0.0011 187 106 219 138
boat 0.0010 454 123 489 147
boat 0.0010 145 110 180 135
boat 0.0010 357 114 526 262
bus 0.0021 473 139 500 251
bus 0.0018 435 137 502 249
bus 0.0014 450 209 497 269
bus 0.0010 449 177 500 244
car 0.8543 31 175 545 373
car 0.1224 99 199 399 351
car 0.0260 -41 211 388 392
car 0.0189 405 231 463 267
car 0.0105 227 197 347 241
car 0.0067 26 194 245 358
car 0.0049 477 252 498 283
car 0.0032 380 227 481 274
car 0.0029 248 202 480 342
car 0.0027 -13 182 121 364
car 0.0024 480 260 499 299
car 0.0021 229 210 348 272
car 0.0018 477 243 500 318
car 0.0016 13 193 96 298
car 0.0016 430 225 466 280
car 0.0016 206 200 316 252
car 0.0013 298 224 452 279
car 0.0013 3 169 187 330
car 0.0011 353 226 396 246
car 0.0010 444 255 500 307
car 0.0010 41 210 145 277
car 0.0010 40 222 146 324
person 0.0485 0 202 22 331
person 0.0435 302 206 328 243
person 0.0398 295 200 334 250
person 0.0316 53 219 82 249
person 0.0275 342 210 369 240
person 0.0140 1 169 25 252
person 0.0132 1 214 17 259
person 0.0129 4 189 48 251
person 0.0110 285 209 317 241
person 0.0096 167 220 195 253
person 0.0096 201 194 307 252
person 0.0094 47 201 86 248
person 0.0086 67 213 101 240
person 0.0077 29 194 74 252
person 0.0063 162 202 203 250
person 0.0048 110 220 140 247
person 0.0045 383 205 406 242
person 0.0044 128 220 160 248
person 0.0040 9 164 85 258
person 0.0038 402 203 421 242
person 0.0037 118 203 164 247
person 0.0037 285 219 316 253
person 0.0036 -2 205 62 342
person 0.0036 1 227 19 274
person 0.0029 92 211 119 243
person 0.0026 0 242 17 289
person 0.0026 395 173 428 245
person 0.0024 383 167 411 252
person 0.0024 141 203 188 247
person 0.0024 34 165 64 190
person 0.0024 37 223 65 254
person 0.0023 146 220 183 249
person 0.0023 458 254 486 280
person 0.0021 477 257 500 334
person 0.0021 360 207 390 238
person 0.0019 59 206 106 245
person 0.0019 358 152 389 174
person 0.0019 317 212 352 240
person 0.0018 1 184 19 235
person 0.0017 30 153 67 239
person 0.0016 439 232 459 271
person 0.0013 380 224 407 255
person 0.0012 6 165 107 333
person 0.0012 353 200 396 246
person 0.0012 88 202 126 249
person 0.0011 480 305 499 341
person 0.0011 249 209 301 260
person 0.0010 36 205 65 240
person 0.0010 278 191 360 256
