chair 0.0017 -14 27 92 242
horse 0.7058 92 126 243 444
horse 0.0087 66 213 266 512
horse 0.0037 77 208 165 436
horse 0.0018 120 233 211 346
horse 0.0016 86 307 146 420
horse 0.0011 155 206 275 439
person 0.6093 98 107 230 404
person 0.0473 123 86 168 251
person 0.0395 189 121 205 167
person 0.0082 125 87 188 197
person 0.0067 126 93 170 153
person 0.0055 83 116 159 394
person 0.0034 185 121 209 201
person 0.0030 109 87 218 277
person 0.0019 97 189 188 305
person 0.0015 161 105 210 242
person 0.0012 312 119 331 247
person 0.0010 91 179 144 323
sheep 0.0022 41 421 68 443
sheep 0.0010 -3 28 39 164
