bottle 0.0614 381 243 412 297
bottle 0.0380 385 252 406 288
bottle 0.0102 383 243 405 272
bottle 0.0067 322 59 347 84
bottle 0.0049 324 68 349 91
bottle 0.0012 397 80 424 103
chair 0.2282 318 258 484 325
chair 0.1238 258 209 395 325
chair 0.1148 456 187 492 280
chair 0.0882 403 209 486 316
chair 0.0644 474 189 501 298
chair 0.0608 266 231 327 333
chair 0.0585 396 261 490 330
chair 0.0352 309 256 403 333
chair 0.0332 286 283 451 329
chair 0.0311 436 211 475 277
chair 0.0184 448 216 488 293
chair 0.0180 275 204 373 269
chair 0.0179 421 200 451 267
chair 0.0155 362 229 384 255
chair 0.0146 293 196 342 240
chair 0.0136 307 199 366 240
chair 0.0098 278 185 375 239
chair 0.0080 297 196 339 216
chair 0.0073 409 222 457 288
chair 0.0071 356 226 442 308
chair 0.0071 289 170 443 314
chair 0.0061 288 226 388 286
chair 0.0061 428 191 464 251
chair 0.0056 422 192 486 275
chair 0.0055 352 199 398 215
chair 0.0048 317 233 395 308
chair 0.0045 378 233 411 282
chair 0.0044 315 199 408 273
chair 0.0044 329 248 384 320
chair 0.0042 275 209 313 308
chair 0.0041 385 254 432 314
chair 0.0040 191 246 309 325
chair 0.0037 150 233 353 330
chair 0.0037 374 265 421 325
chair 0.0036 294 210 338 252
chair 0.0033 476 229 500 334
chair 0.0032 479 213 501 251
chair 0.0032 351 198 395 240
chair 0.0032 378 188 501 298
chair 0.0032 274 245 359 342
chair 0.0030 355 209 442 275
chair 0.0029 459 191 516 295
chair 0.0027 270 303 442 330
chair 0.0027 480 238 499 277
chair 0.0026 445 258 496 332
chair 0.0026 356 241 513 335
chair 0.0026 256 264 481 352
chair 0.0025 12 184 159 230
chair 0.0025 354 231 390 284
chair 0.0025 334 236 385 276
chair 0.0025 357 247 395 319
chair 0.0024 240 206 319 309
chair 0.0023 320 285 390 331
chair 0.0022 376 195 408 217
chair 0.0021 359 205 389 229
chair 0.0021 357 212 389 254
chair 0.0020 327 200 382 238
chair 0.0019 306 263 364 325
chair 0.0019 369 214 416 253
chair 0.0019 437 180 504 260
chair 0.0018 316 198 353 218
chair 0.0018 300 204 332 232
chair 0.0017 307 194 419 237
chair 0.0017 301 224 366 262
chair 0.0017 262 222 304 292
chair 0.0015 376 222 410 246
chair 0.0015 392 190 433 252
chair 0.0014 297 249 333 316
chair 0.0013 378 230 407 255
chair 0.0013 333 199 374 217
chair 0.0013 461 202 483 238
chair 0.0013 254 281 380 333
chair 0.0013 466 187 503 229
chair 0.0013 295 215 334 301
chair 0.0012 390 212 431 276
chair 0.0012 317 205 354 230
chair 0.0012 340 246 377 269
chair 0.0012 345 194 404 223
chair 0.0012 280 187 318 251
chair 0.0011 434 214 504 325
chair 0.0010 262 193 333 297
chair 0.0010 329 215 387 251
chair 0.0010 429 227 476 312
diningtable 0.1507 300 243 502 330
diningtable 0.0237 314 283 468 329
diningtable 0.0088 342 247 450 320
diningtable 0.0052 299 304 488 329
person 0.1435 3 23 97 113
person 0.0702 0 36 51 100
person 0.0084 268 118 294 141
person 0.0052 377 122 408 143
person 0.0043 422 189 450 253
person 0.0033 280 117 316 142
person 0.0029 0 25 29 91
person 0.0021 10 -7 173 138
person 0.0018 132 178 153 208
person 0.0017 19 32 73 104
person 0.0016 359 122 392 147
person 0.0015 0 38 24 120
person 0.0015 339 72 368 93
person 0.0015 91 57 120 80
person 0.0012 128 164 155 224
person 0.0012 36 40 95 100
person 0.0010 87 69 123 93
person 0.0010 32 35 135 107
person 0.0010 70 83 102 104
person 0.0010 134 165 154 198
pottedplant 0.0168 109 145 138 169
pottedplant 0.0059 249 71 270 98
pottedplant 0.0044 287 44 313 74
pottedplant 0.0034 87 147 123 167
pottedplant 0.0034 249 80 272 105
pottedplant 0.0024 312 174 359 190
pottedplant 0.0021 108 136 136 159
pottedplant 0.0021 289 175 342 190
pottedplant 0.0020 121 149 163 191
pottedplant 0.0017 129 156 157 183
pottedplant 0.0015 281 45 318 90
pottedplant 0.0014 307 54 327 82
pottedplant 0.0013 140 141 187 202
pottedplant 0.0011 244 63 274 103
pottedplant 0.0010 293 33 332 83
pottedplant 0.0010 144 146 182 167
train 0.0124 28 156 150 214
train 0.0057 10 135 170 236
tvmonitor 0.0716 6 8 169 168
tvmonitor 0.0087 468 191 501 250
tvmonitor 0.0079 12 34 109 131
tvmonitor 0.0026 361 65 426 102
tvmonitor 0.0017 471 194 501 219
tvmonitor 0.0014 475 201 499 236
tvmonitor 0.0012 388 148 435 191
tvmonitor 0.0012 456 119 480 145
tvmonitor 0.0010 7 70 104 155
tvmonitor 0.0010 340 70 448 113
