aeroplane 0.0048 283 293 327 310
aeroplane 0.0046 143 250 413 346
aeroplane 0.0018 219 283 388 320
aeroplane 0.0015 213 291 412 344
aeroplane 0.0011 167 268 385 324
boat 0.0013 210 252 244 273
car 0.0220 278 252 328 268
car 0.0018 263 252 311 269
car 0.0012 208 210 252 230
cat 0.0039 305 36 384 110
dog 0.0016 216 33 402 174
horse 0.4836 174 43 380 210
horse 0.1069 53 85 427 332
horse 0.0095 163 98 388 263
horse 0.0055 222 77 329 170
horse 0.0030 68 7 412 245
horse 0.0020 280 49 402 205
horse 0.0016 122 111 290 305
person 0.0380 187 27 373 179
person 0.0118 211 51 290 184
person 0.0010 288 23 394 184
pottedplant 0.0134 3 87 84 180
pottedplant 0.0028 192 75 233 136
pottedplant 0.0019 24 115 72 181
pottedplant 0.0016 460 66 481 199
sofa 0.0012 138 201 418 328
train 0.0846 -2 110 57 196
train 0.0101 -7 87 107 221
train 0.0022 7 125 80 191
train 0.0019 -3 135 51 182
