boat 0.0167 6 142 179 292
bottle 0.0356 299 131 330 190
bottle 0.0182 190 124 221 174
bottle 0.0094 199 134 234 183
bottle 0.0086 165 133 199 181
bottle 0.0080 477 136 500 234
bottle 0.0078 221 106 261 183
bottle 0.0062 149 139 185 181
bottle 0.0056 306 139 325 181
bottle 0.0042 193 117 213 151
bottle 0.0035 302 154 326 193
bottle 0.0024 304 136 327 164
bottle 0.0024 456 159 485 210
bottle 0.0021 480 165 499 208
bottle 0.0021 292 154 334 218
bottle 0.0017 192 139 215 180
bottle 0.0016 322 159 346 189
bottle 0.0014 358 255 388 319
bottle 0.0014 269 127 367 194
bottle 0.0013 223 114 255 153
bottle 0.0012 277 128 314 191
bottle 0.0011 167 132 195 162
bottle 0.0010 314 146 352 198
bottle 0.0010 340 226 373 322
bottle 0.0010 210 127 230 167
car 0.0736 1 167 170 229
car 0.0214 50 162 85 182
car 0.0090 109 158 143 180
car 0.0085 0 172 22 251
car 0.0080 0 195 19 228
car 0.0067 -1 137 32 183
car 0.0044 -8 139 190 246
car 0.0028 1 203 17 243
car 0.0021 0 181 20 217
car 0.0021 7 165 111 217
car 0.0017 -1 137 28 163
car 0.0017 43 156 93 186
car 0.0016 9 140 107 191
car 0.0013 0 160 48 235
car 0.0012 2 114 42 183
chair 0.0405 126 208 222 271
chair 0.0218 139 145 287 297
chair 0.0184 162 197 243 286
chair 0.0175 174 223 228 269
chair 0.0059 5 161 171 323
chair 0.0048 107 178 244 304
chair 0.0038 110 149 138 175
chair 0.0036 130 94 157 121
chair 0.0028 116 227 165 276
chair 0.0028 40 123 88 171
chair 0.0025 -2 139 47 179
chair 0.0024 144 97 181 118
chair 0.0022 28 108 108 184
chair 0.0019 136 97 185 142
chair 0.0019 371 199 510 329
chair 0.0018 37 142 94 180
chair 0.0018 116 181 228 256
chair 0.0017 122 90 203 178
chair 0.0017 60 143 108 178
chair 0.0016 102 154 150 185
chair 0.0015 124 88 163 127
chair 0.0014 76 213 195 272
chair 0.0013 402 262 501 338
chair 0.0013 41 113 148 171
chair 0.0013 129 92 161 150
chair 0.0011 120 161 225 229
chair 0.0011 68 151 102 175
chair 0.0010 190 105 211 137
person 0.9382 223 141 336 336
person 0.8513 321 80 478 309
person 0.5245 325 156 415 337
person 0.3599 214 97 261 167
person 0.2856 346 139 456 339
person 0.1264 382 101 496 335
person 0.1173 456 72 496 220
person 0.0509 0 190 22 334
person 0.0345 429 72 513 312
person 0.0304 206 88 279 153
person 0.0278 275 157 385 330
person 0.0218 218 85 254 137
person 0.0162 309 186 395 288
person 0.0130 177 97 254 175
person 0.0110 473 53 499 189
person 0.0077 0 175 20 273
person 0.0069 471 65 500 126
person 0.0063 477 104 499 238
person 0.0055 0 135 26 236
person 0.0046 237 181 324 302
person 0.0037 189 111 330 282
person 0.0036 376 60 502 225
person 0.0034 477 178 500 320
person 0.0033 128 104 372 332
person 0.0028 0 140 26 180
person 0.0021 189 94 210 124
person 0.0020 301 205 373 328
person 0.0020 374 0 415 18
person 0.0020 331 175 370 249
person 0.0019 477 76 498 114
person 0.0018 2 187 42 312
person 0.0016 317 185 358 239
person 0.0016 0 263 21 336
person 0.0015 439 134 505 250
person 0.0015 67 163 104 182
person 0.0015 275 -4 321 43
person 0.0014 398 101 486 183
person 0.0014 192 79 312 206
person 0.0013 332 183 374 316
person 0.0013 264 100 294 168
person 0.0012 -28 159 77 326
person 0.0012 434 1 512 76
person 0.0012 197 196 315 334
person 0.0011 293 0 340 37
person 0.0011 459 58 493 159
person 0.0010 422 165 477 207
pottedplant 0.0135 397 68 436 121
pottedplant 0.0074 360 50 449 129
pottedplant 0.0071 374 14 501 169
pottedplant 0.0048 393 6 501 69
pottedplant 0.0044 392 48 488 130
pottedplant 0.0038 393 23 493 102
pottedplant 0.0037 58 45 153 122
pottedplant 0.0037 411 54 446 112
pottedplant 0.0031 123 87 162 105
pottedplant 0.0030 106 98 143 117
pottedplant 0.0029 46 88 144 147
pottedplant 0.0022 63 71 111 121
pottedplant 0.0020 10 78 105 153
pottedplant 0.0015 372 65 416 126
pottedplant 0.0015 61 94 107 149
pottedplant 0.0015 144 87 180 104
pottedplant 0.0013 81 67 128 125
pottedplant 0.0012 74 91 191 138
pottedplant 0.0012 -22 45 138 185
pottedplant 0.0012 14 48 100 128
pottedplant 0.0012 418 68 442 98
pottedplant 0.0011 84 99 125 119
