bottle 0.4043 149 48 227 448
bottle 0.1973 287 82 336 241
bottle 0.0760 308 92 340 228
bottle 0.0739 149 10 222 263
bottle 0.0430 323 75 352 208
bottle 0.0238 311 82 337 161
bottle 0.0218 118 54 206 368
bottle 0.0211 149 14 225 100
bottle 0.0204 296 98 328 188
bottle 0.0175 299 83 357 203
bottle 0.0128 154 16 209 174
bottle 0.0106 315 98 334 146
bottle 0.0104 245 87 356 191
bottle 0.0067 299 112 346 292
bottle 0.0058 140 21 191 167
bottle 0.0056 159 164 216 332
bottle 0.0053 273 145 331 270
bottle 0.0042 126 219 240 495
bottle 0.0036 313 89 338 125
bottle 0.0033 353 92 376 196
bottle 0.0027 123 -5 205 215
bottle 0.0026 306 143 363 269
bottle 0.0023 300 134 320 188
bottle 0.0018 281 55 376 225
bottle 0.0015 315 135 335 185
bottle 0.0014 129 132 186 287
bottle 0.0014 135 56 161 153
bottle 0.0014 145 108 284 390
bottle 0.0014 132 -7 242 142
bottle 0.0011 275 171 311 272
bottle 0.0011 254 99 348 315
bottle 0.0011 148 253 223 392
bottle 0.0011 338 99 372 187
bottle 0.0010 258 178 277 225
bottle 0.0010 103 160 220 414
bottle 0.0010 316 81 354 137
car 0.0142 355 121 376 203
chair 0.0238 12 22 130 323
chair 0.0023 44 12 157 264
chair 0.0020 44 5 89 56
chair 0.0010 22 1 108 58
diningtable 0.0803 128 155 419 418
diningtable 0.0170 98 89 277 485
diningtable 0.0098 232 157 374 415
diningtable 0.0077 31 -21 285 366
diningtable 0.0031 106 55 383 367
diningtable 0.0017 155 138 334 363
person 0.4494 182 3 355 203
person 0.0171 111 -25 378 370
person 0.0150 97 36 277 462
person 0.0057 151 -4 286 204
person 0.0021 191 5 298 104
person 0.0017 175 0 250 107
person 0.0016 11 -16 134 217
person 0.0016 0 1 94 272
person 0.0014 175 0 215 21
person 0.0012 30 9 114 97
person 0.0011 235 -50 370 168
person 0.0011 208 26 285 149
person 0.0011 189 0 228 23
sofa 0.0038 6 124 124 374
