chair 0.0921 288 128 459 360
chair 0.0096 3 171 111 368
chair 0.0060 178 218 314 376
chair 0.0053 132 120 293 316
chair 0.0041 3 168 95 277
chair 0.0036 265 176 392 368
chair 0.0036 -1 217 195 373
chair 0.0035 294 175 374 263
chair 0.0031 223 167 292 278
chair 0.0028 0 204 29 356
chair 0.0023 0 204 58 358
chair 0.0018 284 180 352 296
chair 0.0018 7 242 95 361
chair 0.0017 288 222 366 323
chair 0.0016 -18 149 80 342
chair 0.0016 -4 191 65 296
chair 0.0015 240 204 339 287
chair 0.0014 204 187 365 362
chair 0.0013 73 107 100 136
chair 0.0012 288 179 350 238
chair 0.0012 325 219 482 374
chair 0.0012 161 203 260 287
diningtable 0.0011 71 125 505 364
person 0.8609 334 126 481 356
person 0.5805 14 71 253 362
person 0.0056 350 188 465 302
person 0.0026 349 136 455 236
person 0.0022 6 96 111 287
person 0.0015 477 150 500 295
person 0.0013 145 -1 181 18
pottedplant 0.0046 0 35 26 62
pottedplant 0.0013 -3 26 32 73
sofa 0.2997 0 109 268 379
sofa 0.0953 323 162 496 373
sofa 0.0051 78 99 420 389
sofa 0.0040 78 145 262 342
sofa 0.0031 35 213 235 380
sofa 0.0027 -41 194 387 407
