bird 0.0015 268 115 315 186
bottle 0.0014 416 113 446 165
car 0.0407 434 105 503 214
car 0.0100 399 140 497 227
car 0.0050 370 108 502 262
car 0.0047 423 89 518 279
car 0.0018 477 307 500 340
car 0.0015 477 290 501 357
car 0.0012 316 73 491 245
chair 0.0055 402 92 504 208
motorbike 0.2572 280 106 463 324
motorbike 0.2072 39 38 382 337
motorbike 0.1352 50 88 213 283
motorbike 0.0295 115 95 300 328
motorbike 0.0194 145 94 508 336
person 0.0477 193 68 285 311
person 0.0169 53 48 445 327
person 0.0140 118 75 300 305
person 0.0106 260 106 330 208
person 0.0023 211 114 268 261
person 0.0021 321 0 360 66
person 0.0016 232 85 350 295
person 0.0012 477 103 500 226
person 0.0011 331 -6 370 52
sofa 0.0017 430 94 507 206
tvmonitor 0.0029 246 2 345 69
tvmonitor 0.0013 429 96 507 182
