bird 0.2196 152 192 210 232
bird 0.0841 249 103 329 223
bird 0.0157 227 112 352 255
bottle 0.0266 235 66 335 215
bottle 0.0023 392 2 428 89
bottle 0.0022 428 8 468 83
bottle 0.0014 225 99 297 183
bottle 0.0010 418 6 452 85
car 0.0454 0 131 22 161
car 0.0256 240 100 321 192
car 0.0201 -1 101 24 166
car 0.0109 259 94 305 174
car 0.0081 -1 119 22 151
car 0.0051 229 93 261 172
car 0.0038 230 106 254 137
car 0.0033 230 119 257 145
car 0.0021 219 95 302 172
car 0.0010 264 110 296 134
car 0.0010 273 102 314 165
cat 0.0010 122 214 376 322
chair 0.0019 119 100 224 181
chair 0.0017 108 95 181 174
chair 0.0013 101 54 249 179
dog 0.0710 145 184 218 239
dog 0.0038 237 122 322 222
person 0.0419 477 -7 500 93
person 0.0092 439 -2 514 233
person 0.0061 475 13 500 151
person 0.0027 371 -1 435 79
person 0.0026 403 1 481 75
person 0.0025 440 -2 514 77
person 0.0020 383 33 498 247
person 0.0016 477 69 500 197
person 0.0013 430 10 470 99
person 0.0011 340 25 464 254
person 0.0011 430 0 467 63
person 0.0011 418 -5 449 70
person 0.0010 479 13 500 52
person 0.0010 148 134 176 158
pottedplant 0.0339 142 183 212 246
pottedplant 0.0295 359 18 393 97
pottedplant 0.0277 218 38 290 140
pottedplant 0.0144 199 12 301 170
pottedplant 0.0140 234 -18 331 196
pottedplant 0.0107 319 27 390 115
pottedplant 0.0078 335 38 381 104
pottedplant 0.0052 249 -6 403 187
pottedplant 0.0051 -1 77 28 138
pottedplant 0.0046 247 35 312 143
pottedplant 0.0046 157 173 207 224
pottedplant 0.0043 376 19 411 96
pottedplant 0.0043 317 6 411 226
pottedplant 0.0041 343 10 401 104
pottedplant 0.0041 180 76 225 141
pottedplant 0.0040 172 71 245 161
pottedplant 0.0039 355 52 387 114
pottedplant 0.0035 249 18 330 108
pottedplant 0.0033 146 40 276 191
pottedplant 0.0031 0 25 28 88
pottedplant 0.0030 235 74 276 141
pottedplant 0.0030 217 6 302 108
pottedplant 0.0028 284 0 370 73
pottedplant 0.0027 226 72 259 144
pottedplant 0.0026 282 22 370 102
pottedplant 0.0026 363 55 387 87
pottedplant 0.0023 362 65 383 99
pottedplant 0.0022 137 158 218 227
pottedplant 0.0021 197 62 241 127
pottedplant 0.0021 232 26 284 114
pottedplant 0.0018 449 217 494 280
pottedplant 0.0018 299 -11 422 139
pottedplant 0.0018 219 41 263 125
pottedplant 0.0017 354 -17 457 204
pottedplant 0.0016 356 -3 429 97
pottedplant 0.0014 160 252 203 293
pottedplant 0.0014 364 41 389 75
pottedplant 0.0013 184 49 259 142
pottedplant 0.0013 472 212 501 285
pottedplant 0.0011 140 79 225 162
pottedplant 0.0011 -1 91 23 126
pottedplant 0.0010 321 2 409 74
pottedplant 0.0010 239 4 336 73
