bird 0.0011 448 1 500 39
car 0.8066 38 12 461 320
car 0.0090 134 63 365 271
car 0.0034 70 1 278 129
car 0.0020 99 130 327 301
car 0.0010 95 -37 481 217
person 0.3145 397 82 428 211
person 0.2358 440 91 474 180
person 0.2064 400 83 431 138
person 0.1680 76 44 125 116
person 0.1484 437 -14 502 203
person 0.1029 448 103 486 188
person 0.0693 383 92 406 126
person 0.0628 441 122 470 193
person 0.0566 365 91 388 124
person 0.0260 476 49 501 194
person 0.0257 377 90 413 152
person 0.0138 416 88 446 204
person 0.0088 423 91 484 198
person 0.0083 478 113 500 205
person 0.0081 400 102 422 243
person 0.0072 412 83 443 159
person 0.0071 450 49 484 170
person 0.0066 386 85 441 182
person 0.0065 360 66 441 166
person 0.0048 471 18 499 148
person 0.0044 396 2 494 183
person 0.0044 442 4 497 126
person 0.0043 382 103 407 138
person 0.0042 458 51 493 143
person 0.0041 439 78 471 143
person 0.0035 300 83 333 108
person 0.0033 275 61 323 108
person 0.0031 40 78 56 113
person 0.0026 288 67 345 104
person 0.0026 482 139 499 180
person 0.0023 411 42 481 143
person 0.0022 54 26 117 118
person 0.0022 0 36 22 155
person 0.0021 420 143 443 171
person 0.0021 361 86 392 156
person 0.0021 300 72 335 98
person 0.0020 444 91 464 125
person 0.0020 398 85 464 205
person 0.0018 362 85 387 111
person 0.0018 53 21 142 159
person 0.0015 443 153 465 190
person 0.0015 413 129 448 185
person 0.0015 350 63 460 213
person 0.0014 404 81 427 116
person 0.0013 437 109 501 206
person 0.0013 282 69 314 97
person 0.0013 442 124 462 170
person 0.0013 427 64 520 210
person 0.0012 90 50 119 90
person 0.0012 381 86 407 113
person 0.0010 322 82 349 109
person 0.0010 461 81 484 111
tvmonitor 0.0010 0 70 24 172
