bicycle 0.0023 214 244 442 360
bicycle 0.0011 36 219 540 383
bicycle 0.0011 258 268 394 346
bottle 0.0027 359 111 388 191
bottle 0.0017 157 17 205 85
bottle 0.0016 341 79 373 165
bottle 0.0010 289 58 310 97
bottle 0.0010 357 76 391 168
car 0.0017 59 35 152 92
car 0.0010 5 61 107 143
chair 0.0029 439 81 498 219
chair 0.0023 423 94 483 149
chair 0.0011 215 297 361 369
motorbike 0.5532 -21 38 366 393
motorbike 0.0985 12 45 168 333
motorbike 0.0192 7 23 181 183
motorbike 0.0050 -73 12 190 362
motorbike 0.0046 -9 -22 278 282
motorbike 0.0040 71 95 273 338
motorbike 0.0037 40 55 152 145
motorbike 0.0014 -16 184 439 418
motorbike 0.0013 -7 34 127 229
person 0.6803 76 67 499 366
person 0.2996 359 -5 431 134
person 0.2765 400 -5 499 156
person 0.1558 434 5 507 259
person 0.1002 210 -10 305 101
person 0.0897 436 106 504 381
person 0.0833 399 58 489 372
person 0.0631 323 -1 382 44
person 0.0305 470 15 499 171
person 0.0300 246 0 310 44
person 0.0222 414 0 458 129
person 0.0219 341 -1 464 190
person 0.0207 272 0 325 46
person 0.0205 215 -10 360 144
person 0.0205 418 -2 488 107
person 0.0192 186 93 382 338
person 0.0190 287 7 318 89
person 0.0165 39 0 154 43
person 0.0159 452 0 485 126
person 0.0155 286 4 345 43
person 0.0151 115 12 232 77
person 0.0143 71 3 192 74
person 0.0142 287 0 364 93
person 0.0136 319 0 409 90
person 0.0132 39 28 155 102
person 0.0129 112 -4 309 103
person 0.0123 329 87 479 345
person 0.0120 -1 3 118 72
person 0.0113 346 1 397 40
person 0.0109 475 -19 500 120
person 0.0105 437 7 473 118
person 0.0101 45 -7 81 77
person 0.0099 15 7 183 138
person 0.0099 224 -3 328 71
person 0.0087 301 -5 434 150
person 0.0079 160 -6 267 91
person 0.0078 188 -1 309 41
person 0.0077 10 -10 80 82
person 0.0075 290 -4 337 75
person 0.0073 413 49 486 169
person 0.0064 281 13 524 362
person 0.0060 273 -6 377 47
person 0.0059 361 0 423 42
person 0.0059 76 0 128 48
person 0.0056 390 -5 434 107
person 0.0055 237 17 337 122
person 0.0054 439 30 499 171
person 0.0052 8 0 47 74
person 0.0051 356 -10 389 109
person 0.0048 252 0 306 20
person 0.0047 340 69 370 146
person 0.0046 302 24 372 137
person 0.0044 25 0 76 47
person 0.0044 274 0 321 20
person 0.0043 470 182 499 350
person 0.0040 115 -6 229 40
person 0.0039 38 -10 137 78
person 0.0037 -17 8 64 80
person 0.0037 471 76 501 223
person 0.0036 384 -5 431 46
person 0.0035 400 76 432 143
person 0.0034 368 0 419 98
person 0.0034 312 45 357 116
person 0.0034 233 0 287 19
person 0.0033 1 44 24 171
person 0.0032 175 -2 227 43
person 0.0029 475 109 500 277
person 0.0029 2 30 54 97
person 0.0027 -1 36 111 108
person 0.0024 390 0 434 17
person 0.0024 291 0 345 18
person 0.0024 34 -4 225 99
person 0.0023 274 64 380 137
person 0.0023 122 -2 171 50
person 0.0023 155 -6 268 42
person 0.0023 157 17 343 178
person 0.0022 -2 10 22 89
person 0.0021 430 -3 476 74
person 0.0021 317 2 352 37
person 0.0020 313 -1 358 21
person 0.0020 239 49 412 207
person 0.0020 353 -6 452 52
person 0.0019 454 -5 493 51
person 0.0019 281 3 317 37
person 0.0018 335 -1 377 21
person 0.0018 444 106 497 252
person 0.0018 337 12 411 145
person 0.0018 -1 -2 115 42
person 0.0017 405 75 425 113
person 0.0017 98 114 325 318
person 0.0017 454 219 497 372
person 0.0017 356 -1 393 23
person 0.0016 337 27 372 132
person 0.0015 313 70 359 143
person 0.0015 370 73 413 144
person 0.0014 413 47 451 139
person 0.0014 -28 -5 154 96
person 0.0014 71 38 192 103
person 0.0014 198 -11 237 113
person 0.0013 257 4 299 36
person 0.0013 255 -10 397 114
person 0.0013 0 31 18 70
person 0.0013 429 0 475 18
person 0.0013 374 -1 413 20
person 0.0012 427 62 473 154
person 0.0012 195 65 306 130
person 0.0012 160 0 205 19
person 0.0012 471 -9 501 52
person 0.0011 414 102 495 211
person 0.0011 241 68 320 173
person 0.0011 135 8 185 60
person 0.0011 59 -25 439 226
person 0.0011 66 -1 106 20
person 0.0011 26 -1 69 18
person 0.0011 352 66 431 152
person 0.0010 141 0 187 19
person 0.0010 213 -2 267 43
person 0.0010 226 -9 369 29
person 0.0010 291 25 335 103
person 0.0010 298 83 336 161
tvmonitor 0.0011 357 184 434 286
