chair 0.0213 378 17 443 139
chair 0.0103 362 4 453 192
chair 0.0064 437 22 504 163
chair 0.0023 398 -5 495 216
chair 0.0020 443 0 503 43
chair 0.0015 363 2 427 123
chair 0.0013 221 11 290 89
chair 0.0011 358 -2 464 74
chair 0.0011 371 20 410 105
chair 0.0010 380 79 447 138
chair 0.0010 388 0 477 101
dog 0.6811 38 53 383 379
dog 0.0027 133 106 365 327
dog 0.0013 97 143 479 401
person 0.1285 441 2 504 200
person 0.0086 338 -10 410 108
person 0.0055 -67 22 337 352
person 0.0040 362 -1 433 88
person 0.0037 349 0 405 44
person 0.0037 439 0 507 96
person 0.0031 367 0 410 73
person 0.0010 354 -7 451 49
person 0.0010 371 0 416 20
person 0.0010 392 0 435 20
person 0.0010 298 -4 431 146
