bottle 0.0031 0 234 50 300
bottle 0.0010 113 219 137 315
chair 0.0563 330 97 394 227
chair 0.0459 177 105 245 214
chair 0.0429 338 98 374 258
chair 0.0379 198 113 241 186
chair 0.0206 352 98 434 231
chair 0.0142 256 78 398 245
chair 0.0120 112 113 176 203
chair 0.0105 74 238 276 370
chair 0.0086 125 99 196 231
chair 0.0079 202 106 273 225
chair 0.0076 0 145 27 214
chair 0.0065 10 183 89 300
chair 0.0064 371 85 453 192
chair 0.0043 8 159 42 222
chair 0.0040 -1 100 22 201
chair 0.0038 288 100 374 220
chair 0.0035 2 147 112 217
chair 0.0035 211 118 238 158
chair 0.0031 119 94 223 341
chair 0.0030 151 96 276 336
chair 0.0029 239 108 336 213
chair 0.0029 412 101 493 230
chair 0.0029 215 116 255 244
chair 0.0027 180 129 221 228
chair 0.0027 214 103 368 280
chair 0.0024 30 163 95 267
chair 0.0020 114 254 233 355
chair 0.0019 -2 164 59 284
chair 0.0017 119 169 304 376
chair 0.0017 191 120 249 266
chair 0.0017 -5 124 98 186
chair 0.0017 209 111 260 161
chair 0.0016 0 172 22 214
chair 0.0015 12 165 39 199
chair 0.0015 93 144 170 232
chair 0.0014 170 92 331 226
chair 0.0012 -12 107 132 265
chair 0.0011 312 102 407 269
chair 0.0011 20 174 70 218
chair 0.0011 323 135 384 249
chair 0.0010 102 87 243 230
chair 0.0010 80 258 181 353
chair 0.0010 372 117 421 213
chair 0.0010 9 154 44 175
diningtable 0.0069 0 158 116 326
diningtable 0.0022 0 217 194 386
diningtable 0.0013 -69 194 262 409
diningtable 0.0012 3 227 103 307
person 0.4969 174 96 402 394
person 0.1008 325 100 388 230
person 0.0128 338 107 382 198
person 0.0036 8 153 41 209
person 0.0023 353 95 385 181
person 0.0022 67 49 433 325
person 0.0019 305 98 416 332
person 0.0018 0 153 28 262
person 0.0018 248 109 407 270
person 0.0011 317 103 396 176
pottedplant 0.1158 401 38 498 273
pottedplant 0.0988 437 154 503 265
pottedplant 0.0542 41 172 100 222
pottedplant 0.0349 -1 121 22 208
pottedplant 0.0141 0 144 20 185
pottedplant 0.0140 403 79 499 197
pottedplant 0.0087 79 168 128 222
pottedplant 0.0066 410 127 487 242
pottedplant 0.0063 403 172 491 263
pottedplant 0.0056 440 202 497 272
pottedplant 0.0049 60 183 104 229
pottedplant 0.0047 57 160 116 203
pottedplant 0.0042 439 91 505 229
pottedplant 0.0037 378 85 453 184
pottedplant 0.0032 48 157 135 224
pottedplant 0.0030 425 130 520 303
pottedplant 0.0029 71 188 96 225
pottedplant 0.0028 68 178 101 213
pottedplant 0.0027 418 -6 528 214
pottedplant 0.0027 469 153 502 235
pottedplant 0.0024 349 55 482 210
pottedplant 0.0022 438 24 518 117
pottedplant 0.0018 433 168 478 248
pottedplant 0.0016 449 134 495 230
pottedplant 0.0014 54 75 75 108
pottedplant 0.0011 48 179 87 215
pottedplant 0.0011 69 166 106 194
pottedplant 0.0010 468 176 501 269
pottedplant 0.0010 394 53 486 151
pottedplant 0.0010 453 193 486 225
tvmonitor 0.1414 -2 -9 59 111
tvmonitor 0.0185 363 9 450 87
tvmonitor 0.0088 205 1 363 147
tvmonitor 0.0055 231 23 342 115
tvmonitor 0.0050 0 71 49 118
tvmonitor 0.0038 -1 92 92 164
tvmonitor 0.0026 8 102 45 198
tvmonitor 0.0020 7 82 43 109
tvmonitor 0.0018 192 27 302 116
tvmonitor 0.0017 329 -20 479 113
tvmonitor 0.0013 -41 7 63 94
tvmonitor 0.0013 -5 10 34 90
