bottle 0.0201 22 320 235 486
bottle 0.0046 311 413 336 445
bottle 0.0021 80 319 179 420
bottle 0.0012 305 416 344 487
bottle 0.0011 306 401 342 462
bottle 0.0010 358 357 374 508
diningtable 0.0048 22 355 237 509
diningtable 0.0022 4 277 369 526
person 0.8965 45 78 329 499
person 0.3619 243 121 369 453
person 0.2004 13 119 131 449
person 0.1366 234 291 364 507
person 0.1342 108 98 262 475
person 0.0992 29 129 114 212
person 0.0961 22 129 125 307
person 0.0678 -2 136 95 366
person 0.0462 281 129 373 314
person 0.0410 -9 103 55 471
person 0.0381 283 224 375 492
person 0.0361 4 321 140 485
person 0.0285 271 136 339 227
person 0.0242 172 113 316 465
person 0.0215 -1 163 204 489
person 0.0126 156 201 391 526
person 0.0112 323 188 380 466
person 0.0104 290 121 374 229
person 0.0090 71 150 115 209
person 0.0087 64 125 129 231
person 0.0084 9 119 77 219
person 0.0083 287 151 358 253
person 0.0077 274 154 321 212
person 0.0063 7 368 91 492
person 0.0062 356 245 375 464
person 0.0060 0 115 39 215
person 0.0058 40 127 92 194
person 0.0058 275 408 373 496
person 0.0051 216 381 332 498
person 0.0044 80 122 238 373
person 0.0036 -13 243 100 483
person 0.0036 65 157 120 328
person 0.0034 18 277 184 462
person 0.0029 357 176 374 305
person 0.0027 325 212 375 341
person 0.0025 0 127 46 288
person 0.0024 164 315 329 493
person 0.0023 43 71 156 281
person 0.0022 0 127 17 309
person 0.0022 26 343 111 466
person 0.0021 287 164 332 234
person 0.0020 324 154 381 269
person 0.0019 -6 83 97 278
person 0.0018 267 177 352 301
person 0.0018 356 225 376 329
person 0.0017 6 175 76 317
person 0.0017 116 49 373 375
person 0.0017 359 234 375 284
person 0.0016 67 212 250 447
person 0.0016 126 100 306 320
person 0.0015 16 128 49 196
person 0.0014 -35 307 237 497
person 0.0014 268 169 294 201
person 0.0014 284 145 335 190
person 0.0012 330 266 374 444
person 0.0011 213 99 332 317
person 0.0011 249 360 341 465
person 0.0011 274 89 342 186
person 0.0011 81 159 107 205
person 0.0010 43 99 84 156
person 0.0010 24 142 45 182
person 0.0010 144 83 228 182
person 0.0010 291 343 370 468
tvmonitor 0.0083 0 0 68 94
tvmonitor 0.0031 286 69 362 180
tvmonitor 0.0014 341 63 370 190
