bicycle 0.6092 133 32 443 341
bicycle 0.0425 -12 55 359 317
bicycle 0.0083 224 76 426 301
bicycle 0.0053 48 93 223 290
bicycle 0.0037 22 153 108 234
bicycle 0.0031 42 153 146 224
bicycle 0.0028 108 47 315 275
bird 0.0119 271 31 367 95
chair 0.0035 30 177 101 296
horse 0.0082 44 195 147 292
horse 0.0061 18 169 171 309
horse 0.0032 -21 93 292 337
horse 0.0023 51 129 219 311
person 0.0063 106 -19 469 280
person 0.0053 26 192 99 296
person 0.0026 286 18 380 110
person 0.0020 39 169 146 263
person 0.0020 244 29 405 231
person 0.0010 88 169 173 272
pottedplant 0.0081 250 4 302 68
pottedplant 0.0067 213 0 307 74
pottedplant 0.0059 27 170 98 263
pottedplant 0.0035 223 262 262 329
pottedplant 0.0020 234 6 284 66
pottedplant 0.0020 257 22 296 79
pottedplant 0.0017 271 265 384 345
pottedplant 0.0015 281 292 375 372
pottedplant 0.0014 242 1 332 82
pottedplant 0.0012 232 194 419 349
pottedplant 0.0011 201 -9 278 113
pottedplant 0.0010 109 270 238 330
pottedplant 0.0010 201 -20 298 52
