aeroplane 0.0039 -3 33 59 70
aeroplane 0.0038 0 44 53 63
boat 0.0037 0 318 54 335
boat 0.0014 22 318 72 332
car 0.0891 0 52 56 71
car 0.0045 -2 51 26 73
car 0.0031 36 56 97 71
car 0.0027 282 60 349 102
car 0.0025 33 45 101 59
car 0.0024 221 54 373 105
car 0.0024 9 46 84 61
car 0.0013 13 46 78 76
car 0.0011 8 45 202 81
car 0.0010 289 73 348 114
motorbike 0.7173 195 109 457 379
motorbike 0.0123 234 75 415 307
motorbike 0.0016 179 108 323 322
motorbike 0.0016 272 178 455 366
person 0.5032 178 30 301 231
person 0.1225 183 14 258 195
person 0.0816 198 48 376 266
person 0.0675 185 21 258 108
person 0.0240 190 41 283 158
person 0.0086 482 57 498 98
person 0.0060 396 42 427 63
person 0.0047 480 44 501 114
person 0.0041 209 18 357 186
person 0.0039 242 50 286 106
person 0.0037 167 74 270 297
person 0.0022 175 10 313 148
person 0.0021 290 76 423 303
person 0.0021 277 63 376 132
person 0.0019 240 48 404 204
person 0.0018 212 30 263 99
person 0.0018 204 57 316 128
person 0.0014 170 28 241 157
person 0.0013 186 23 225 78
person 0.0012 307 71 367 120
person 0.0011 246 52 277 78
