bottle 0.1333 239 304 265 404
bottle 0.0926 178 280 206 350
bottle 0.0405 155 197 175 243
bottle 0.0368 157 182 175 225
bottle 0.0263 171 199 189 242
bottle 0.0114 142 199 161 240
bottle 0.0093 166 185 189 220
bottle 0.0073 141 185 164 220
bottle 0.0059 153 171 180 232
bottle 0.0055 122 209 151 238
bottle 0.0040 211 187 237 219
bottle 0.0034 162 32 200 97
bottle 0.0032 141 36 187 93
bottle 0.0024 183 202 203 241
bottle 0.0022 134 305 172 405
bottle 0.0019 185 269 201 328
bottle 0.0019 124 217 146 259
bottle 0.0016 250 304 275 406
bottle 0.0016 53 35 102 96
bottle 0.0015 118 205 151 273
bottle 0.0015 149 200 182 279
bottle 0.0014 226 315 253 392
bottle 0.0014 243 322 261 389
bottle 0.0013 223 306 279 402
bottle 0.0013 179 188 205 218
bottle 0.0012 239 272 266 361
bottle 0.0012 139 218 161 258
bottle 0.0011 170 270 194 361
bottle 0.0011 115 216 134 261
bottle 0.0011 166 204 194 270
bottle 0.0010 131 207 168 271
bottle 0.0010 162 269 224 361
bottle 0.0010 168 17 192 48
chair 0.0035 -3 394 89 485
chair 0.0021 287 246 377 479
chair 0.0021 101 294 212 508
chair 0.0017 355 266 375 404
chair 0.0017 303 296 375 430
chair 0.0014 325 256 378 415
chair 0.0013 146 392 222 495
chair 0.0013 302 340 368 477
chair 0.0013 267 386 346 493
chair 0.0012 -5 330 46 476
chair 0.0010 291 401 371 492
diningtable 0.2949 98 227 391 501
diningtable 0.0974 137 317 352 493
diningtable 0.0707 117 193 316 386
diningtable 0.0063 146 202 286 290
diningtable 0.0049 110 186 221 255
diningtable 0.0048 112 237 258 496
diningtable 0.0040 165 278 380 450
diningtable 0.0031 115 171 259 336
diningtable 0.0023 109 318 438 563
diningtable 0.0023 101 216 229 299
diningtable 0.0022 204 307 279 425
diningtable 0.0019 127 21 198 101
diningtable 0.0018 193 341 296 465
diningtable 0.0016 215 239 334 332
diningtable 0.0014 6 254 311 551
diningtable 0.0013 230 197 316 281
diningtable 0.0013 196 200 349 366
diningtable 0.0011 76 19 183 98
person 0.9070 302 148 369 363
person 0.8923 244 113 297 251
person 0.8776 6 206 142 508
person 0.7644 155 125 232 232
person 0.5989 119 133 189 233
person 0.3296 74 146 137 255
person 0.2484 45 135 149 359
person 0.2228 145 127 189 203
person 0.1783 323 162 379 410
person 0.1475 227 133 328 285
person 0.1372 289 135 358 268
person 0.0766 86 135 169 234
person 0.0526 271 146 333 286
person 0.0320 170 127 219 205
person 0.0273 257 135 303 228
person 0.0171 245 136 340 232
person 0.0166 186 120 230 209
person 0.0154 10 163 307 489
person 0.0134 129 129 173 200
person 0.0117 -11 202 54 523
person 0.0094 242 166 368 401
person 0.0088 102 113 217 243
person 0.0083 76 133 186 289
person 0.0072 59 237 199 486
person 0.0057 336 176 371 264
person 0.0054 358 157 375 324
person 0.0053 0 254 17 454
person 0.0053 76 139 115 225
person 0.0046 101 143 142 221
person 0.0041 -18 272 220 530
person 0.0041 290 139 325 226
person 0.0038 317 142 357 222
person 0.0034 285 131 364 204
person 0.0031 -6 280 100 511
person 0.0029 188 127 286 234
person 0.0027 328 164 372 320
person 0.0026 301 144 346 215
person 0.0023 135 148 166 181
person 0.0023 83 137 129 195
person 0.0023 173 158 257 242
person 0.0020 356 201 374 392
person 0.0019 91 152 150 289
person 0.0018 99 199 219 454
person 0.0018 95 182 177 257
person 0.0017 311 98 394 343
person 0.0015 360 213 374 266
person 0.0015 151 141 182 185
person 0.0014 152 129 181 163
person 0.0014 361 193 374 247
person 0.0013 242 101 363 265
person 0.0013 202 146 242 216
person 0.0013 357 177 374 226
person 0.0011 27 292 114 429
person 0.0011 322 227 384 498
person 0.0011 232 142 273 221
person 0.0010 160 128 197 231
person 0.0010 95 154 222 345
pottedplant 0.2945 228 35 278 95
pottedplant 0.0259 236 50 267 89
pottedplant 0.0133 224 10 255 87
pottedplant 0.0037 237 64 266 98
pottedplant 0.0037 220 16 254 43
pottedplant 0.0034 232 56 273 108
pottedplant 0.0027 226 25 250 67
pottedplant 0.0021 236 27 265 66
pottedplant 0.0015 222 9 305 90
pottedplant 0.0014 233 18 270 44
pottedplant 0.0011 243 17 286 80
