bottle 0.1174 260 254 289 333
bottle 0.0702 246 256 279 333
bottle 0.0595 226 253 254 336
bottle 0.0091 -8 251 70 366
bottle 0.0083 6 293 58 358
bottle 0.0082 251 72 268 115
bottle 0.0076 209 260 238 329
bottle 0.0047 267 270 288 320
bottle 0.0045 191 292 213 327
bottle 0.0045 264 59 294 125
bottle 0.0039 246 65 275 121
bottle 0.0035 206 56 234 129
bottle 0.0034 243 232 276 301
bottle 0.0034 230 75 251 113
bottle 0.0034 212 274 231 316
bottle 0.0033 0 275 51 345
bottle 0.0027 223 249 292 341
bottle 0.0027 228 291 251 328
bottle 0.0024 210 292 232 327
bottle 0.0022 280 62 309 123
bottle 0.0021 269 73 289 116
bottle 0.0020 249 149 272 180
bottle 0.0019 212 70 229 117
bottle 0.0017 3 288 90 385
bottle 0.0017 -1 265 22 352
bottle 0.0017 229 269 248 322
bottle 0.0017 256 212 293 323
bottle 0.0017 12 308 49 339
bottle 0.0016 251 271 272 321
bottle 0.0015 245 191 270 223
bottle 0.0015 228 257 251 304
bottle 0.0014 191 240 243 293
bottle 0.0014 241 159 277 227
bottle 0.0012 216 228 261 277
bottle 0.0012 249 291 271 329
bottle 0.0011 224 64 256 122
bottle 0.0011 10 297 42 325
bottle 0.0011 220 238 256 295
bottle 0.0010 263 153 294 178
chair 0.0166 123 304 245 374
chair 0.0123 208 10 295 122
chair 0.0074 73 308 172 366
chair 0.0043 -3 291 133 383
chair 0.0024 90 330 152 374
chair 0.0022 -3 259 60 358
chair 0.0020 78 326 191 380
chair 0.0016 143 324 192 377
chair 0.0015 361 215 510 378
chair 0.0015 63 274 284 384
chair 0.0010 34 328 156 379
chair 0.0010 0 328 61 375
diningtable 0.3711 116 275 383 382
diningtable 0.0268 65 225 434 378
diningtable 0.0193 123 302 279 374
diningtable 0.0092 -3 285 60 373
diningtable 0.0048 153 327 349 381
diningtable 0.0047 137 305 363 411
diningtable 0.0019 175 265 324 338
diningtable 0.0017 166 194 409 350
diningtable 0.0010 222 293 356 375
person 0.7008 88 79 243 357
person 0.5890 309 95 494 387
person 0.3119 262 75 383 355
person 0.2796 28 116 394 373
person 0.2188 174 106 322 272
person 0.0761 298 101 375 202
person 0.0591 112 107 309 322
person 0.0508 205 109 275 189
person 0.0502 181 129 473 359
person 0.0187 356 100 439 202
person 0.0144 136 -3 292 141
person 0.0116 201 124 301 246
person 0.0093 282 81 447 288
person 0.0076 249 106 388 223
person 0.0067 100 101 239 235
person 0.0061 86 184 333 361
person 0.0045 225 115 329 186
person 0.0042 236 0 281 19
person 0.0040 239 100 273 177
person 0.0040 193 8 297 85
person 0.0039 148 64 428 311
person 0.0037 373 157 497 380
person 0.0037 301 103 342 173
person 0.0032 176 0 223 43
person 0.0032 375 111 420 190
person 0.0030 260 5 299 125
person 0.0030 184 4 215 34
person 0.0030 206 98 246 177
person 0.0029 253 2 331 83
person 0.0029 281 27 308 131
person 0.0029 169 3 198 36
person 0.0026 330 113 378 191
person 0.0026 255 53 550 323
person 0.0025 158 2 268 97
person 0.0022 126 29 219 113
person 0.0021 365 86 505 290
person 0.0021 320 100 409 170
person 0.0018 327 94 473 236
person 0.0018 430 98 523 337
person 0.0017 216 91 262 159
person 0.0016 283 4 369 87
person 0.0015 216 0 266 18
person 0.0014 216 -3 265 43
person 0.0013 113 202 228 290
person 0.0013 163 111 258 207
person 0.0013 278 107 361 172
person 0.0012 158 -7 283 47
person 0.0012 123 101 222 165
person 0.0011 191 0 251 15
person 0.0011 478 245 499 373
person 0.0011 180 -3 215 104
person 0.0010 269 118 319 181
person 0.0010 223 4 259 31
sofa 0.0011 19 169 328 376
tvmonitor 0.0631 11 -3 169 41
tvmonitor 0.0345 16 115 106 205
tvmonitor 0.0281 2 -7 134 77
tvmonitor 0.0271 -17 -10 140 157
tvmonitor 0.0066 3 22 109 115
tvmonitor 0.0048 -3 96 118 230
tvmonitor 0.0036 134 24 190 133
tvmonitor 0.0019 9 79 99 179
tvmonitor 0.0019 3 54 106 145
tvmonitor 0.0013 289 7 343 61
