aeroplane 0.0010 189 -28 541 207
bicycle 0.0011 111 163 313 322
bottle 0.0026 289 11 317 80
bottle 0.0011 291 12 310 49
bottle 0.0011 11 210 46 233
bus 0.1006 362 75 508 258
bus 0.0456 381 23 505 205
bus 0.0105 396 95 502 175
bus 0.0098 157 25 495 256
bus 0.0029 385 122 493 210
bus 0.0027 274 53 531 278
bus 0.0016 468 127 500 220
bus 0.0011 332 -7 550 238
car 0.0096 1 9 113 61
car 0.0081 361 124 515 310
car 0.0050 474 133 501 237
car 0.0044 378 198 486 275
car 0.0040 -1 0 134 179
car 0.0038 0 0 101 44
car 0.0020 1 4 56 59
car 0.0019 435 168 514 265
car 0.0017 152 140 250 203
car 0.0015 357 137 393 154
car 0.0012 16 19 111 109
car 0.0010 -22 -18 145 100
chair 0.0038 217 20 305 92
chair 0.0033 189 6 311 66
chair 0.0029 0 201 60 323
chair 0.0017 115 2 308 128
chair 0.0015 155 28 264 95
chair 0.0013 163 256 257 333
chair 0.0012 165 -11 339 103
chair 0.0011 473 277 499 347
chair 0.0011 117 43 307 188
diningtable 0.0017 48 3 451 226
motorbike 0.0059 62 142 513 342
person 0.5439 39 109 178 330
person 0.0180 -5 117 275 319
person 0.0092 344 180 363 215
person 0.0085 -13 147 66 340
person 0.0071 10 -1 46 15
person 0.0056 470 140 501 255
person 0.0045 398 199 428 222
person 0.0043 375 137 407 156
person 0.0035 -1 110 121 324
person 0.0030 436 176 463 198
person 0.0029 477 212 500 337
person 0.0027 233 145 274 201
person 0.0022 314 153 352 218
person 0.0019 -2 191 22 307
person 0.0018 236 144 277 253
person 0.0014 16 -1 76 13
person 0.0012 420 247 445 274
person 0.0011 81 165 172 266
person 0.0011 133 132 154 164
train 0.0801 41 60 457 324
train 0.0026 70 2 506 227
train 0.0024 309 9 499 170
train 0.0015 151 103 345 278
train 0.0014 360 -8 518 133
train 0.0012 -20 62 136 218
train 0.0011 80 101 266 282
tvmonitor 0.0630 2 215 56 334
tvmonitor 0.0037 163 7 314 54
tvmonitor 0.0026 267 138 363 211
tvmonitor 0.0016 184 -4 311 34
tvmonitor 0.0012 1 132 19 163
