bottle 0.0145 391 356 437 376
chair 0.7064 65 179 146 307
chair 0.4617 232 188 326 284
chair 0.4343 222 199 299 303
chair 0.0597 149 201 222 272
chair 0.0393 402 288 492 382
chair 0.0146 441 228 499 372
chair 0.0119 236 227 334 310
chair 0.0096 148 136 217 240
chair 0.0090 379 327 501 378
chair 0.0079 382 224 508 377
chair 0.0078 81 212 160 291
chair 0.0069 472 248 500 370
chair 0.0048 65 170 104 192
chair 0.0045 160 180 241 261
chair 0.0044 143 209 182 267
chair 0.0038 428 154 517 342
chair 0.0032 455 194 498 309
chair 0.0031 438 330 503 372
chair 0.0030 216 194 364 343
chair 0.0026 104 179 254 303
chair 0.0024 -20 191 136 353
chair 0.0023 267 185 331 231
chair 0.0021 97 202 146 275
chair 0.0020 323 254 483 348
chair 0.0020 132 134 225 293
chair 0.0020 446 289 503 363
chair 0.0019 121 158 206 260
chair 0.0019 214 220 264 285
chair 0.0018 88 200 195 277
chair 0.0016 62 160 109 201
chair 0.0016 76 232 137 300
chair 0.0015 279 178 372 263
chair 0.0015 78 190 128 258
chair 0.0014 66 194 107 255
chair 0.0014 257 202 303 299
chair 0.0013 173 197 224 252
chair 0.0012 347 289 456 370
chair 0.0011 417 261 527 384
chair 0.0010 254 327 400 384
chair 0.0010 395 184 468 291
chair 0.0010 468 327 502 377
chair 0.0010 8 217 184 379
diningtable 0.0053 127 272 372 391
diningtable 0.0019 109 209 543 393
diningtable 0.0015 311 261 497 383
diningtable 0.0012 343 348 486 380
person 0.0018 425 107 521 328
person 0.0013 470 356 504 377
sofa 0.6173 315 170 490 371
sofa 0.0223 241 183 412 309
sofa 0.0065 267 194 379 287
sofa 0.0060 351 220 454 311
sofa 0.0051 315 199 424 287
sofa 0.0026 393 198 490 284
sofa 0.0023 143 167 510 378
sofa 0.0022 396 221 495 324
tvmonitor 0.0214 146 125 211 235
