bottle 0.0028 208 149 244 220
bottle 0.0023 77 51 91 118
bottle 0.0020 201 82 221 120
bottle 0.0019 174 -3 199 101
bottle 0.0017 175 67 195 102
bottle 0.0016 214 105 234 145
bottle 0.0012 121 112 259 390
bottle 0.0011 88 105 105 141
bottle 0.0011 213 59 236 147
car 0.0223 -17 202 350 525
car 0.0017 270 133 333 277
car 0.0012 233 155 301 255
car 0.0010 101 -7 179 54
chair 0.0163 57 48 79 116
chair 0.0073 47 50 71 111
chair 0.0041 1 69 32 141
chair 0.0019 37 54 52 117
chair 0.0014 49 81 65 123
chair 0.0013 38 79 53 126
motorbike 0.5188 9 37 323 461
motorbike 0.0168 117 123 367 529
motorbike 0.0080 88 97 245 405
motorbike 0.0052 226 7 312 99
motorbike 0.0051 198 -7 336 138
motorbike 0.0034 253 -3 336 59
motorbike 0.0025 119 189 264 470
motorbike 0.0010 235 -15 312 40
person 0.7832 75 22 95 114
person 0.7368 32 20 53 117
person 0.6872 48 23 70 114
person 0.5616 57 24 78 106
person 0.4833 37 -2 294 426
person 0.3080 266 63 336 264
person 0.1582 0 22 18 68
person 0.0969 84 4 101 96
person 0.0751 23 17 45 117
person 0.0716 220 2 320 264
person 0.0710 62 27 78 68
person 0.0692 186 -10 241 126
person 0.0682 0 23 18 146
person 0.0642 165 -7 219 119
person 0.0613 49 28 69 68
person 0.0576 7 23 27 65
person 0.0401 22 19 67 119
person 0.0395 183 1 208 129
person 0.0357 212 2 240 131
person 0.0308 5 21 27 111
person 0.0275 59 29 223 228
person 0.0253 17 16 43 81
person 0.0246 21 22 39 68
person 0.0222 61 12 75 54
person 0.0210 293 41 332 242
person 0.0209 64 52 215 369
person 0.0202 51 13 65 54
person 0.0193 61 20 104 114
person 0.0192 106 11 139 79
person 0.0180 2 17 30 75
person 0.0177 77 22 92 73
person 0.0175 97 29 119 63
person 0.0135 180 -5 247 62
person 0.0128 33 17 53 50
person 0.0126 254 109 291 177
person 0.0100 86 13 102 53
person 0.0093 46 26 92 106
person 0.0080 0 40 17 87
person 0.0079 36 22 53 76
person 0.0076 146 -10 239 203
person 0.0074 204 11 282 119
person 0.0073 9 40 26 86
person 0.0069 318 25 332 261
person 0.0066 179 -11 307 135
person 0.0065 167 -2 201 65
person 0.0060 237 114 297 233
person 0.0059 90 31 125 95
person 0.0058 210 0 328 57
person 0.0051 14 7 46 58
person 0.0050 -20 107 251 468
person 0.0046 113 10 217 109
person 0.0046 75 16 94 50
person 0.0043 -3 4 41 112
person 0.0039 111 22 131 70
person 0.0038 192 1 225 60
person 0.0037 25 38 41 89
person 0.0035 91 19 124 71
person 0.0034 112 45 131 86
person 0.0033 261 108 287 141
person 0.0033 144 -5 203 101
person 0.0032 8 49 68 133
person 0.0032 204 95 285 183
person 0.0028 79 44 105 124
person 0.0027 142 0 176 25
person 0.0024 168 39 225 165
person 0.0024 159 0 188 28
person 0.0021 196 45 223 127
person 0.0021 205 -3 239 62
person 0.0020 156 17 280 244
person 0.0020 108 25 135 103
person 0.0020 0 54 14 114
person 0.0018 278 119 294 169
person 0.0015 292 129 334 277
person 0.0014 79 30 151 151
person 0.0014 31 49 96 137
person 0.0014 161 1 191 91
person 0.0013 81 3 106 62
person 0.0013 167 24 204 107
person 0.0013 130 1 163 25
person 0.0012 126 44 359 457
person 0.0012 220 -2 248 97
person 0.0012 85 89 135 200
person 0.0012 209 0 239 26
person 0.0012 58 0 80 65
person 0.0011 237 27 299 174
person 0.0011 106 -31 327 302
person 0.0011 96 18 121 47
person 0.0010 25 60 42 110
person 0.0010 95 43 121 83
person 0.0010 124 41 259 302
person 0.0010 183 -1 214 26
