horse 0.5271 72 111 343 255
horse 0.0299 1 82 420 235
horse 0.0051 35 126 245 251
horse 0.0039 188 106 380 257
horse 0.0018 150 136 271 230
horse 0.0018 114 144 231 230
horse 0.0011 76 141 192 222
person 0.0905 192 91 286 211
person 0.0454 196 103 242 147
person 0.0353 149 108 274 199
person 0.0338 182 100 260 173
person 0.0142 213 100 264 148
person 0.0128 184 104 228 166
person 0.0094 235 100 331 168
person 0.0089 183 122 217 208
person 0.0055 191 107 219 141
person 0.0054 77 131 209 228
person 0.0049 198 105 241 196
person 0.0045 253 103 308 147
person 0.0028 119 82 304 193
person 0.0026 215 97 260 205
person 0.0022 233 98 281 149
person 0.0022 240 100 277 122
person 0.0021 197 95 289 155
person 0.0015 221 104 256 139
person 0.0013 44 144 172 208
person 0.0013 238 111 283 189
person 0.0012 189 117 216 152
person 0.0010 224 99 260 122
