person 0.3265 166 23 411 361
person 0.1392 209 15 375 265
person 0.0122 223 0 505 334
person 0.0063 26 55 319 329
person 0.0028 -2 164 24 233
person 0.0025 15 137 485 348
person 0.0025 295 48 435 284
person 0.0021 174 43 327 290
person 0.0020 0 261 20 291
person 0.0017 -1 159 111 329
person 0.0016 -1 253 23 323
person 0.0015 -10 248 56 339
person 0.0014 232 110 422 326
person 0.0014 325 73 482 260
person 0.0011 369 135 509 301
pottedplant 0.0148 386 195 500 345
pottedplant 0.0142 411 218 486 322
pottedplant 0.0095 2 96 111 287
pottedplant 0.0052 271 200 458 332
pottedplant 0.0051 330 149 478 339
pottedplant 0.0026 -5 117 59 215
pottedplant 0.0025 -25 82 77 254
pottedplant 0.0024 13 140 95 244
pottedplant 0.0021 316 225 417 310
pottedplant 0.0019 393 255 495 334
pottedplant 0.0018 16 90 93 190
pottedplant 0.0017 339 265 468 331
pottedplant 0.0017 355 228 454 308
pottedplant 0.0011 320 88 392 180
pottedplant 0.0010 176 200 399 333
pottedplant 0.0010 305 240 499 341
