bicycle 0.0130 169 131 262 196
bottle 0.0129 127 61 152 111
bottle 0.0091 133 79 146 117
bottle 0.0015 139 69 155 106
bus 0.0093 -1 75 71 154
bus 0.0026 3 53 100 173
car 0.0145 0 131 14 165
car 0.0038 216 31 267 102
car 0.0020 254 24 268 51
car 0.0012 239 20 267 87
chair 0.0014 101 53 153 115
horse 0.1501 32 127 154 258
horse 0.1000 25 104 241 292
horse 0.0121 60 104 205 239
horse 0.0013 60 128 121 212
horse 0.0011 76 122 147 214
horse 0.0010 51 158 134 245
person 0.2952 91 56 126 109
person 0.1732 182 90 246 170
person 0.1267 163 113 218 181
person 0.0640 128 121 211 197
person 0.0617 90 56 135 140
person 0.0484 27 51 118 182
person 0.0482 138 106 209 172
person 0.0381 37 75 145 215
person 0.0323 171 81 221 142
person 0.0240 73 61 121 167
person 0.0197 151 80 166 115
person 0.0195 126 107 183 184
person 0.0182 152 84 203 139
person 0.0159 174 63 208 104
person 0.0144 115 118 235 228
person 0.0140 172 121 208 171
person 0.0111 134 91 257 195
person 0.0103 0 15 14 89
person 0.0083 170 123 252 198
person 0.0076 0 33 12 73
person 0.0060 100 11 115 40
person 0.0059 169 69 191 97
person 0.0059 7 35 43 74
person 0.0058 140 82 157 112
person 0.0056 50 63 102 166
person 0.0055 0 31 29 77
person 0.0051 208 96 262 176
person 0.0050 190 52 210 81
person 0.0049 177 70 203 97
person 0.0047 152 110 191 155
person 0.0046 206 79 259 140
person 0.0044 186 72 237 130
person 0.0037 123 86 195 143
person 0.0036 83 95 153 167
person 0.0034 213 53 228 85
person 0.0034 196 61 227 107
person 0.0032 103 51 166 104
person 0.0032 107 99 161 187
person 0.0029 153 131 226 221
person 0.0028 13 41 37 68
person 0.0028 164 65 195 104
person 0.0028 97 65 118 100
person 0.0028 30 80 237 380
person 0.0027 54 66 78 133
person 0.0026 153 81 188 121
person 0.0025 144 111 175 179
person 0.0024 202 91 240 141
person 0.0024 209 70 231 94
person 0.0024 184 49 216 86
person 0.0023 190 42 210 70
person 0.0023 4 41 25 70
person 0.0022 31 99 115 168
person 0.0021 145 90 174 137
person 0.0020 149 99 170 128
person 0.0019 196 117 226 175
person 0.0019 207 118 238 176
person 0.0018 189 68 209 96
person 0.0017 149 75 169 101
person 0.0017 133 117 165 174
person 0.0016 152 59 209 112
person 0.0016 62 67 89 133
person 0.0016 82 65 114 129
person 0.0016 99 52 132 91
person 0.0015 70 36 127 106
person 0.0014 173 58 228 110
person 0.0014 157 86 182 114
person 0.0014 117 105 139 128
person 0.0013 83 65 184 215
person 0.0013 199 71 224 96
person 0.0013 195 51 249 116
person 0.0013 212 40 230 70
person 0.0013 8 62 92 158
person 0.0013 33 43 59 65
person 0.0013 124 107 153 156
person 0.0012 100 21 115 49
person 0.0011 57 69 76 98
person 0.0011 178 84 203 110
person 0.0011 200 54 220 82
person 0.0010 184 105 217 156
person 0.0010 88 48 148 95
person 0.0010 220 28 243 48
person 0.0010 209 45 232 92
person 0.0010 135 89 163 140
pottedplant 0.0155 167 46 225 115
pottedplant 0.0080 175 49 208 93
pottedplant 0.0052 205 80 256 149
pottedplant 0.0045 183 49 250 107
pottedplant 0.0044 233 100 249 127
pottedplant 0.0040 212 46 263 111
pottedplant 0.0036 180 55 201 86
pottedplant 0.0033 147 0 202 99
pottedplant 0.0030 150 45 201 121
pottedplant 0.0016 170 59 191 86
pottedplant 0.0016 227 102 255 156
pottedplant 0.0016 128 -10 221 110
pottedplant 0.0015 164 49 196 95
pottedplant 0.0014 186 14 246 75
pottedplant 0.0014 67 55 84 80
pottedplant 0.0013 124 49 185 103
pottedplant 0.0012 125 7 183 91
pottedplant 0.0012 1 17 60 77
pottedplant 0.0012 180 44 202 68
pottedplant 0.0012 148 22 243 135
pottedplant 0.0011 232 114 250 142
pottedplant 0.0010 177 32 207 78
pottedplant 0.0010 54 56 80 78
tvmonitor 0.0273 181 -3 251 42
tvmonitor 0.0038 181 15 243 63
tvmonitor 0.0029 39 11 105 75
tvmonitor 0.0026 204 21 271 74
tvmonitor 0.0014 177 0 204 18
tvmonitor 0.0012 203 -8 240 26
tvmonitor 0.0012 204 -1 239 16
tvmonitor 0.0010 186 0 213 17
