bicycle 0.0236 -29 133 375 350
bicycle 0.0031 16 241 249 338
bicycle 0.0012 61 163 280 321
bottle 0.0218 122 265 163 333
bottle 0.0018 100 265 185 332
bottle 0.0015 175 278 222 326
bottle 0.0013 168 294 227 333
chair 0.0036 54 244 155 330
chair 0.0012 144 294 280 335
chair 0.0012 53 242 292 338
chair 0.0011 20 238 189 342
chair 0.0011 99 264 247 332
person 0.8813 54 1 367 332
person 0.0096 161 29 338 250
person 0.0059 -33 69 303 313
person 0.0051 74 47 275 284
person 0.0018 201 88 370 293
person 0.0011 165 6 260 71
person 0.0010 164 27 256 97
pottedplant 0.0024 158 12 248 78
pottedplant 0.0016 174 22 227 68
