bottle 0.0013 125 343 140 369
bottle 0.0011 133 360 147 388
bottle 0.0011 121 361 133 394
bottle 0.0010 142 364 165 386
car 0.0153 67 333 110 381
car 0.0146 66 344 128 404
car 0.0121 29 337 88 391
car 0.0097 65 344 85 368
car 0.0078 11 335 72 374
car 0.0068 5 284 165 523
car 0.0038 129 372 169 441
car 0.0036 75 343 99 366
car 0.0028 64 338 100 406
car 0.0025 43 345 67 366
car 0.0017 30 345 55 365
car 0.0016 68 339 95 375
car 0.0013 59 344 77 369
car 0.0011 59 294 135 455
chair 0.0160 121 364 159 443
chair 0.0019 90 287 132 366
chair 0.0017 11 331 53 392
chair 0.0016 118 391 158 479
chair 0.0014 153 360 166 386
chair 0.0013 78 288 117 371
chair 0.0012 79 226 116 344
chair 0.0011 123 381 145 439
chair 0.0011 115 439 159 508
chair 0.0011 119 281 156 364
chair 0.0011 83 440 140 503
chair 0.0011 92 329 130 403
chair 0.0010 65 288 104 374
person 0.6124 64 327 130 500
person 0.0073 27 274 168 533
person 0.0046 64 365 97 499
person 0.0030 89 341 133 459
person 0.0029 62 337 110 455
person 0.0015 136 346 170 407
person 0.0014 75 364 172 505
person 0.0013 32 324 111 491
person 0.0011 0 287 9 386
pottedplant 0.0099 144 383 164 437
pottedplant 0.0023 135 362 171 430
pottedplant 0.0015 147 394 161 433
tvmonitor 0.0071 41 208 78 298
tvmonitor 0.0039 132 287 166 363
tvmonitor 0.0015 53 197 90 302
tvmonitor 0.0011 29 175 88 337
