car 0.8544 27 84 472 347
car 0.0409 109 114 390 319
car 0.0059 148 104 427 226
car 0.0049 242 82 276 101
car 0.0045 226 106 426 325
car 0.0041 70 124 279 310
car 0.0041 260 71 295 92
car 0.0039 255 84 297 101
car 0.0016 220 84 259 100
car 0.0015 180 86 223 103
car 0.0015 103 86 144 106
car 0.0012 48 79 88 102
car 0.0011 201 63 526 313
car 0.0010 226 69 253 91
car 0.0010 201 82 239 101
person 0.0129 2 55 19 102
person 0.0043 247 68 273 94
person 0.0011 13 64 37 98
person 0.0010 -1 50 21 165
pottedplant 0.0036 395 90 486 173
pottedplant 0.0034 331 34 379 96
pottedplant 0.0022 392 66 492 139
pottedplant 0.0021 319 22 391 108
pottedplant 0.0020 398 73 432 145
pottedplant 0.0019 1 0 27 102
pottedplant 0.0018 406 73 452 144
