bottle 0.0214 257 304 292 373
bottle 0.0209 250 297 280 380
bottle 0.0012 261 356 296 375
car 0.0014 34 0 100 14
chair 0.0092 20 89 158 285
chair 0.0042 389 0 495 84
dog 0.0511 47 -14 451 333
dog 0.0011 187 77 541 354
horse 0.3358 31 46 468 385
horse 0.0030 177 114 401 317
horse 0.0023 129 83 298 348
person 0.0033 80 -4 184 48
person 0.0031 44 359 91 375
person 0.0019 367 -10 509 156
person 0.0018 84 5 262 79
person 0.0017 196 33 532 341
person 0.0015 322 18 486 180
person 0.0014 311 9 421 79
person 0.0014 311 -2 438 44
person 0.0013 108 -2 256 50
person 0.0012 21 0 72 15
person 0.0010 -7 35 277 338
tvmonitor 0.0012 336 333 490 375
tvmonitor 0.0010 306 -2 427 40
