bottle 0.2997 301 0 427 260
bottle 0.0087 316 55 487 264
bottle 0.0072 318 119 403 258
bottle 0.0036 263 50 400 268
bottle 0.0035 319 77 408 185
bottle 0.0024 302 131 368 244
bottle 0.0019 301 105 429 321
bottle 0.0017 314 7 404 127
bottle 0.0014 328 -23 472 173
chair 0.0028 233 1 424 146
chair 0.0011 278 24 380 111
diningtable 0.0383 9 32 489 341
diningtable 0.0012 256 22 550 294
motorbike 0.0020 27 81 472 348
person 0.0132 2 45 344 327
person 0.0091 246 -15 483 274
person 0.0056 20 -12 479 272
person 0.0051 0 15 60 131
person 0.0024 -16 6 61 194
person 0.0016 197 39 532 334
person 0.0016 0 -2 24 158
person 0.0015 2 -1 44 76
person 0.0014 0 -6 25 78
pottedplant 0.0055 322 3 418 83
tvmonitor 0.0036 247 17 335 125
tvmonitor 0.0022 222 -1 352 146
