bottle 0.0317 125 356 143 432
bottle 0.0080 143 363 168 432
bottle 0.0057 9 62 96 362
bottle 0.0054 102 396 121 427
bottle 0.0032 132 344 155 443
bottle 0.0026 152 374 179 447
bottle 0.0025 103 83 123 169
bottle 0.0017 124 399 145 432
bottle 0.0015 -4 165 72 409
bottle 0.0011 121 387 147 439
bus 0.0085 75 137 292 437
bus 0.0012 118 176 249 399
car 0.3051 169 409 273 493
car 0.1053 45 412 153 476
car 0.0167 57 380 138 443
car 0.0104 136 416 242 487
car 0.0086 216 409 279 499
car 0.0063 28 391 45 425
car 0.0056 10 372 46 424
car 0.0044 0 391 13 429
car 0.0034 140 435 230 507
car 0.0033 35 381 168 495
car 0.0033 0 368 29 424
car 0.0029 44 406 120 461
car 0.0027 15 382 39 416
car 0.0025 5 377 24 414
car 0.0024 56 401 83 425
car 0.0023 0 361 63 430
car 0.0022 -4 335 38 421
car 0.0017 78 398 105 424
car 0.0016 0 356 16 432
chair 0.0047 139 378 268 499
chair 0.0032 171 267 280 449
chair 0.0023 113 439 211 506
chair 0.0022 131 410 203 487
chair 0.0020 224 300 273 429
chair 0.0017 175 355 236 453
chair 0.0017 197 360 256 458
chair 0.0017 212 193 276 457
chair 0.0014 97 399 183 493
chair 0.0013 198 305 257 424
chair 0.0013 79 366 158 441
chair 0.0012 -5 205 68 447
chair 0.0012 128 355 194 460
chair 0.0011 126 306 241 490
chair 0.0011 201 292 294 508
chair 0.0011 145 428 234 504
chair 0.0010 62 363 216 502
chair 0.0010 38 338 158 473
chair 0.0010 163 404 236 465
diningtable 0.0144 52 427 173 476
diningtable 0.0047 64 440 173 504
person 0.0182 6 389 22 428
person 0.0036 92 397 116 426
person 0.0020 26 343 47 371
person 0.0018 16 389 37 426
person 0.0014 268 240 281 430
train 0.0969 29 27 251 472
train 0.0038 -16 -34 210 381
train 0.0012 84 105 198 392
tvmonitor 0.0101 81 376 100 414
tvmonitor 0.0095 90 368 117 425
tvmonitor 0.0040 0 53 107 294
tvmonitor 0.0038 72 378 90 415
tvmonitor 0.0032 59 383 81 410
tvmonitor 0.0023 57 366 125 423
