bottle 0.0669 33 182 65 235
bottle 0.0072 34 203 61 237
bottle 0.0057 40 183 83 235
bottle 0.0027 7 181 52 237
bottle 0.0021 57 107 77 140
bottle 0.0010 48 191 79 227
chair 0.0237 61 71 152 172
chair 0.0228 409 114 499 163
chair 0.0117 80 89 182 166
chair 0.0102 104 81 152 137
chair 0.0077 438 124 503 170
chair 0.0064 121 75 159 143
chair 0.0052 19 171 171 368
chair 0.0032 405 120 454 158
chair 0.0028 124 83 160 104
chair 0.0021 105 86 151 186
chair 0.0017 80 83 130 159
chair 0.0015 122 93 158 175
chair 0.0014 8 251 99 355
chair 0.0014 28 147 167 231
chair 0.0013 399 122 430 154
chair 0.0012 2 88 99 162
chair 0.0011 -6 226 122 376
chair 0.0010 85 232 339 374
chair 0.0010 139 88 182 155
diningtable 0.0045 -5 249 427 410
diningtable 0.0027 82 276 340 384
diningtable 0.0019 3 121 110 185
diningtable 0.0010 -10 100 128 271
person 0.6882 12 107 410 382
person 0.0195 -13 59 282 315
person 0.0155 40 74 220 245
person 0.0151 82 71 267 203
person 0.0146 87 135 336 351
person 0.0126 64 62 511 313
person 0.0124 17 146 255 341
person 0.0097 162 71 253 146
person 0.0076 136 69 230 174
person 0.0032 184 144 391 345
person 0.0026 207 60 292 136
person 0.0026 190 70 257 120
person 0.0011 -2 208 21 353
pottedplant 0.0486 240 55 272 80
pottedplant 0.0100 234 46 277 84
pottedplant 0.0057 243 62 268 92
pottedplant 0.0036 237 53 271 106
tvmonitor 0.0485 64 68 103 121
tvmonitor 0.0118 2 113 55 155
tvmonitor 0.0043 23 102 70 146
tvmonitor 0.0035 27 111 67 136
tvmonitor 0.0028 3 70 113 143
tvmonitor 0.0028 1 1 57 39
tvmonitor 0.0023 69 88 98 124
tvmonitor 0.0023 471 65 501 150
tvmonitor 0.0019 449 69 493 146
tvmonitor 0.0011 70 69 106 93
tvmonitor 0.0010 1 118 21 153
