aeroplane 0.0011 33 -58 466 203
bus 0.5296 4 0 494 318
bus 0.0138 0 146 30 243
bus 0.0047 205 35 522 339
bus 0.0033 231 76 422 298
bus 0.0027 1 152 56 267
bus 0.0025 92 58 331 254
bus 0.0024 324 82 485 293
bus 0.0022 5 138 43 225
bus 0.0019 124 -32 527 235
car 0.1988 49 110 527 379
car 0.0030 0 191 24 225
car 0.0029 0 176 28 269
car 0.0028 322 162 487 383
car 0.0022 0 205 23 240
car 0.0012 2 175 24 214
chair 0.0023 30 234 70 291
person 0.0246 272 71 327 116
person 0.0041 271 45 358 115
person 0.0034 313 64 357 123
person 0.0026 35 211 66 296
person 0.0025 283 86 312 123
person 0.0024 200 74 243 141
person 0.0015 255 69 301 119
person 0.0014 184 72 221 144
person 0.0014 217 85 259 134
person 0.0013 454 26 494 100
person 0.0011 308 53 366 106
person 0.0010 226 92 253 128
train 0.6754 1 58 498 374
train 0.0229 6 8 341 309
train 0.0031 133 111 367 320
train 0.0016 64 84 284 290
train 0.0010 -11 172 359 373
