bottle 0.0089 293 127 366 209
bottle 0.0044 382 87 442 206
bottle 0.0041 190 183 213 211
bottle 0.0019 190 172 213 201
bottle 0.0017 185 174 217 221
bottle 0.0011 385 135 432 210
car 0.0011 -1 220 20 303
chair 0.0027 390 47 491 135
chair 0.0027 375 35 506 195
chair 0.0017 18 194 170 339
chair 0.0013 329 16 482 164
chair 0.0012 278 162 454 320
chair 0.0011 357 49 453 131
chair 0.0010 108 165 317 309
chair 0.0010 377 84 446 183
person 0.8418 71 25 428 307
person 0.0259 153 66 344 319
person 0.0082 181 46 547 336
person 0.0055 -17 17 287 316
person 0.0041 471 44 499 172
person 0.0039 260 70 399 259
person 0.0024 6 94 120 290
person 0.0024 77 49 272 232
person 0.0024 190 4 387 123
person 0.0024 181 46 395 231
person 0.0020 139 -22 513 253
person 0.0020 242 2 346 71
person 0.0019 474 27 499 113
person 0.0014 472 104 498 190
person 0.0013 235 18 418 158
person 0.0010 324 93 484 290
pottedplant 0.0025 308 130 362 189
