boat 0.0188 258 43 396 97
boat 0.0034 312 58 361 75
boat 0.0029 219 28 432 124
boat 0.0011 344 56 399 74
boat 0.0011 308 46 442 84
bus 0.6629 98 191 405 309
bus 0.0505 33 186 250 298
bus 0.0197 57 143 441 289
bus 0.0054 151 206 347 289
bus 0.0042 162 239 336 300
bus 0.0038 67 207 198 288
bus 0.0033 9 229 50 269
bus 0.0017 70 189 193 255
bus 0.0012 142 188 354 254
bus 0.0011 94 236 252 299
bus 0.0010 110 176 230 257
car 0.0153 13 238 45 263
person 0.0138 35 234 55 265
person 0.0043 1 237 23 265
person 0.0016 33 227 59 256
person 0.0016 0 96 26 208
person 0.0015 1 223 21 257
person 0.0012 462 123 485 152
train 0.0058 238 55 397 101
tvmonitor 0.0052 392 115 480 206
tvmonitor 0.0052 362 129 421 170
tvmonitor 0.0021 370 74 498 241
tvmonitor 0.0010 328 37 479 224
tvmonitor 0.0010 356 124 455 200
tvmonitor 0.0010 372 135 413 161
