boat 0.0098 243 128 276 145
boat 0.0061 30 100 236 143
boat 0.0028 222 127 262 145
boat 0.0027 82 115 127 132
boat 0.0025 55 69 289 169
boat 0.0021 253 132 304 146
boat 0.0020 152 87 272 151
boat 0.0020 57 116 229 158
boat 0.0019 179 130 226 147
boat 0.0017 100 117 149 133
boat 0.0011 145 115 279 164
boat 0.0011 194 129 244 146
car 0.0021 475 99 499 122
car 0.0019 322 132 388 147
car 0.0016 393 106 433 123
car 0.0013 388 116 437 131
car 0.0013 311 129 361 146
car 0.0011 404 106 459 120
car 0.0011 323 133 384 170
car 0.0010 426 105 477 120
motorbike 0.8335 238 140 434 307
motorbike 0.0081 258 173 403 280
motorbike 0.0011 223 78 505 318
person 0.0177 258 121 340 282
person 0.0096 258 130 325 217
person 0.0025 254 144 310 184
person 0.0023 258 153 381 247
person 0.0022 266 139 296 162
person 0.0014 328 151 397 247
person 0.0013 229 117 415 235
person 0.0012 265 138 379 201
person 0.0011 0 237 24 328
