bicycle 0.0093 311 209 366 263
boat 0.0010 -3 230 59 329
car 0.5911 317 173 414 263
car 0.4222 440 164 497 222
car 0.3208 317 161 432 223
car 0.1254 320 155 467 273
car 0.0476 352 189 444 293
car 0.0443 302 166 365 273
car 0.0430 354 160 517 331
car 0.0333 382 151 498 224
car 0.0263 437 170 502 275
car 0.0199 347 159 401 204
car 0.0104 447 164 490 191
car 0.0080 471 146 502 242
car 0.0065 386 191 492 298
car 0.0063 368 128 510 254
car 0.0059 0 220 30 339
car 0.0059 289 154 372 235
car 0.0058 446 176 491 209
car 0.0057 424 140 517 294
car 0.0054 477 150 499 182
car 0.0047 430 173 483 216
car 0.0042 283 191 311 219
car 0.0042 376 146 446 219
car 0.0034 367 163 455 251
car 0.0031 272 151 403 283
car 0.0029 394 166 488 256
car 0.0028 441 145 500 192
car 0.0025 433 157 480 205
car 0.0025 328 163 379 224
car 0.0023 274 171 318 218
car 0.0022 448 156 492 178
car 0.0022 432 157 476 178
car 0.0021 350 174 402 242
car 0.0018 428 164 509 387
car 0.0018 472 133 500 202
car 0.0017 478 160 502 194
car 0.0017 401 174 454 214
car 0.0015 456 148 523 240
car 0.0013 0 258 46 332
car 0.0013 313 135 416 196
car 0.0012 248 174 338 251
car 0.0011 281 206 372 269
car 0.0011 411 182 448 209
car 0.0010 0 208 57 329
car 0.0010 334 157 374 179
car 0.0010 439 163 471 194
car 0.0010 349 137 456 194
car 0.0010 359 160 390 197
chair 0.0124 373 215 503 384
chair 0.0094 393 280 494 381
chair 0.0060 42 229 235 374
chair 0.0036 67 304 204 367
chair 0.0027 435 264 502 383
chair 0.0026 36 325 210 379
chair 0.0022 475 247 500 371
chair 0.0020 355 292 454 378
chair 0.0016 320 263 492 391
chair 0.0010 446 322 497 379
chair 0.0010 441 210 501 335
motorbike 0.0926 306 170 402 274
motorbike 0.0426 49 220 286 370
motorbike 0.0065 301 202 378 268
person 0.9440 78 142 255 357
person 0.5623 197 152 284 327
person 0.3406 159 128 271 362
person 0.2249 391 149 429 215
person 0.0796 377 151 416 210
person 0.0487 384 154 410 184
person 0.0361 188 159 260 258
person 0.0245 396 154 424 181
person 0.0241 314 157 355 261
person 0.0197 314 165 361 220
person 0.0145 199 147 282 236
person 0.0075 398 157 425 200
person 0.0072 234 237 271 321
person 0.0052 111 129 183 200
person 0.0047 0 211 31 325
person 0.0035 332 158 373 259
person 0.0029 -7 226 61 320
person 0.0029 238 198 274 303
person 0.0029 189 180 216 208
person 0.0027 284 182 312 212
person 0.0022 217 163 268 311
person 0.0021 381 176 413 212
person 0.0021 122 136 212 229
person 0.0019 261 194 296 219
person 0.0018 101 135 179 238
person 0.0018 224 246 264 343
person 0.0015 106 189 238 302
person 0.0013 414 155 448 179
person 0.0013 298 165 330 221
person 0.0013 188 154 218 262
person 0.0012 305 146 332 212
person 0.0012 323 163 350 196
person 0.0011 247 195 274 223
person 0.0011 321 174 350 210
person 0.0011 202 225 274 337
person 0.0010 208 153 268 210
person 0.0010 267 176 296 211
person 0.0010 306 160 330 195
person 0.0010 130 128 184 177
pottedplant 0.0013 79 33 170 125
pottedplant 0.0010 1 173 52 243
