boat 0.0021 154 101 211 117
bus 0.6269 26 80 473 293
bus 0.0233 82 101 343 276
bus 0.0063 220 98 508 332
bus 0.0028 167 125 410 305
bus 0.0026 377 100 502 277
bus 0.0020 49 106 221 279
bus 0.0014 397 142 491 231
bus 0.0011 195 149 304 226
bus 0.0010 217 93 434 233
car 0.0421 15 168 483 319
car 0.0061 437 179 503 295
car 0.0024 -1 221 23 252
car 0.0020 472 144 500 245
car 0.0017 442 180 501 237
car 0.0017 -2 221 30 282
car 0.0013 68 213 355 318
car 0.0013 -1 178 27 270
car 0.0010 435 143 504 246
person 0.0035 88 165 115 194
person 0.0026 305 151 329 181
person 0.0017 120 185 157 237
person 0.0011 64 153 109 205
person 0.0010 69 153 102 181
tvmonitor 0.0023 46 138 96 195
tvmonitor 0.0020 59 143 113 192
