car 0.8672 9 73 490 301
car 0.2836 -1 90 30 183
car 0.2744 -6 77 62 182
car 0.1725 -1 68 29 148
car 0.1182 1 114 45 189
car 0.1181 24 68 325 249
car 0.0435 6 85 93 165
car 0.0330 114 88 386 285
car 0.0137 0 127 27 200
car 0.0127 199 73 450 244
car 0.0123 -1 87 26 127
car 0.0122 -25 96 44 175
car 0.0099 9 66 102 139
car 0.0089 65 96 105 115
car 0.0054 48 93 88 116
car 0.0050 47 86 86 108
car 0.0044 -1 115 26 158
car 0.0040 0 63 49 122
car 0.0035 25 76 70 165
car 0.0029 25 85 74 128
car 0.0028 67 84 107 109
car 0.0027 -2 64 125 194
car 0.0026 9 104 83 198
car 0.0025 30 93 69 118
car 0.0023 -28 73 47 145
car 0.0021 -1 146 24 183
car 0.0017 38 86 99 126
car 0.0016 84 109 124 133
car 0.0016 20 97 151 146
car 0.0016 56 103 119 138
car 0.0015 12 52 188 211
car 0.0014 56 44 290 170
car 0.0014 40 66 149 134
car 0.0012 20 117 69 184
car 0.0012 -23 69 76 247
car 0.0011 8 90 42 126
car 0.0010 12 102 40 141
car 0.0010 28 83 66 107
chair 0.0179 0 246 26 371
chair 0.0017 -1 248 58 361
chair 0.0016 0 198 22 333
person 0.0017 0 171 22 331
pottedplant 0.0257 421 92 446 126
pottedplant 0.0061 313 93 418 169
pottedplant 0.0040 475 177 500 209
pottedplant 0.0030 471 165 502 220
pottedplant 0.0023 413 62 447 129
pottedplant 0.0010 312 68 418 138
