aeroplane 0.0040 37 244 310 331
aeroplane 0.0016 91 -19 485 198
bus 0.0102 75 -12 424 242
bus 0.0020 189 47 384 188
bus 0.0018 107 24 317 156
bus 0.0014 -7 0 115 130
car 0.8714 66 74 191 140
car 0.1376 353 101 441 168
car 0.0780 300 99 420 173
car 0.0700 158 125 414 257
car 0.0403 83 44 493 236
car 0.0165 278 90 393 151
car 0.0118 328 142 378 181
car 0.0098 50 40 212 147
car 0.0089 90 82 162 133
car 0.0088 44 67 155 121
car 0.0083 24 107 475 275
car 0.0073 243 96 417 197
car 0.0072 294 129 422 260
car 0.0055 109 97 177 141
car 0.0052 333 84 458 194
car 0.0047 58 81 106 133
car 0.0041 307 131 422 201
car 0.0036 99 82 233 144
car 0.0033 179 76 396 214
car 0.0029 266 86 367 181
car 0.0026 359 141 427 245
car 0.0025 68 61 183 107
car 0.0024 269 58 455 172
car 0.0023 289 137 381 186
car 0.0021 369 87 420 104
car 0.0018 279 146 386 236
car 0.0018 263 124 372 172
car 0.0015 112 64 228 124
car 0.0014 235 109 344 178
car 0.0013 73 77 134 135
car 0.0013 235 87 343 151
car 0.0012 366 93 420 153
car 0.0012 8 20 104 108
car 0.0012 385 120 437 168
car 0.0012 227 133 348 206
car 0.0012 301 169 410 247
car 0.0012 51 74 81 121
chair 0.0068 47 217 302 327
person 0.1729 56 78 81 138
person 0.0465 282 139 320 183
person 0.0196 314 142 362 182
person 0.0140 244 144 268 175
person 0.0112 292 146 335 195
person 0.0111 334 148 373 196
person 0.0106 169 89 193 155
person 0.0077 0 -6 22 95
person 0.0071 170 58 195 87
person 0.0068 321 155 351 184
person 0.0053 279 150 317 218
person 0.0047 174 117 194 149
person 0.0036 356 148 393 200
person 0.0035 7 5 47 110
person 0.0032 297 137 331 163
person 0.0031 255 138 299 179
person 0.0029 5 -4 92 94
person 0.0027 299 142 331 180
person 0.0026 144 62 182 78
person 0.0025 360 156 387 187
person 0.0024 318 159 357 210
person 0.0021 128 59 160 80
person 0.0021 189 55 212 87
person 0.0021 250 134 273 165
person 0.0020 341 152 367 189
person 0.0020 285 132 342 168
person 0.0020 223 147 254 171
person 0.0019 273 135 359 187
person 0.0018 308 141 402 232
person 0.0017 -1 30 20 135
person 0.0015 322 136 351 164
person 0.0014 3 -3 49 45
person 0.0013 283 136 316 162
person 0.0013 359 162 398 236
person 0.0012 359 164 422 257
person 0.0012 56 78 76 114
person 0.0012 165 52 203 91
person 0.0012 244 157 273 185
person 0.0011 245 126 280 172
person 0.0011 359 148 387 174
person 0.0010 300 99 333 120
person 0.0010 316 99 357 119
person 0.0010 179 49 219 92
tvmonitor 0.0017 6 7 106 68
