boat 0.0371 113 219 236 261
boat 0.0092 46 212 81 233
boat 0.0070 94 212 189 264
boat 0.0019 123 190 214 255
boat 0.0016 28 214 71 233
boat 0.0015 2 214 52 235
boat 0.0015 0 209 22 240
boat 0.0014 -4 202 56 243
cow 0.1465 349 212 388 268
cow 0.0118 334 214 414 266
horse 0.0852 351 219 386 277
horse 0.0051 332 217 416 281
person 0.3573 115 221 138 255
person 0.2661 121 216 162 258
person 0.1903 163 218 204 258
person 0.1483 137 217 186 257
person 0.1267 178 214 214 261
person 0.0532 92 197 113 226
person 0.0265 93 205 116 235
person 0.0205 130 210 159 237
person 0.0204 148 213 177 238
person 0.0181 113 234 138 262
person 0.0181 357 218 385 261
person 0.0148 113 210 138 243
person 0.0130 186 213 212 240
person 0.0117 116 215 209 258
person 0.0086 169 213 201 239
person 0.0078 347 214 371 262
person 0.0072 124 204 165 246
person 0.0045 74 198 102 227
person 0.0042 108 202 145 249
person 0.0033 161 238 205 259
person 0.0032 91 198 121 245
person 0.0030 87 187 118 233
person 0.0029 158 227 210 268
person 0.0019 114 240 170 259
person 0.0018 72 210 104 233
person 0.0017 135 241 188 259
person 0.0010 74 214 175 261
sheep 0.0298 359 230 382 268
sheep 0.0044 346 228 372 271
