bicycle 0.0225 448 31 502 77
car 0.8310 9 15 489 267
car 0.6197 2 29 46 112
car 0.2908 -5 38 65 137
car 0.2728 8 22 99 103
car 0.0440 88 20 329 115
car 0.0372 -5 53 36 110
car 0.0267 25 104 474 329
car 0.0214 8 24 96 202
car 0.0192 418 11 488 74
car 0.0172 157 68 419 265
car 0.0150 37 28 142 94
car 0.0140 19 17 327 214
car 0.0135 79 11 187 68
car 0.0129 -9 10 70 81
car 0.0114 119 33 304 94
car 0.0100 8 18 122 69
car 0.0094 24 -6 156 143
car 0.0080 -1 3 96 57
car 0.0073 8 53 43 88
car 0.0072 62 -3 282 90
car 0.0069 85 77 339 255
car 0.0069 -21 -3 83 139
car 0.0059 27 36 106 128
car 0.0054 233 10 344 65
car 0.0042 13 53 76 112
car 0.0041 77 14 135 50
car 0.0035 43 41 91 95
car 0.0035 18 22 83 65
car 0.0033 66 3 146 82
car 0.0032 19 8 152 54
car 0.0030 147 14 277 67
car 0.0028 -2 66 27 98
car 0.0027 56 0 155 43
car 0.0025 0 9 29 104
car 0.0020 0 54 26 88
car 0.0018 42 44 144 131
car 0.0017 380 -3 484 69
car 0.0015 7 64 44 99
car 0.0014 10 38 184 195
car 0.0014 71 21 178 94
car 0.0013 0 45 30 144
car 0.0013 137 31 363 196
car 0.0011 28 32 72 53
car 0.0011 80 13 129 101
car 0.0010 44 32 89 54
chair 0.0021 357 12 392 74
chair 0.0020 364 15 387 45
chair 0.0014 359 28 388 57
person 0.8980 392 -10 430 100
person 0.5624 451 10 500 74
person 0.5427 474 9 499 79
person 0.3325 239 0 280 41
person 0.1253 254 0 295 42
person 0.1184 424 20 484 66
person 0.0705 151 2 175 38
person 0.0622 396 28 423 108
person 0.0500 382 3 418 110
person 0.0500 444 2 492 39
person 0.0343 403 0 479 69
person 0.0243 228 6 258 37
person 0.0181 372 22 444 98
person 0.0161 390 -1 427 44
person 0.0139 481 10 499 53
person 0.0130 284 14 306 44
person 0.0116 276 0 311 42
person 0.0115 473 -2 500 44
person 0.0110 264 14 295 45
person 0.0104 157 0 198 37
person 0.0099 478 34 497 77
person 0.0071 243 -1 276 21
person 0.0060 238 11 278 73
person 0.0054 242 13 272 44
person 0.0052 414 9 448 76
person 0.0050 398 21 424 68
person 0.0049 457 25 489 61
person 0.0045 220 -3 299 44
person 0.0036 146 0 180 20
person 0.0031 261 -2 293 18
person 0.0031 435 18 469 42
person 0.0030 433 28 471 60
person 0.0029 456 42 491 68
person 0.0027 3 10 54 51
person 0.0025 119 4 172 38
person 0.0025 450 0 494 17
person 0.0023 475 -2 504 17
person 0.0021 436 4 471 35
person 0.0020 183 5 221 29
person 0.0020 456 15 488 45
person 0.0019 377 -2 448 70
person 0.0019 428 0 478 17
person 0.0019 375 3 417 40
person 0.0017 235 -7 283 26
person 0.0015 238 0 311 58
person 0.0012 279 -1 316 16
person 0.0012 16 3 80 40
person 0.0011 436 44 472 67
person 0.0010 398 11 424 50
