bottle 0.0081 372 227 422 275
bottle 0.0028 357 227 393 279
bottle 0.0023 229 268 288 321
bottle 0.0021 334 243 377 319
chair 0.0085 57 235 142 318
chair 0.0040 52 260 150 340
chair 0.0027 157 330 344 376
chair 0.0021 88 256 179 347
chair 0.0017 385 294 502 364
chair 0.0016 173 296 327 371
chair 0.0015 90 272 334 384
chair 0.0014 21 231 178 371
diningtable 0.0088 52 252 524 407
diningtable 0.0063 234 331 422 377
diningtable 0.0037 148 274 424 387
diningtable 0.0019 129 234 371 366
person 0.8992 56 33 442 399
person 0.2116 236 40 493 392
person 0.0246 128 85 369 346
person 0.0129 327 197 480 361
person 0.0082 227 48 428 264
person 0.0020 93 62 253 249
person 0.0020 352 227 454 320
person 0.0015 279 128 449 361
person 0.0012 81 131 267 359
