bottle 0.0051 1 46 25 143
bottle 0.0010 6 22 41 135
cat 0.0842 44 80 455 351
cat 0.0098 71 133 278 299
cat 0.0041 7 135 91 223
cat 0.0038 33 111 229 267
cat 0.0029 35 147 142 224
cat 0.0026 4 151 342 393
cat 0.0020 92 205 329 341
cat 0.0015 -36 70 306 304
chair 0.0126 5 66 41 152
chair 0.0055 0 63 25 151
chair 0.0049 0 2 22 128
chair 0.0042 12 16 84 127
chair 0.0035 -2 0 63 104
chair 0.0018 0 13 46 89
chair 0.0017 4 -6 105 206
chair 0.0015 -2 49 64 152
chair 0.0014 74 32 195 108
chair 0.0014 48 -4 223 138
person 0.3827 81 34 495 340
person 0.0391 399 19 494 296
person 0.0385 186 7 391 137
person 0.0169 432 57 513 317
person 0.0100 266 20 461 184
person 0.0099 326 16 486 239
person 0.0046 258 40 547 333
person 0.0044 226 27 349 115
person 0.0039 179 -8 473 269
person 0.0031 274 73 456 302
person 0.0026 47 -15 376 275
person 0.0021 144 79 356 293
person 0.0020 420 20 532 240
person 0.0020 158 3 266 88
person 0.0019 1 58 20 101
person 0.0019 226 2 348 77
person 0.0016 237 67 417 131
person 0.0015 123 -1 300 137
person 0.0013 87 1 184 89
person 0.0012 230 -5 342 44
person 0.0011 142 26 355 168
person 0.0011 131 69 289 122
person 0.0011 1 135 124 351
person 0.0010 0 93 28 208
person 0.0010 180 54 395 204
