car 0.0013 64 55 189 96
motorbike 0.7916 231 106 442 273
motorbike 0.0202 304 140 418 240
motorbike 0.0071 239 169 413 259
motorbike 0.0013 234 144 336 234
person 0.8897 311 87 420 237
person 0.1023 324 87 409 180
person 0.0297 352 93 427 208
person 0.0118 18 63 77 101
person 0.0096 1 60 22 96
person 0.0083 27 67 68 95
person 0.0074 351 87 401 158
person 0.0069 294 103 373 216
person 0.0057 278 132 311 197
person 0.0040 -1 64 58 98
person 0.0029 288 133 313 170
person 0.0028 47 67 81 97
person 0.0025 255 114 331 206
person 0.0020 274 95 379 171
person 0.0018 289 121 314 150
person 0.0017 355 100 397 230
person 0.0016 268 132 300 198
person 0.0013 299 121 331 149
person 0.0011 351 145 435 233
person 0.0010 284 144 308 182
person 0.0010 269 147 294 181
pottedplant 0.0043 -1 -4 57 47
