aeroplane 0.0062 446 172 489 188
bird 0.0056 440 170 470 189
boat 0.5077 148 253 254 303
boat 0.2954 279 159 393 201
boat 0.1699 25 168 74 187
boat 0.1276 100 167 153 188
boat 0.0854 27 158 70 179
boat 0.0801 116 170 166 191
boat 0.0425 368 119 425 156
boat 0.0424 241 184 279 206
boat 0.0374 -3 79 101 135
boat 0.0369 106 156 147 177
boat 0.0359 272 175 399 208
boat 0.0352 372 139 414 161
boat 0.0318 10 169 52 188
boat 0.0261 22 150 78 184
boat 0.0254 389 140 432 158
boat 0.0244 10 124 50 146
boat 0.0240 294 139 415 195
boat 0.0233 372 169 419 189
boat 0.0198 3 75 63 110
boat 0.0194 152 211 256 287
boat 0.0163 148 270 264 322
boat 0.0137 363 137 392 162
boat 0.0128 44 156 84 178
boat 0.0115 368 130 419 168
boat 0.0109 3 115 56 154
boat 0.0094 91 154 190 212
boat 0.0089 7 98 59 145
boat 0.0088 387 172 432 188
boat 0.0085 23 125 69 144
boat 0.0083 177 333 324 376
boat 0.0073 -8 96 109 162
boat 0.0070 135 171 184 189
boat 0.0069 308 170 365 191
boat 0.0065 148 155 276 211
boat 0.0063 86 160 165 197
boat 0.0062 16 80 73 101
boat 0.0058 249 185 300 202
boat 0.0057 387 127 432 151
boat 0.0054 9 80 177 132
boat 0.0054 78 127 194 191
boat 0.0053 0 144 97 189
boat 0.0045 220 154 370 207
boat 0.0045 374 182 415 202
boat 0.0045 37 99 150 162
boat 0.0045 77 97 196 161
boat 0.0044 189 131 312 191
boat 0.0044 130 184 279 303
boat 0.0043 116 183 169 201
boat 0.0041 296 156 344 198
boat 0.0040 33 62 235 195
boat 0.0040 36 162 88 193
boat 0.0038 226 184 261 206
boat 0.0037 -5 168 24 188
boat 0.0036 364 143 416 186
boat 0.0036 5 160 59 195
boat 0.0035 372 151 409 174
boat 0.0035 184 262 259 295
boat 0.0034 300 183 371 201
boat 0.0032 413 140 445 158
boat 0.0030 2 74 128 114
boat 0.0030 5 93 49 117
boat 0.0029 160 251 212 285
boat 0.0028 347 171 405 189
boat 0.0028 192 271 253 290
boat 0.0028 31 157 162 217
boat 0.0028 17 72 68 140
boat 0.0026 382 132 436 164
boat 0.0026 303 148 363 188
boat 0.0022 219 268 257 290
boat 0.0021 356 130 398 169
boat 0.0021 394 151 426 175
boat 0.0021 11 108 48 137
boat 0.0020 359 125 395 153
boat 0.0020 -4 83 28 107
boat 0.0019 72 334 194 379
boat 0.0019 158 269 207 290
boat 0.0019 273 186 324 204
boat 0.0019 113 121 309 250
boat 0.0019 171 269 232 287
boat 0.0018 342 158 446 198
boat 0.0018 158 173 209 191
boat 0.0018 45 124 87 144
boat 0.0017 257 145 377 192
boat 0.0017 2 154 111 215
boat 0.0017 156 296 265 366
boat 0.0017 32 129 161 192
boat 0.0017 352 126 436 173
boat 0.0016 102 113 223 159
boat 0.0016 -2 108 25 135
boat 0.0016 109 176 173 207
boat 0.0016 405 115 459 133
boat 0.0016 9 72 52 94
boat 0.0016 188 98 311 162
boat 0.0015 239 330 279 354
boat 0.0015 119 263 228 324
boat 0.0014 124 254 298 409
boat 0.0014 353 115 401 158
boat 0.0014 226 332 292 371
boat 0.0014 -3 95 25 119
boat 0.0014 23 73 70 93
boat 0.0014 135 126 190 145
boat 0.0014 -12 109 70 160
boat 0.0014 154 128 267 192
boat 0.0013 57 158 115 173
boat 0.0013 65 96 106 118
boat 0.0013 418 116 484 133
boat 0.0013 23 109 67 135
boat 0.0012 159 181 267 251
boat 0.0012 384 115 437 134
boat 0.0012 -19 157 76 199
boat 0.0012 377 102 487 141
boat 0.0011 178 243 318 304
boat 0.0011 83 97 126 118
boat 0.0011 -14 41 201 161
boat 0.0011 162 273 238 312
boat 0.0011 242 99 411 221
boat 0.0011 -38 73 144 177
boat 0.0011 182 60 394 199
boat 0.0011 396 181 431 201
boat 0.0010 367 104 425 144
boat 0.0010 121 124 166 145
boat 0.0010 177 170 220 190
boat 0.0010 354 76 474 142
boat 0.0010 154 100 267 162
boat 0.0010 295 183 336 205
boat 0.0010 273 93 382 165
boat 0.0010 146 98 353 218
boat 0.0010 57 170 115 187
boat 0.0010 9 158 50 180
bottle 0.0019 156 358 207 375
bottle 0.0011 144 334 181 375
car 0.0162 447 128 495 143
chair 0.0178 331 315 479 364
chair 0.0167 194 333 381 373
chair 0.0135 267 331 459 375
chair 0.0074 364 325 466 376
chair 0.0050 236 314 421 365
chair 0.0023 367 329 421 372
chair 0.0018 1 336 188 374
chair 0.0012 384 317 444 363
chair 0.0011 250 284 478 386
person 0.1106 181 252 214 277
person 0.0420 168 255 200 278
person 0.0340 302 152 333 179
person 0.0164 169 248 224 283
person 0.0088 152 339 175 373
person 0.0039 300 163 335 191
person 0.0032 184 240 212 270
person 0.0029 313 154 355 178
person 0.0026 257 357 300 375
person 0.0014 130 340 161 370
person 0.0010 274 357 322 375
person 0.0010 0 335 22 371
person 0.0010 326 359 383 375
pottedplant 0.0183 373 315 490 366
pottedplant 0.0046 418 331 483 374
pottedplant 0.0036 446 329 490 381
pottedplant 0.0011 455 237 494 291
pottedplant 0.0010 425 359 479 375
tvmonitor 0.0012 212 332 421 374
