bicycle 0.0023 -59 29 330 345
bird 0.0756 33 102 466 385
bird 0.0038 134 93 368 337
cat 0.3432 62 51 437 381
cat 0.0016 1 167 96 251
cat 0.0012 144 67 355 301
chair 0.0253 12 4 180 205
chair 0.0117 -8 121 140 316
chair 0.0092 8 27 106 116
chair 0.0053 -1 56 119 261
chair 0.0048 1 12 104 75
chair 0.0039 8 147 108 238
chair 0.0035 36 28 155 117
chair 0.0027 82 25 134 77
chair 0.0020 14 107 103 210
chair 0.0012 46 51 146 150
chair 0.0011 76 32 190 113
chair 0.0010 9 257 98 348
dog 0.3404 5 37 417 395
dog 0.0013 100 96 325 336
horse 0.0017 -22 89 370 398
person 0.0566 -24 17 371 414
person 0.0027 -3 133 132 353
person 0.0026 -4 131 60 245
person 0.0017 64 356 112 375
person 0.0014 -15 97 73 281
person 0.0013 -32 -4 224 264
person 0.0012 -7 212 119 391
tvmonitor 0.0021 50 25 94 74
