bird 0.0090 58 11 119 127
bird 0.0029 160 44 198 99
boat 0.0018 131 266 194 281
boat 0.0010 125 258 200 287
chair 0.0138 61 10 131 118
chair 0.0019 51 4 141 171
horse 0.8428 175 120 399 274
horse 0.1307 127 111 308 261
horse 0.0498 77 83 422 248
horse 0.0267 310 115 423 262
horse 0.0051 229 144 345 242
horse 0.0033 153 126 266 206
horse 0.0012 174 95 555 286
horse 0.0010 287 130 363 252
person 0.8088 366 112 421 255
person 0.0348 360 117 396 250
person 0.0176 369 117 492 262
person 0.0115 336 126 406 253
person 0.0083 160 38 193 129
person 0.0055 377 117 419 177
person 0.0049 391 146 477 243
person 0.0028 428 28 464 112
person 0.0027 480 21 500 119
person 0.0026 298 134 368 259
person 0.0018 394 122 491 213
person 0.0016 381 154 405 192
person 0.0013 379 167 406 201
person 0.0013 389 119 430 227
person 0.0010 145 51 214 137
person 0.0010 317 168 355 253
pottedplant 0.0048 60 26 112 89
pottedplant 0.0010 292 -1 341 14
pottedplant 0.0010 359 29 399 87
tvmonitor 0.0211 394 151 468 245
tvmonitor 0.0013 406 121 457 170
