bicycle 0.2341 184 219 465 386
bicycle 0.1045 124 266 300 387
bicycle 0.0308 133 229 368 375
bicycle 0.0047 119 285 230 376
bicycle 0.0032 209 122 368 365
bicycle 0.0027 330 184 458 363
bicycle 0.0018 357 229 447 326
bicycle 0.0015 94 149 406 394
bicycle 0.0011 179 285 317 377
bicycle 0.0011 158 251 265 355
motorbike 0.0065 213 122 439 365
person 0.9306 250 71 400 361
person 0.2383 243 13 398 251
person 0.0023 286 140 424 348
person 0.0022 479 1 501 128
person 0.0018 27 0 68 20
person 0.0018 44 1 86 40
person 0.0017 264 156 382 271
person 0.0017 21 1 72 41
person 0.0015 1 3 22 39
person 0.0012 266 105 378 211
pottedplant 0.0018 395 70 432 92
tvmonitor 0.0041 421 -5 488 80
tvmonitor 0.0040 476 -1 501 102
