bottle 0.0048 159 286 210 359
bottle 0.0024 125 293 231 377
diningtable 0.0013 32 262 241 386
person 0.8573 13 89 255 401
person 0.5009 195 105 457 383
person 0.3756 379 121 507 359
person 0.2560 0 87 116 341
person 0.1141 366 138 446 345
person 0.0786 211 83 369 346
person 0.0599 342 169 412 276
person 0.0552 27 76 152 249
person 0.0479 -1 141 23 303
person 0.0374 366 159 433 282
person 0.0348 352 178 402 240
person 0.0180 0 126 30 235
person 0.0158 344 148 378 241
person 0.0131 368 166 409 226
person 0.0110 102 82 397 407
person 0.0105 4 115 40 273
person 0.0090 385 357 444 375
person 0.0070 321 123 425 313
person 0.0058 115 120 168 183
person 0.0054 -5 110 63 377
person 0.0051 13 99 107 211
person 0.0050 -3 54 348 322
person 0.0050 82 103 262 281
person 0.0047 394 330 444 378
person 0.0047 104 122 185 202
person 0.0046 417 135 452 197
person 0.0037 0 202 23 357
person 0.0034 337 87 471 291
person 0.0032 391 162 439 227
person 0.0032 370 172 452 248
person 0.0030 427 148 510 394
person 0.0029 398 155 481 277
person 0.0027 478 167 500 308
person 0.0026 345 164 369 197
person 0.0026 364 359 423 375
person 0.0024 1 144 54 299
person 0.0022 341 179 379 266
person 0.0020 10 155 104 274
person 0.0019 0 160 25 199
person 0.0019 377 174 403 213
person 0.0018 410 140 446 245
person 0.0017 415 80 547 295
person 0.0016 0 148 25 181
person 0.0015 425 137 474 191
person 0.0015 378 168 409 195
person 0.0015 -55 80 171 353
person 0.0015 269 82 537 350
person 0.0015 125 108 218 203
person 0.0014 439 177 500 312
person 0.0013 408 353 453 375
person 0.0013 68 220 275 380
person 0.0013 315 189 397 287
person 0.0013 399 169 430 195
person 0.0013 322 159 392 260
person 0.0012 40 162 152 269
person 0.0011 170 104 331 272
person 0.0011 359 189 391 227
person 0.0010 417 335 441 377
person 0.0010 345 191 370 228
