bottle 0.0012 236 120 283 173
bottle 0.0011 183 313 220 334
chair 0.0388 1 184 102 345
chair 0.0266 252 100 312 139
chair 0.0243 155 123 241 218
chair 0.0079 382 86 499 300
chair 0.0055 257 100 301 119
chair 0.0048 145 142 219 235
chair 0.0043 277 99 313 120
chair 0.0042 278 104 312 132
chair 0.0041 -1 210 58 329
chair 0.0035 363 116 434 214
chair 0.0034 -3 265 101 334
chair 0.0029 347 69 459 261
chair 0.0027 235 292 419 335
chair 0.0027 245 105 275 132
chair 0.0027 306 114 367 156
chair 0.0024 0 243 22 332
chair 0.0021 230 105 322 164
chair 0.0021 162 108 248 177
chair 0.0020 14 168 176 317
chair 0.0018 267 92 318 128
chair 0.0016 435 12 504 100
chair 0.0014 -2 268 52 331
chair 0.0014 7 162 85 284
chair 0.0014 340 37 415 134
chair 0.0013 128 115 229 269
chair 0.0013 51 208 145 281
chair 0.0012 242 99 278 122
chair 0.0011 203 112 242 133
chair 0.0010 353 148 453 223
chair 0.0010 197 113 248 152
diningtable 0.1554 110 155 542 330
diningtable 0.0341 101 97 474 286
diningtable 0.0094 194 172 460 314
diningtable 0.0093 165 111 406 222
diningtable 0.0062 0 180 424 355
diningtable 0.0048 135 163 366 323
diningtable 0.0028 229 107 339 174
diningtable 0.0027 135 246 444 335
diningtable 0.0016 137 57 514 224
diningtable 0.0012 64 173 282 314
diningtable 0.0010 93 217 559 368
person 0.8176 357 -2 435 132
person 0.0363 -7 -10 64 293
person 0.0317 -4 59 97 326
person 0.0249 383 114 502 320
person 0.0081 337 10 415 118
person 0.0080 -5 134 64 351
person 0.0074 0 181 26 316
person 0.0061 -8 13 112 219
person 0.0049 431 73 513 312
person 0.0048 386 -5 492 179
person 0.0016 0 134 28 261
person 0.0013 5 187 42 311
person 0.0013 421 -3 539 184
person 0.0013 327 148 484 337
person 0.0011 363 3 456 83
person 0.0010 405 13 490 103
pottedplant 0.0340 364 -2 426 38
pottedplant 0.0339 356 2 438 61
pottedplant 0.0049 251 93 308 129
pottedplant 0.0025 360 -1 393 19
pottedplant 0.0021 369 0 419 17
pottedplant 0.0021 373 4 414 30
pottedplant 0.0016 361 3 390 30
pottedplant 0.0015 357 -1 401 36
pottedplant 0.0013 393 0 433 15
pottedplant 0.0010 337 -17 450 111
tvmonitor 0.1030 434 4 504 74
tvmonitor 0.0016 377 0 485 64
tvmonitor 0.0015 414 -3 452 65
