bicycle 0.0134 109 93 467 396
car 0.0023 182 4 336 64
chair 0.0065 -7 120 122 371
chair 0.0042 456 255 496 364
chair 0.0010 16 96 176 335
motorbike 0.1542 8 11 491 362
motorbike 0.0036 57 139 442 405
motorbike 0.0020 -24 -7 370 267
person 0.3703 85 -14 490 389
person 0.0095 -2 54 113 323
person 0.0081 476 147 501 299
person 0.0044 -24 14 217 360
person 0.0028 -7 86 63 347
person 0.0025 0 80 28 221
person 0.0019 -6 -3 102 73
person 0.0018 1 130 25 257
person 0.0017 470 52 498 163
person 0.0016 184 63 392 310
person 0.0011 247 0 309 16
person 0.0010 -21 50 78 268
pottedplant 0.1245 -37 -18 461 392
pottedplant 0.0157 369 69 510 307
pottedplant 0.0105 210 11 519 363
pottedplant 0.0043 -28 -32 220 350
pottedplant 0.0032 330 102 477 333
pottedplant 0.0029 447 -1 500 45
pottedplant 0.0026 387 -4 476 104
pottedplant 0.0023 283 67 448 309
pottedplant 0.0022 14 24 174 296
pottedplant 0.0020 44 289 146 371
pottedplant 0.0020 374 -3 507 206
pottedplant 0.0019 426 0 478 44
pottedplant 0.0016 316 -2 489 148
pottedplant 0.0014 351 29 458 112
pottedplant 0.0013 404 -2 498 76
pottedplant 0.0013 8 -5 183 153
pottedplant 0.0013 5 292 108 369
pottedplant 0.0012 115 234 307 374
pottedplant 0.0011 -23 114 369 373
pottedplant 0.0011 404 23 492 118
pottedplant 0.0010 48 100 215 332
pottedplant 0.0010 35 3 152 86
pottedplant 0.0010 316 40 490 220
tvmonitor 0.0030 475 165 502 308
tvmonitor 0.0010 409 189 490 285
