bird 0.0086 -2 -1 120 47
bird 0.0022 27 7 137 59
bottle 0.2162 195 53 306 315
bottle 0.0122 202 78 287 179
chair 0.0039 29 4 159 67
person 0.0062 156 1 211 43
person 0.0044 6 0 54 47
person 0.0042 178 -1 219 46
person 0.0033 75 3 134 43
person 0.0033 23 0 77 46
person 0.0030 -4 -3 104 50
person 0.0021 29 1 137 46
person 0.0020 127 6 217 85
person 0.0018 47 -1 218 41
person 0.0014 130 -1 232 48
person 0.0013 170 120 323 364
person 0.0012 0 240 24 344
person 0.0012 106 80 394 404
person 0.0012 95 0 153 44
person 0.0010 481 0 499 40
pottedplant 0.0011 2 291 49 351
train 0.0023 128 61 373 365
