boat 0.0030 44 175 85 196
boat 0.0014 476 86 501 182
boat 0.0013 33 174 67 199
boat 0.0010 6 135 106 201
bus 0.0012 476 112 500 210
chair 0.0068 279 264 431 334
chair 0.0018 479 148 501 246
person 0.0015 481 153 498 193
person 0.0011 478 151 500 218
pottedplant 0.1222 265 247 468 335
pottedplant 0.0276 289 259 374 333
pottedplant 0.0075 320 266 480 326
pottedplant 0.0012 309 240 416 312
sheep 0.0038 408 245 497 331
sheep 0.0034 393 266 436 285
sheep 0.0012 320 266 466 334
sheep 0.0011 412 265 448 289
train 0.6211 135 107 439 218
train 0.0131 40 137 153 200
train 0.0076 5 98 185 231
train 0.0076 5 81 419 250
train 0.0073 221 135 430 190
train 0.0028 81 135 184 200
train 0.0027 62 100 283 228
train 0.0021 -69 63 261 270
train 0.0016 103 79 326 200
train 0.0015 192 113 385 176
train 0.0014 324 135 423 185
train 0.0011 163 50 565 231
train 0.0010 153 107 268 179
