boat 0.0086 36 -8 210 19
boat 0.0067 111 0 176 16
boat 0.0060 285 -7 425 20
boat 0.0055 77 -2 137 13
boat 0.0030 88 0 161 14
boat 0.0019 74 0 248 41
boat 0.0016 22 -3 169 39
boat 0.0015 309 0 366 14
boat 0.0014 169 1 234 14
boat 0.0012 148 1 218 16
boat 0.0011 55 0 117 14
boat 0.0010 139 9 188 28
boat 0.0010 77 -11 137 20
car 0.0270 325 0 384 14
car 0.0252 447 0 496 13
car 0.0127 341 0 408 13
car 0.0114 366 0 423 13
car 0.0071 472 -1 501 21
car 0.0067 420 0 484 13
car 0.0050 386 0 439 13
car 0.0047 480 193 500 227
car 0.0029 289 0 346 13
car 0.0012 478 176 501 242
dog 0.6365 205 116 310 247
dog 0.0055 200 123 251 177
dog 0.0045 213 130 259 229
dog 0.0029 200 107 309 171
dog 0.0027 234 118 318 189
dog 0.0024 230 134 286 227
dog 0.0017 67 74 432 299
dog 0.0015 181 113 264 189
dog 0.0011 180 67 335 201
person 0.0106 238 1 281 17
person 0.0075 217 0 263 17
