bottle 0.0056 256 233 271 283
bottle 0.0047 266 336 283 381
bottle 0.0037 183 225 213 257
bottle 0.0032 210 228 236 254
bottle 0.0027 260 328 288 384
bottle 0.0025 224 227 248 257
bottle 0.0025 180 217 219 266
bottle 0.0017 193 229 227 255
bottle 0.0016 92 326 190 402
bottle 0.0016 106 286 136 385
bottle 0.0016 139 165 244 263
bottle 0.0015 251 225 272 260
bottle 0.0013 282 235 322 282
bottle 0.0013 157 476 187 500
bottle 0.0011 255 332 270 377
chair 0.0014 218 279 321 379
diningtable 0.2199 32 241 351 487
diningtable 0.0336 8 152 324 420
diningtable 0.0294 -6 316 339 565
diningtable 0.0281 97 267 285 460
diningtable 0.0141 113 213 322 367
diningtable 0.0050 81 321 250 492
diningtable 0.0043 139 240 240 332
diningtable 0.0029 148 315 231 406
diningtable 0.0028 156 217 279 276
diningtable 0.0025 155 271 280 376
diningtable 0.0025 123 279 209 372
diningtable 0.0025 134 350 301 529
diningtable 0.0017 82 194 252 385
diningtable 0.0011 53 288 228 440
person 0.7030 16 58 316 364
person 0.0474 14 52 108 449
person 0.0452 65 7 318 262
person 0.0171 -9 90 241 484
person 0.0135 65 30 216 235
person 0.0128 79 95 252 316
person 0.0115 218 167 314 252
person 0.0079 155 24 280 243
person 0.0038 189 167 286 241
person 0.0037 -10 81 47 420
person 0.0027 -3 187 81 458
person 0.0016 317 242 333 284
person 0.0015 0 225 14 406
person 0.0015 176 75 309 265
person 0.0014 31 132 144 447
pottedplant 0.0047 110 320 210 391
pottedplant 0.0018 316 254 333 297
pottedplant 0.0013 138 325 180 387
pottedplant 0.0011 130 341 214 404
