bottle 0.1197 337 212 374 292
bottle 0.0530 169 209 198 296
bottle 0.0474 -4 215 61 334
bottle 0.0278 225 242 261 294
bottle 0.0276 187 234 224 297
bottle 0.0121 195 242 236 291
bottle 0.0120 319 205 392 300
bottle 0.0109 204 248 229 285
bottle 0.0099 63 283 107 336
bottle 0.0089 207 258 230 301
bottle 0.0085 370 206 409 328
bottle 0.0083 359 208 390 296
bottle 0.0072 -15 139 64 351
bottle 0.0072 346 130 368 170
bottle 0.0066 478 256 499 362
bottle 0.0060 344 230 368 272
bottle 0.0049 0 236 22 351
bottle 0.0048 374 263 414 331
bottle 0.0046 -2 196 25 311
bottle 0.0042 230 259 255 297
bottle 0.0041 344 216 366 259
bottle 0.0040 336 195 375 254
bottle 0.0038 168 218 193 256
bottle 0.0035 414 248 490 371
bottle 0.0034 3 243 90 357
bottle 0.0032 0 244 53 317
bottle 0.0029 118 218 163 315
bottle 0.0028 110 210 138 238
bottle 0.0028 366 245 419 317
bottle 0.0027 88 232 180 309
bottle 0.0025 343 206 369 241
bottle 0.0023 344 132 374 193
bottle 0.0020 165 253 199 303
bottle 0.0019 192 242 215 290
bottle 0.0018 0 294 21 380
bottle 0.0017 190 229 211 274
bottle 0.0016 377 283 411 364
bottle 0.0016 373 254 451 366
bottle 0.0015 150 208 184 295
bottle 0.0014 20 284 72 334
bottle 0.0014 171 243 196 290
bottle 0.0014 322 210 358 294
bottle 0.0013 392 309 440 367
bottle 0.0012 358 235 395 326
bottle 0.0012 320 138 353 164
bottle 0.0011 344 306 481 371
bottle 0.0011 481 285 499 335
bottle 0.0011 351 178 389 268
bottle 0.0011 219 225 265 279
bottle 0.0011 242 251 271 282
bottle 0.0011 71 292 102 329
bottle 0.0010 122 209 161 267
bottle 0.0010 328 281 422 364
bottle 0.0010 346 233 440 329
chair 0.0222 134 295 263 380
chair 0.0049 14 132 36 172
chair 0.0047 474 224 499 337
chair 0.0045 8 122 39 181
chair 0.0037 105 324 240 382
chair 0.0031 416 240 492 321
chair 0.0026 272 117 382 192
chair 0.0019 0 139 28 247
chair 0.0018 0 167 22 278
chair 0.0018 258 173 292 244
chair 0.0016 438 247 504 356
chair 0.0016 183 202 318 287
chair 0.0015 4 141 42 221
chair 0.0014 261 99 300 146
chair 0.0014 114 232 223 306
chair 0.0012 247 164 347 252
chair 0.0011 193 134 289 251
chair 0.0011 0 158 59 288
chair 0.0011 239 109 337 205
chair 0.0010 158 175 272 259
chair 0.0010 233 241 346 306
diningtable 0.0337 96 281 402 386
diningtable 0.0242 212 274 516 379
diningtable 0.0160 75 238 345 370
diningtable 0.0151 -13 278 282 383
diningtable 0.0147 28 255 471 405
diningtable 0.0101 164 217 279 284
diningtable 0.0077 153 305 346 373
diningtable 0.0073 85 301 260 369
diningtable 0.0045 32 228 240 371
diningtable 0.0037 -47 209 316 394
diningtable 0.0036 -1 330 119 377
diningtable 0.0033 231 294 414 365
diningtable 0.0029 183 326 394 378
diningtable 0.0026 114 211 231 286
diningtable 0.0024 292 327 440 379
diningtable 0.0021 128 179 296 302
diningtable 0.0018 53 323 215 381
diningtable 0.0016 220 246 586 415
diningtable 0.0015 4 302 186 369
diningtable 0.0012 332 289 467 371
diningtable 0.0012 142 262 279 344
diningtable 0.0011 69 202 273 341
diningtable 0.0011 177 236 268 296
person 0.8442 276 130 441 308
person 0.8276 32 73 150 293
person 0.5218 198 104 280 226
person 0.3076 76 37 169 212
person 0.0826 23 163 163 321
person 0.0566 338 141 472 332
person 0.0239 375 155 448 292
person 0.0212 87 28 162 131
person 0.0153 197 101 380 269
person 0.0146 60 76 152 193
person 0.0142 186 118 303 303
person 0.0098 474 221 499 314
person 0.0087 1 111 25 184
person 0.0076 37 137 147 233
person 0.0072 313 156 416 276
person 0.0062 479 172 501 303
person 0.0041 45 128 212 299
person 0.0038 68 24 147 162
person 0.0037 195 112 242 221
person 0.0035 241 197 420 283
person 0.0035 -15 100 55 332
person 0.0027 352 145 444 238
person 0.0023 0 115 18 160
person 0.0021 384 170 504 374
person 0.0020 285 160 378 272
person 0.0018 89 213 185 288
person 0.0017 424 150 519 341
person 0.0016 -1 76 21 171
person 0.0016 -7 36 135 226
person 0.0015 143 78 432 295
person 0.0015 481 232 500 274
person 0.0013 90 75 253 238
person 0.0013 -50 43 242 273
person 0.0012 196 160 297 261
person 0.0012 103 91 151 181
person 0.0012 27 130 102 240
person 0.0011 406 191 484 302
person 0.0011 204 167 375 314
person 0.0010 145 42 286 218
person 0.0010 478 294 501 377
person 0.0010 434 188 503 318
person 0.0010 170 91 254 176
pottedplant 0.0050 168 68 193 94
pottedplant 0.0021 170 73 194 106
sofa 0.0022 241 86 412 234
tvmonitor 0.0092 288 132 339 172
tvmonitor 0.0045 402 37 458 96
tvmonitor 0.0017 279 138 321 167
