bicycle 0.0050 37 24 67 134
bicycle 0.0013 36 51 90 134
bottle 0.0061 269 162 292 197
bottle 0.0045 477 220 500 341
bottle 0.0036 71 201 102 333
bottle 0.0028 83 214 119 322
bottle 0.0018 274 186 319 259
bottle 0.0015 287 314 340 362
bottle 0.0013 283 309 310 340
bottle 0.0013 278 306 316 367
bottle 0.0012 269 174 292 211
chair 0.0173 44 55 82 133
chair 0.0051 26 330 147 373
chair 0.0021 3 63 46 124
chair 0.0020 13 304 176 372
chair 0.0019 157 270 428 380
chair 0.0017 27 75 75 133
chair 0.0017 22 46 93 138
chair 0.0015 0 63 24 151
chair 0.0015 396 245 495 358
chair 0.0014 43 331 224 376
chair 0.0011 454 166 493 191
chair 0.0010 474 276 500 369
person 0.8752 1 151 113 394
person 0.8370 83 154 192 334
person 0.7327 160 188 332 370
person 0.5970 205 63 350 248
person 0.5775 296 188 503 370
person 0.1479 307 136 355 193
person 0.0767 127 180 525 366
person 0.0471 20 139 175 358
person 0.0260 -20 126 77 363
person 0.0204 85 169 191 258
person 0.0176 283 125 348 232
person 0.0161 187 238 467 357
person 0.0149 178 230 213 300
person 0.0115 191 233 211 273
person 0.0108 302 128 343 180
person 0.0103 379 171 503 324
person 0.0102 93 177 244 368
person 0.0092 -3 87 97 287
person 0.0087 38 20 69 109
person 0.0086 296 126 371 261
person 0.0081 403 182 490 260
person 0.0066 222 107 343 212
person 0.0064 204 180 307 258
person 0.0057 197 135 377 287
person 0.0051 477 181 499 295
person 0.0049 186 244 211 282
person 0.0048 440 218 500 334
person 0.0047 425 187 518 365
person 0.0046 0 158 269 388
person 0.0046 329 203 478 281
person 0.0036 320 142 347 186
person 0.0035 284 189 446 241
person 0.0035 272 137 322 192
person 0.0035 222 165 432 321
person 0.0034 170 217 207 343
person 0.0033 206 63 294 195
person 0.0030 435 175 507 265
person 0.0029 253 84 403 235
person 0.0025 475 239 500 378
person 0.0024 199 218 298 323
person 0.0022 260 179 302 263
person 0.0022 476 165 499 196
person 0.0022 12 207 100 335
person 0.0022 -16 270 203 380
person 0.0021 480 217 498 257
person 0.0018 124 194 209 300
person 0.0018 123 164 301 329
person 0.0017 160 188 262 254
person 0.0016 305 142 333 187
person 0.0016 205 129 307 243
person 0.0015 207 237 230 270
person 0.0015 175 234 196 273
person 0.0014 331 139 374 190
person 0.0014 171 220 204 286
person 0.0013 264 179 386 250
person 0.0013 391 226 496 312
person 0.0013 92 218 409 385
person 0.0012 233 223 340 324
person 0.0012 481 230 498 273
person 0.0012 415 182 452 206
person 0.0012 0 262 24 385
person 0.0011 178 246 260 353
person 0.0010 332 223 475 323
person 0.0010 172 39 405 277
person 0.0010 177 84 250 180
person 0.0010 206 251 233 279
person 0.0010 257 178 338 266
pottedplant 0.0467 370 141 416 194
pottedplant 0.0274 376 165 412 194
pottedplant 0.0052 378 150 409 185
pottedplant 0.0037 364 167 392 197
pottedplant 0.0037 390 166 428 190
pottedplant 0.0033 396 152 422 185
pottedplant 0.0028 355 145 402 189
pottedplant 0.0027 388 146 427 190
pottedplant 0.0025 20 32 98 114
pottedplant 0.0018 377 177 411 204
sofa 0.0183 123 229 530 372
sofa 0.0043 199 267 455 381
tvmonitor 0.0746 165 181 203 235
tvmonitor 0.0281 177 183 219 234
tvmonitor 0.0027 115 176 212 247
tvmonitor 0.0016 152 173 215 219
tvmonitor 0.0015 6 126 84 248
tvmonitor 0.0012 159 176 243 243
