bicycle 0.0717 33 -13 465 243
bicycle 0.0062 4 27 342 304
bicycle 0.0011 74 26 272 207
bottle 0.0129 36 247 58 280
bottle 0.0041 0 140 27 255
bottle 0.0031 41 244 99 280
bottle 0.0019 14 247 43 279
bottle 0.0013 0 51 21 165
car 0.0022 406 -3 494 71
car 0.0014 468 2 503 60
car 0.0010 435 2 502 110
chair 0.0161 45 266 167 332
chair 0.0083 -5 273 95 328
chair 0.0072 37 202 227 332
chair 0.0043 366 6 456 78
chair 0.0041 9 294 188 334
chair 0.0029 0 2 118 176
chair 0.0027 3 242 53 280
chair 0.0024 0 233 27 287
chair 0.0023 0 195 26 302
chair 0.0022 2 219 107 322
chair 0.0015 -4 212 61 325
chair 0.0013 21 36 176 192
chair 0.0011 0 259 27 339
chair 0.0010 -35 244 152 333
motorbike 0.5260 48 29 450 302
motorbike 0.0035 134 68 365 267
person 0.0231 13 211 181 324
person 0.0071 1 152 28 269
person 0.0067 197 188 236 284
person 0.0052 -6 168 124 322
person 0.0051 167 222 255 316
person 0.0049 187 200 225 273
person 0.0045 0 110 21 209
person 0.0045 75 83 101 109
person 0.0044 85 207 258 335
person 0.0039 139 173 180 224
person 0.0035 41 230 153 314
person 0.0032 79 75 130 118
person 0.0019 16 196 98 291
person 0.0018 176 196 258 283
person 0.0017 108 23 184 118
person 0.0016 272 -4 532 286
person 0.0016 119 39 167 102
person 0.0016 128 223 215 317
person 0.0015 376 4 418 60
person 0.0013 69 76 110 116
person 0.0012 346 0 445 64
person 0.0011 -45 138 86 300
person 0.0010 386 7 503 178
pottedplant 0.0013 446 35 498 105
tvmonitor 0.0081 399 10 474 78
tvmonitor 0.0044 0 173 29 274
tvmonitor 0.0014 405 15 501 98
tvmonitor 0.0010 10 42 101 136
