bottle 0.0010 2 301 52 374
chair 0.6273 281 199 357 280
chair 0.3263 273 186 369 353
chair 0.1541 288 195 377 254
chair 0.1301 166 183 267 370
chair 0.0749 451 171 492 249
chair 0.0624 357 180 473 260
chair 0.0547 195 233 278 359
chair 0.0471 473 175 499 242
chair 0.0236 243 199 284 250
chair 0.0217 291 182 346 236
chair 0.0161 87 223 253 367
chair 0.0120 478 187 499 229
chair 0.0079 474 147 500 213
chair 0.0070 478 173 499 215
chair 0.0069 252 182 346 257
chair 0.0058 5 223 176 367
chair 0.0055 479 159 499 199
chair 0.0053 257 186 296 234
chair 0.0050 204 190 279 312
chair 0.0044 0 211 27 349
chair 0.0043 262 193 336 297
chair 0.0038 378 183 446 235
chair 0.0037 412 157 456 176
chair 0.0033 198 169 239 218
chair 0.0030 278 184 319 231
chair 0.0030 20 210 107 328
chair 0.0028 177 198 253 292
chair 0.0027 257 203 293 269
chair 0.0026 335 198 369 277
chair 0.0026 443 159 498 202
chair 0.0025 457 174 487 214
chair 0.0024 200 230 379 360
chair 0.0023 451 169 493 190
chair 0.0023 287 223 345 312
chair 0.0023 432 179 471 242
chair 0.0022 261 218 341 342
chair 0.0022 216 203 297 270
chair 0.0021 97 191 158 249
chair 0.0021 252 175 300 217
chair 0.0020 203 165 236 191
chair 0.0019 309 205 362 300
chair 0.0019 295 223 340 252
chair 0.0018 394 168 433 189
chair 0.0018 431 169 471 189
chair 0.0017 296 209 337 236
chair 0.0017 430 156 469 176
chair 0.0017 242 163 278 224
chair 0.0017 311 186 357 234
chair 0.0017 449 202 495 266
chair 0.0016 187 267 259 378
chair 0.0015 392 178 510 242
chair 0.0015 333 186 370 233
chair 0.0015 237 210 284 291
chair 0.0015 259 182 296 208
chair 0.0014 283 189 311 223
chair 0.0014 247 196 277 225
chair 0.0014 205 176 234 209
chair 0.0014 6 185 41 314
chair 0.0013 154 183 247 263
chair 0.0013 197 156 240 199
chair 0.0012 278 212 322 265
chair 0.0012 88 289 183 371
chair 0.0012 261 205 291 237
chair 0.0012 86 186 163 288
chair 0.0012 456 156 491 177
chair 0.0011 276 161 379 222
chair 0.0011 118 254 221 353
chair 0.0011 0 183 29 292
chair 0.0011 176 169 221 217
chair 0.0010 2 234 45 325
chair 0.0010 -9 259 129 391
chair 0.0010 410 169 455 188
chair 0.0010 186 166 214 194
chair 0.0010 307 196 396 280
chair 0.0010 106 165 179 252
person 0.3852 8 159 118 336
person 0.0042 1 168 108 267
person 0.0031 3 295 103 378
person 0.0023 43 193 139 301
person 0.0015 4 172 42 305
person 0.0013 -17 155 74 339
pottedplant 0.0010 434 138 465 165
sofa 0.3952 364 166 466 259
sofa 0.2638 3 170 181 370
sofa 0.1792 267 190 381 255
sofa 0.0468 69 188 274 356
sofa 0.0105 250 170 393 275
sofa 0.0052 383 163 495 224
sofa 0.0022 318 180 473 238
sofa 0.0022 317 184 404 255
sofa 0.0013 343 203 485 266
sofa 0.0013 -42 209 310 392
tvmonitor 0.1284 103 171 153 218
tvmonitor 0.0537 143 157 188 205
tvmonitor 0.0371 101 153 176 231
tvmonitor 0.0235 223 114 259 185
tvmonitor 0.0169 204 117 236 187
tvmonitor 0.0155 107 178 146 208
tvmonitor 0.0062 -1 163 29 257
tvmonitor 0.0056 109 161 151 204
tvmonitor 0.0052 470 125 501 179
tvmonitor 0.0052 4 177 43 243
tvmonitor 0.0040 477 148 500 182
tvmonitor 0.0039 121 156 216 225
tvmonitor 0.0033 95 168 159 249
tvmonitor 0.0030 150 173 177 211
tvmonitor 0.0020 207 110 272 191
tvmonitor 0.0020 126 175 157 211
tvmonitor 0.0019 152 170 201 214
tvmonitor 0.0013 457 141 490 166
tvmonitor 0.0012 12 193 38 226
tvmonitor 0.0011 203 148 238 177
tvmonitor 0.0010 416 114 455 162
