bottle 0.0238 301 126 342 264
bottle 0.0010 311 142 351 246
car 0.6567 -17 207 363 396
car 0.0880 1 199 199 353
car 0.0212 108 240 393 370
car 0.0069 -9 136 433 354
car 0.0017 149 211 273 280
car 0.0014 54 261 293 396
car 0.0013 143 234 278 315
car 0.0011 66 225 198 317
car 0.0011 63 199 282 301
car 0.0010 5 221 107 319
chair 0.0299 288 155 350 259
chair 0.0020 134 151 192 206
chair 0.0016 398 288 492 373
chair 0.0012 374 224 509 379
person 0.0334 294 146 349 242
person 0.0284 316 206 346 271
person 0.0061 305 121 340 213
person 0.0028 309 216 332 264
person 0.0017 7 133 41 228
person 0.0016 110 223 137 252
person 0.0010 84 216 128 264
sofa 0.0010 325 214 484 272
tvmonitor 0.0611 428 9 515 198
tvmonitor 0.0458 439 33 501 152
tvmonitor 0.0174 283 33 454 226
tvmonitor 0.0055 193 157 300 226
tvmonitor 0.0041 440 78 503 191
tvmonitor 0.0031 374 40 515 218
tvmonitor 0.0030 299 59 333 131
tvmonitor 0.0026 163 154 261 227
tvmonitor 0.0025 324 82 484 289
tvmonitor 0.0021 352 78 449 178
tvmonitor 0.0019 316 52 415 147
tvmonitor 0.0017 405 77 486 180
tvmonitor 0.0015 292 -11 440 158
tvmonitor 0.0014 299 83 331 160
tvmonitor 0.0014 196 181 300 251
