bottle 0.0399 153 76 184 141
bottle 0.0216 159 69 193 121
bottle 0.0149 161 80 191 160
bottle 0.0122 152 89 185 186
bottle 0.0097 146 134 179 255
bottle 0.0095 152 255 184 336
bottle 0.0081 176 290 218 355
bottle 0.0061 147 262 215 358
bottle 0.0052 156 85 177 132
bottle 0.0026 131 138 156 250
bottle 0.0022 153 66 180 96
bottle 0.0022 150 118 184 211
bottle 0.0015 166 85 190 131
bottle 0.0013 167 62 190 99
bottle 0.0011 159 244 197 317
bottle 0.0010 163 281 235 364
chair 0.0030 142 176 181 269
chair 0.0025 133 263 214 350
chair 0.0020 10 228 178 374
chair 0.0013 40 255 152 347
chair 0.0012 139 123 222 364
chair 0.0011 34 329 159 378
chair 0.0010 153 270 270 336
chair 0.0010 147 162 210 273
person 0.7499 140 24 359 351
person 0.7427 9 -3 159 265
person 0.4893 178 -1 264 100
person 0.0366 -9 30 201 343
person 0.0304 174 -7 328 264
person 0.0249 135 -3 229 91
person 0.0077 223 31 506 343
person 0.0062 82 -2 207 44
person 0.0059 160 69 192 204
person 0.0054 139 -24 280 222
person 0.0042 289 63 442 313
person 0.0038 29 -8 316 325
person 0.0036 119 56 229 319
person 0.0033 110 0 175 39
person 0.0031 0 104 134 324
person 0.0029 106 -12 250 151
person 0.0029 125 -3 280 53
person 0.0026 393 330 500 376
person 0.0025 83 6 185 85
person 0.0024 161 -10 326 105
person 0.0021 112 2 141 35
person 0.0019 38 -13 232 112
person 0.0015 60 78 208 291
person 0.0015 36 6 152 83
person 0.0015 174 0 230 16
person 0.0014 -21 23 76 235
person 0.0014 0 0 20 157
person 0.0013 121 -1 167 21
person 0.0012 392 7 493 75
person 0.0011 -5 -10 134 156
person 0.0011 323 333 485 376
person 0.0011 151 148 290 340
person 0.0010 181 8 228 91
person 0.0010 98 -10 227 28
