cat 0.0909 28 114 226 290
cat 0.0207 38 43 306 315
cat 0.0060 97 72 255 291
cat 0.0019 176 35 321 226
cow 0.0142 322 145 479 307
cow 0.0035 240 134 329 312
cow 0.0015 258 116 397 288
cow 0.0010 217 101 512 303
dog 0.0271 177 47 323 269
dog 0.0154 85 46 337 311
dog 0.0044 220 120 352 292
dog 0.0043 191 15 461 295
dog 0.0025 245 60 409 255
dog 0.0014 310 176 495 314
person 0.4018 40 75 158 289
person 0.0070 -20 62 215 296
person 0.0020 226 44 347 266
sheep 0.1180 147 83 258 320
sheep 0.0096 441 60 505 151
sheep 0.0088 169 80 331 279
sheep 0.0072 274 133 456 272
sheep 0.0024 432 31 518 184
sheep 0.0014 253 158 329 251
sheep 0.0011 247 106 407 258
sheep 0.0010 396 69 489 142
sheep 0.0010 476 49 501 128
