bottle 0.0021 83 188 124 256
bottle 0.0017 362 73 425 168
bottle 0.0012 276 123 328 165
bottle 0.0011 360 83 397 158
chair 0.0165 156 165 419 321
chair 0.0048 267 50 460 183
chair 0.0026 360 72 444 155
chair 0.0019 333 58 470 222
chair 0.0014 323 66 411 163
chair 0.0014 74 7 196 71
chair 0.0011 244 178 484 303
diningtable 0.0662 80 100 496 334
diningtable 0.0033 175 141 404 302
dog 0.0155 277 104 356 163
dog 0.0063 57 180 144 257
dog 0.0055 273 77 382 160
dog 0.0023 278 113 328 158
dog 0.0015 236 74 413 202
person 0.3625 27 43 472 339
person 0.1287 -22 9 292 322
person 0.0121 195 50 386 172
person 0.0109 21 -44 324 224
person 0.0038 86 198 164 291
person 0.0036 73 56 274 275
person 0.0030 44 170 167 317
person 0.0027 180 13 472 217
person 0.0025 45 16 223 213
person 0.0023 237 67 340 160
person 0.0022 -4 166 131 316
person 0.0020 -3 63 125 271
person 0.0020 292 83 376 159
person 0.0019 84 171 163 256
person 0.0017 223 -4 350 35
person 0.0015 270 63 382 130
person 0.0014 194 66 534 317
person 0.0013 146 99 354 284
person 0.0012 375 76 503 257
person 0.0012 353 68 429 152
person 0.0011 -2 151 21 270
sofa 0.1109 102 146 473 338
sofa 0.0063 210 167 446 317
tvmonitor 0.0180 289 -3 440 35
tvmonitor 0.0022 332 -7 493 45
tvmonitor 0.0014 229 8 422 61
tvmonitor 0.0012 254 -6 476 87
