bottle 0.0011 323 223 355 253
bus 0.0098 9 18 336 297
car 0.0011 -14 -5 285 265
chair 0.0078 391 230 492 320
chair 0.0077 333 252 413 336
chair 0.0065 378 200 490 278
chair 0.0024 409 273 491 345
chair 0.0011 432 225 508 337
chair 0.0011 316 218 364 259
person 0.8955 229 163 339 323
person 0.0224 280 174 318 240
person 0.0092 235 156 325 261
person 0.0022 219 184 299 306
person 0.0022 131 154 446 335
person 0.0014 261 164 307 223
person 0.0012 209 156 303 225
person 0.0010 246 137 405 302
person 0.0010 369 146 510 293
sofa 0.0884 376 203 501 286
sofa 0.0014 318 183 501 315
tvmonitor 0.0416 31 53 237 265
tvmonitor 0.0051 356 205 472 272
tvmonitor 0.0046 362 211 416 260
tvmonitor 0.0032 52 152 211 227
tvmonitor 0.0013 315 155 418 227
tvmonitor 0.0013 371 225 410 251
