bottle 0.0074 142 140 180 187
bottle 0.0045 130 122 165 179
bottle 0.0012 131 132 158 168
bottle 0.0012 11 248 40 341
chair 0.2613 7 91 103 338
chair 0.0396 -11 165 72 376
chair 0.0271 10 129 98 251
chair 0.0208 25 102 152 272
chair 0.0191 -13 90 70 289
chair 0.0166 40 127 132 230
chair 0.0078 -1 239 64 364
chair 0.0069 0 102 58 220
chair 0.0047 64 159 147 256
chair 0.0043 66 107 141 192
chair 0.0040 6 180 91 307
chair 0.0033 86 146 174 231
chair 0.0025 83 109 132 164
chair 0.0025 395 228 492 316
chair 0.0023 -1 270 99 347
chair 0.0023 116 151 230 216
chair 0.0022 0 238 26 351
chair 0.0019 -1 142 22 274
chair 0.0018 -1 109 28 193
chair 0.0014 369 194 519 349
chair 0.0013 4 120 52 183
chair 0.0013 97 195 153 249
chair 0.0011 -4 216 66 316
chair 0.0011 -4 300 64 377
diningtable 0.0010 -48 77 394 352
person 0.0011 477 209 500 350
tvmonitor 0.7509 385 82 480 189
tvmonitor 0.6717 296 71 377 168
tvmonitor 0.2476 147 66 209 123
tvmonitor 0.1260 275 65 396 199
tvmonitor 0.0322 60 -7 144 107
tvmonitor 0.0128 152 52 245 135
tvmonitor 0.0106 400 95 458 177
tvmonitor 0.0098 325 96 464 174
tvmonitor 0.0092 125 27 295 174
tvmonitor 0.0066 191 65 304 138
tvmonitor 0.0057 477 80 500 191
tvmonitor 0.0035 328 80 380 161
tvmonitor 0.0030 384 73 491 141
tvmonitor 0.0027 422 93 516 170
tvmonitor 0.0021 139 83 218 164
tvmonitor 0.0021 68 7 106 93
tvmonitor 0.0020 359 114 458 186
tvmonitor 0.0020 390 107 442 168
tvmonitor 0.0019 144 2 219 126
tvmonitor 0.0019 435 268 476 319
tvmonitor 0.0019 -3 328 65 379
tvmonitor 0.0018 436 226 517 321
tvmonitor 0.0018 193 94 304 162
tvmonitor 0.0017 288 53 388 137
tvmonitor 0.0016 234 68 413 247
tvmonitor 0.0016 162 74 198 112
tvmonitor 0.0013 171 59 223 127
tvmonitor 0.0012 448 99 493 175
tvmonitor 0.0010 329 73 491 232
