chair 0.0021 2 185 45 232
horse 0.5937 69 141 202 305
horse 0.5862 188 92 465 314
horse 0.3746 155 141 256 307
horse 0.0658 121 135 229 283
horse 0.0116 299 150 495 304
horse 0.0078 169 164 232 284
horse 0.0044 86 177 174 276
horse 0.0035 11 131 258 322
horse 0.0028 139 168 226 249
horse 0.0026 195 146 385 307
horse 0.0024 167 129 332 280
horse 0.0023 56 92 365 315
horse 0.0012 208 164 291 242
horse 0.0012 404 186 489 270
person 0.4280 215 20 438 291
person 0.0563 62 122 147 292
person 0.0495 125 134 166 238
person 0.0443 247 17 398 202
person 0.0378 145 138 213 233
person 0.0324 104 127 143 176
person 0.0296 122 128 158 195
person 0.0254 200 133 230 194
person 0.0215 138 137 180 235
person 0.0212 172 144 231 267
person 0.0209 90 129 163 236
person 0.0203 182 136 228 212
person 0.0120 88 128 125 173
person 0.0081 109 135 138 164
person 0.0063 67 130 142 218
person 0.0063 118 120 234 250
person 0.0058 131 131 151 170
person 0.0053 94 134 120 163
person 0.0047 197 125 236 243
person 0.0047 108 130 142 150
person 0.0039 166 129 240 197
person 0.0029 159 134 200 189
person 0.0027 109 123 179 200
person 0.0022 107 130 144 218
person 0.0022 140 148 189 202
person 0.0018 48 129 125 195
person 0.0017 130 125 213 192
person 0.0016 60 122 146 182
person 0.0013 186 138 253 258
person 0.0013 100 124 149 157
person 0.0013 63 141 108 207
person 0.0011 182 95 320 266
person 0.0011 207 139 228 184
person 0.0010 4 169 46 230
person 0.0010 163 173 201 245
