bicycle 0.0052 280 179 359 266
bird 0.0018 226 200 258 247
bottle 0.0024 58 146 81 172
chair 0.0019 16 180 182 315
motorbike 0.5722 266 175 447 321
motorbike 0.0070 354 237 452 318
motorbike 0.0046 317 219 477 323
motorbike 0.0043 274 242 386 310
motorbike 0.0042 317 165 482 294
motorbike 0.0014 309 203 419 301
person 0.8588 62 95 183 311
person 0.5459 302 143 366 254
person 0.2315 314 131 351 214
person 0.1481 304 161 406 303
person 0.1207 325 137 381 269
person 0.0681 337 151 375 242
person 0.0294 350 140 388 230
person 0.0262 341 143 379 206
person 0.0167 304 132 342 240
person 0.0161 -22 88 215 321
person 0.0139 321 136 346 166
person 0.0069 305 132 339 192
person 0.0052 295 184 375 283
person 0.0043 9 140 110 316
person 0.0036 48 83 165 234
person 0.0027 251 213 330 293
person 0.0022 303 133 372 195
person 0.0017 320 168 347 201
person 0.0014 352 194 455 269
person 0.0013 309 126 403 241
person 0.0013 320 154 346 189
person 0.0012 81 151 168 259
person 0.0012 296 170 339 249
person 0.0011 322 130 399 191
person 0.0010 346 158 371 189
