boat 0.0032 256 21 474 178
bus 0.0117 247 -4 487 154
car 0.8545 31 109 468 322
car 0.0373 83 135 340 298
car 0.0057 102 120 240 182
car 0.0056 167 149 410 341
car 0.0051 194 86 534 345
car 0.0019 129 99 164 119
car 0.0014 122 110 297 161
car 0.0013 311 11 496 188
car 0.0012 83 108 338 214
car 0.0011 153 178 267 253
chair 0.0042 8 123 128 182
chair 0.0034 -1 142 20 246
chair 0.0032 4 147 118 217
chair 0.0029 0 110 24 218
chair 0.0016 35 151 154 212
chair 0.0015 17 127 78 172
person 0.0232 2 85 21 126
person 0.0062 81 123 191 183
person 0.0051 123 139 168 185
person 0.0044 -1 66 28 124
person 0.0035 -2 -8 59 96
person 0.0025 171 16 203 87
person 0.0020 71 126 134 173
person 0.0019 134 131 188 172
person 0.0017 119 118 172 159
person 0.0015 193 130 246 170
person 0.0015 7 -1 48 15
person 0.0014 -1 74 28 166
person 0.0011 186 51 209 84
pottedplant 0.0229 19 68 66 118
pottedplant 0.0041 12 90 38 123
pottedplant 0.0039 29 77 61 111
pottedplant 0.0035 10 57 93 145
pottedplant 0.0020 181 17 212 81
pottedplant 0.0018 4 82 45 127
pottedplant 0.0015 7 94 102 167
pottedplant 0.0010 184 23 212 51
pottedplant 0.0010 -8 24 112 179
pottedplant 0.0010 -4 60 64 131
sofa 0.0049 42 125 147 194
sofa 0.0044 2 125 113 192
sofa 0.0011 5 103 186 225
sofa 0.0010 -11 121 137 254
tvmonitor 0.0081 3 0 48 102
tvmonitor 0.0075 244 -6 350 46
tvmonitor 0.0044 270 -1 327 15
tvmonitor 0.0021 290 0 344 16
tvmonitor 0.0020 70 99 109 117
tvmonitor 0.0018 310 -4 497 38
tvmonitor 0.0013 262 -8 448 24
tvmonitor 0.0012 249 0 306 42
tvmonitor 0.0012 265 -7 333 24
