bus 0.0023 435 72 503 172
car 0.6455 348 121 400 158
car 0.3804 256 123 300 147
car 0.1628 349 135 468 181
car 0.1049 379 129 451 169
car 0.0729 245 123 280 149
car 0.0612 276 120 313 147
car 0.0511 340 122 371 150
car 0.0291 383 129 496 189
car 0.0263 325 119 352 151
car 0.0258 371 119 454 210
car 0.0252 253 115 301 138
car 0.0214 350 112 458 164
car 0.0176 290 110 439 154
car 0.0173 344 112 368 139
car 0.0156 432 110 506 203
car 0.0155 338 127 384 171
car 0.0140 300 113 331 137
car 0.0125 271 107 314 143
car 0.0124 303 121 332 150
car 0.0110 353 134 394 163
car 0.0108 250 128 308 166
car 0.0097 378 109 507 260
car 0.0087 358 126 424 170
car 0.0076 415 113 449 132
car 0.0064 400 112 429 132
car 0.0059 297 115 340 158
car 0.0058 239 116 316 154
car 0.0052 319 115 352 138
car 0.0050 478 95 502 207
car 0.0038 453 94 495 180
car 0.0036 235 105 342 161
car 0.0034 246 113 277 138
car 0.0033 391 112 512 167
car 0.0033 274 120 313 178
car 0.0025 383 132 441 196
car 0.0022 418 84 518 235
car 0.0021 379 111 406 133
car 0.0020 270 112 364 192
car 0.0018 357 113 388 139
car 0.0018 449 53 495 75
car 0.0017 425 118 480 158
car 0.0017 294 104 335 145
car 0.0017 411 124 451 149
car 0.0017 249 132 274 164
car 0.0015 346 132 441 225
car 0.0014 307 134 420 184
car 0.0013 369 123 414 149
car 0.0013 351 129 395 198
car 0.0013 313 122 353 177
car 0.0013 282 132 309 165
car 0.0012 386 152 479 236
car 0.0012 434 121 469 150
car 0.0010 403 120 456 158
car 0.0010 226 124 330 173
chair 0.0139 409 235 493 298
chair 0.0047 323 182 406 295
chair 0.0028 88 192 180 290
chair 0.0024 74 224 213 306
chair 0.0017 439 239 502 292
chair 0.0012 3 237 109 308
person 0.9601 168 130 271 306
person 0.9113 294 132 378 299
person 0.0087 2 41 42 174
person 0.0083 342 142 407 304
person 0.0082 301 149 338 301
person 0.0082 286 141 309 221
person 0.0070 183 122 260 249
person 0.0061 75 120 346 313
person 0.0055 226 138 356 300
person 0.0037 328 130 467 292
person 0.0033 156 199 270 282
person 0.0031 94 103 258 282
person 0.0029 436 111 463 135
person 0.0024 314 134 407 242
person 0.0021 289 154 305 207
person 0.0020 477 58 500 187
person 0.0020 340 135 376 285
person 0.0019 219 143 262 303
person 0.0019 297 113 331 242
person 0.0018 205 119 232 152
person 0.0017 197 113 238 163
person 0.0017 355 164 429 282
person 0.0016 253 165 332 276
person 0.0016 295 121 338 180
person 0.0015 310 142 354 277
person 0.0012 1 52 47 103
person 0.0010 474 47 499 76
person 0.0010 180 168 223 279
person 0.0010 283 156 314 261
person 0.0010 168 117 253 199
pottedplant 0.0016 393 179 497 259
pottedplant 0.0012 368 140 513 284
sofa 0.1729 125 158 310 312
sofa 0.0162 43 140 379 347
