bird 0.0306 70 375 164 447
bird 0.0134 50 362 137 453
bird 0.0080 47 349 188 514
bird 0.0058 93 361 157 433
bird 0.0041 94 378 136 441
bird 0.0019 50 451 133 509
bird 0.0018 52 325 144 425
bird 0.0015 103 304 141 363
bird 0.0014 113 368 163 422
bird 0.0011 69 400 154 502
bird 0.0010 -5 130 243 521
cat 0.5395 11 15 331 407
cat 0.0050 114 60 280 278
cat 0.0034 -1 88 239 487
cat 0.0016 193 80 310 342
cat 0.0013 134 -3 364 350
cat 0.0011 191 20 306 246
dog 0.0043 -10 58 249 441
person 0.0030 1 360 66 452
person 0.0014 2 362 31 464
person 0.0012 0 333 18 492
person 0.0010 0 231 18 403
person 0.0010 10 451 119 504
pottedplant 0.0288 75 248 319 558
pottedplant 0.0253 122 301 273 507
pottedplant 0.0082 89 358 253 532
pottedplant 0.0047 155 353 239 458
pottedplant 0.0047 212 320 284 413
pottedplant 0.0036 269 390 339 498
pottedplant 0.0032 236 439 319 510
pottedplant 0.0030 126 398 215 497
pottedplant 0.0028 240 389 315 501
pottedplant 0.0026 205 443 296 515
pottedplant 0.0025 160 388 234 500
pottedplant 0.0025 321 329 345 417
pottedplant 0.0021 185 351 263 458
pottedplant 0.0021 207 398 293 495
pottedplant 0.0020 152 438 242 530
pottedplant 0.0019 103 360 178 454
pottedplant 0.0016 213 355 288 444
pottedplant 0.0015 182 352 319 527
pottedplant 0.0014 250 345 359 533
pottedplant 0.0013 100 400 185 495
pottedplant 0.0013 76 301 208 507
pottedplant 0.0013 42 339 352 621
