boat 0.4271 113 123 316 254
boat 0.0681 82 170 132 213
boat 0.0277 -14 42 69 211
boat 0.0203 183 146 303 226
boat 0.0181 131 175 310 240
boat 0.0112 451 163 495 224
boat 0.0083 70 144 143 215
boat 0.0082 393 175 494 256
boat 0.0073 80 225 130 246
boat 0.0073 365 162 513 323
boat 0.0072 312 169 399 248
boat 0.0068 299 160 331 227
boat 0.0065 345 154 463 221
boat 0.0064 47 168 88 193
boat 0.0062 40 159 95 196
boat 0.0061 385 155 502 214
boat 0.0054 111 152 234 226
boat 0.0053 304 177 327 212
boat 0.0052 85 151 185 227
boat 0.0050 392 200 496 289
boat 0.0050 34 168 61 195
boat 0.0050 172 122 268 211
boat 0.0048 160 196 201 217
boat 0.0045 172 241 406 365
boat 0.0044 476 121 502 210
boat 0.0043 317 128 414 196
boat 0.0042 307 115 499 260
boat 0.0038 272 140 403 221
boat 0.0038 58 96 363 278
boat 0.0038 395 229 491 324
boat 0.0034 430 150 474 236
boat 0.0034 345 154 402 206
boat 0.0033 352 130 456 191
boat 0.0030 87 164 127 193
boat 0.0029 4 116 45 214
boat 0.0028 51 112 217 261
boat 0.0028 25 134 110 197
boat 0.0027 457 179 489 210
boat 0.0027 409 163 451 223
boat 0.0027 48 125 139 201
boat 0.0027 300 50 374 167
boat 0.0026 117 170 173 215
boat 0.0026 87 179 183 245
boat 0.0025 312 58 355 158
boat 0.0024 69 91 274 228
boat 0.0023 427 199 471 251
boat 0.0023 62 170 110 192
boat 0.0023 101 181 142 205
boat 0.0022 124 181 165 205
boat 0.0022 274 125 381 193
boat 0.0022 433 167 504 247
boat 0.0021 26 157 66 200
boat 0.0020 193 127 303 196
boat 0.0020 437 196 503 296
boat 0.0020 436 211 463 242
boat 0.0020 67 116 106 188
boat 0.0020 166 180 199 207
boat 0.0019 329 128 383 175
boat 0.0019 433 119 506 211
boat 0.0018 89 116 127 187
boat 0.0018 65 181 106 202
boat 0.0018 405 242 501 293
boat 0.0017 454 194 492 218
boat 0.0017 154 157 211 206
boat 0.0017 88 195 126 221
boat 0.0017 374 181 408 204
boat 0.0017 64 191 220 254
boat 0.0016 218 170 259 192
boat 0.0016 81 201 135 245
boat 0.0016 68 171 144 246
boat 0.0016 55 142 112 190
boat 0.0016 151 186 208 227
boat 0.0015 415 180 446 207
boat 0.0015 99 120 145 211
boat 0.0015 334 149 382 211
boat 0.0015 187 118 254 155
boat 0.0014 29 75 162 239
boat 0.0014 -6 140 63 217
boat 0.0014 271 153 321 208
boat 0.0014 137 169 193 218
boat 0.0013 195 94 302 165
boat 0.0013 29 164 143 219
boat 0.0012 92 155 151 203
boat 0.0012 131 179 231 234
boat 0.0012 147 181 182 207
boat 0.0011 7 82 99 177
boat 0.0011 47 152 89 178
boat 0.0011 355 138 388 166
boat 0.0011 421 193 446 227
boat 0.0010 452 218 499 284
boat 0.0010 199 195 242 217
boat 0.0010 479 146 500 185
boat 0.0010 386 131 501 191
boat 0.0010 401 141 559 292
boat 0.0010 51 107 89 198
boat 0.0010 320 170 389 217
boat 0.0010 368 137 422 192
boat 0.0010 396 159 435 230
bus 0.0028 0 130 28 229
car 0.0029 359 243 396 268
chair 0.0300 -5 68 63 193
chair 0.0243 440 251 501 348
chair 0.0037 405 285 501 367
chair 0.0021 367 225 512 370
chair 0.0017 390 254 496 351
chair 0.0015 476 214 500 346
chair 0.0013 84 232 118 332
chair 0.0010 198 242 453 363
chair 0.0010 1 61 46 156
diningtable 0.0013 160 272 417 373
person 0.0107 205 178 234 209
person 0.0023 477 200 500 332
person 0.0023 224 178 250 206
person 0.0015 202 170 239 194
person 0.0013 185 178 216 208
person 0.0013 194 172 243 215
