car 0.7628 -15 100 153 203
car 0.5208 91 17 485 439
car 0.0123 182 79 396 379
car 0.0089 399 153 497 229
car 0.0087 189 176 295 295
car 0.0086 441 -1 499 24
car 0.0083 115 106 224 206
car 0.0061 40 73 223 237
car 0.0060 48 105 196 188
car 0.0050 -8 102 70 191
car 0.0035 56 108 111 188
car 0.0032 -2 101 23 198
car 0.0029 384 123 503 200
car 0.0023 41 142 149 220
car 0.0021 36 114 98 180
car 0.0020 4 90 97 177
car 0.0020 436 -2 501 49
car 0.0019 0 110 19 153
car 0.0018 128 119 193 178
car 0.0016 17 88 173 291
car 0.0015 98 151 156 219
car 0.0014 398 170 486 289
car 0.0013 87 141 179 231
car 0.0012 80 88 184 169
car 0.0012 -86 50 278 265
car 0.0012 430 155 471 181
car 0.0010 118 114 168 184
car 0.0010 119 86 224 165
motorbike 0.6119 -16 73 439 452
motorbike 0.1410 151 20 500 436
motorbike 0.0287 40 203 536 461
motorbike 0.0125 58 183 289 412
motorbike 0.0036 229 192 424 406
motorbike 0.0024 118 91 296 368
motorbike 0.0023 -75 142 269 452
motorbike 0.0012 15 221 180 447
motorbike 0.0011 -36 245 382 488
motorbike 0.0011 131 193 368 404
person 0.0014 453 153 484 179
person 0.0013 28 100 66 127
person 0.0012 480 194 503 350
person 0.0012 437 101 468 128
person 0.0012 111 80 139 111
pottedplant 0.0040 122 49 160 111
pottedplant 0.0015 129 77 157 112
pottedplant 0.0010 114 61 139 100
train 0.0053 178 -8 473 397
tvmonitor 0.0080 393 75 496 177
tvmonitor 0.0029 373 31 507 223
tvmonitor 0.0013 385 52 502 129
