bottle 0.1474 396 80 490 357
bottle 0.0836 428 121 470 236
bottle 0.0646 432 118 464 186
bottle 0.0128 421 114 453 189
bottle 0.0094 383 202 416 304
bottle 0.0054 415 131 484 257
bottle 0.0052 393 180 426 295
bottle 0.0050 439 128 460 177
bottle 0.0032 419 98 455 233
bottle 0.0018 394 153 431 237
bottle 0.0014 399 96 468 236
bottle 0.0012 416 109 486 195
bottle 0.0010 410 164 460 253
bottle 0.0010 378 152 411 236
chair 0.0011 438 239 499 379
person 0.8783 143 1 280 141
person 0.7634 194 101 458 388
person 0.5293 26 118 319 372
person 0.4347 270 5 446 144
person 0.3284 17 22 180 345
person 0.1601 13 -1 162 210
person 0.1513 289 67 435 365
person 0.1291 404 102 496 377
person 0.1032 370 13 496 254
person 0.0594 129 100 298 333
person 0.0557 125 10 222 125
person 0.0507 238 1 339 145
person 0.0499 196 17 302 131
person 0.0388 119 -1 208 74
person 0.0226 299 1 425 81
person 0.0171 348 51 449 328
person 0.0163 425 22 511 294
person 0.0156 22 226 245 373
person 0.0154 -11 60 129 311
person 0.0135 354 -1 447 90
person 0.0126 124 42 301 211
person 0.0123 400 4 494 90
person 0.0119 278 12 377 119
person 0.0118 5 -4 183 107
person 0.0114 99 -8 255 108
person 0.0113 286 -9 521 326
person 0.0108 44 -1 225 144
person 0.0108 32 1 152 83
person 0.0098 110 7 248 183
person 0.0065 -16 -5 72 207
person 0.0060 169 4 239 41
person 0.0054 134 1 193 45
person 0.0054 317 -2 486 108
person 0.0054 374 -1 503 149
person 0.0051 285 25 447 231
person 0.0050 15 8 103 129
person 0.0049 -1 16 21 170
person 0.0046 194 5 250 61
person 0.0046 9 37 49 150
person 0.0045 277 33 316 125
person 0.0044 231 1 282 131
person 0.0040 435 16 502 126
person 0.0037 160 0 204 20
person 0.0034 139 168 361 369
person 0.0032 253 48 326 145
person 0.0032 477 206 500 355
person 0.0029 -26 102 63 331
person 0.0027 247 82 406 293
person 0.0027 155 -4 264 45
person 0.0027 6 355 51 375
person 0.0024 -16 204 362 398
person 0.0023 185 2 295 68
person 0.0021 369 0 420 17
person 0.0021 136 0 192 19
person 0.0020 36 -6 309 266
person 0.0020 474 32 499 182
person 0.0020 245 -4 344 75
person 0.0019 83 25 183 114
person 0.0019 152 92 273 156
person 0.0019 82 82 264 288
person 0.0019 180 0 224 20
person 0.0018 394 0 432 20
person 0.0018 477 97 500 233
person 0.0018 311 -4 416 44
person 0.0018 180 7 224 59
person 0.0018 302 52 429 136
person 0.0017 195 -1 243 16
person 0.0017 153 3 212 43
person 0.0017 0 65 58 193
person 0.0016 237 -1 282 48
person 0.0015 26 355 66 376
person 0.0014 -6 170 121 377
person 0.0012 308 0 364 15
person 0.0011 0 65 28 206
person 0.0011 135 -9 185 108
person 0.0010 320 165 485 376
person 0.0010 147 10 254 90
person 0.0010 41 44 143 148
person 0.0010 246 84 331 167
person 0.0010 186 19 218 50
