bird 0.6054 130 78 272 417
bird 0.0568 82 67 393 431
bird 0.0112 150 58 316 298
bird 0.0025 145 185 261 316
bird 0.0014 412 224 442 260
bird 0.0012 185 108 286 235
bird 0.0012 202 32 341 236
cat 0.0050 81 54 467 445
chair 0.0011 356 433 469 507
pottedplant 0.0063 275 442 419 510
pottedplant 0.0062 333 402 438 490
pottedplant 0.0036 375 398 468 495
pottedplant 0.0032 311 446 364 496
pottedplant 0.0030 379 344 466 466
pottedplant 0.0028 290 448 350 498
pottedplant 0.0016 245 440 358 506
pottedplant 0.0015 347 299 489 506
pottedplant 0.0015 295 402 400 488
pottedplant 0.0011 301 352 468 525
pottedplant 0.0010 401 396 454 462
