bicycle 0.0158 123 368 309 503
bicycle 0.0045 166 395 269 499
bicycle 0.0041 66 292 368 510
bicycle 0.0041 208 384 285 504
bottle 0.0082 138 297 155 341
bottle 0.0051 107 269 139 331
bottle 0.0038 135 287 158 349
bottle 0.0010 133 455 159 487
chair 0.0128 270 356 332 509
chair 0.0113 162 299 323 497
chair 0.0111 12 231 122 503
chair 0.0095 231 382 306 499
chair 0.0081 290 321 337 491
chair 0.0074 1 157 79 424
chair 0.0069 0 218 15 414
chair 0.0055 -1 205 40 372
chair 0.0046 54 381 129 494
chair 0.0040 -11 303 89 502
chair 0.0037 -19 182 49 463
chair 0.0037 287 402 337 496
chair 0.0037 26 353 157 505
chair 0.0033 7 335 68 473
chair 0.0026 41 347 100 514
chair 0.0025 11 438 115 500
chair 0.0023 1 396 74 499
chair 0.0018 19 255 110 400
chair 0.0014 293 433 333 504
chair 0.0013 247 308 343 499
chair 0.0012 311 362 335 501
chair 0.0011 75 440 155 506
chair 0.0010 5 251 66 398
diningtable 0.0028 102 443 231 504
diningtable 0.0014 68 367 262 502
diningtable 0.0014 113 -22 372 368
person 0.9303 182 195 307 526
person 0.6990 32 248 152 499
person 0.5398 128 216 198 343
person 0.1007 14 195 121 447
person 0.0528 69 254 211 485
person 0.0519 22 219 259 512
person 0.0455 79 262 146 392
person 0.0348 112 198 220 452
person 0.0211 58 237 166 423
person 0.0147 102 98 333 478
person 0.0088 216 143 321 437
person 0.0084 57 217 134 334
person 0.0065 112 230 176 335
person 0.0039 159 159 278 420
person 0.0039 49 301 130 429
person 0.0033 80 221 146 303
person 0.0023 106 307 171 427
person 0.0020 189 222 208 262
person 0.0019 75 324 148 480
person 0.0017 -17 110 49 389
person 0.0015 0 109 81 396
person 0.0014 129 345 203 468
person 0.0014 189 288 249 433
person 0.0013 184 210 212 270
person 0.0012 158 232 223 348
person 0.0012 41 353 189 509
person 0.0011 27 222 101 349
person 0.0011 106 276 140 353
person 0.0010 200 291 285 427
pottedplant 0.1390 211 10 318 194
pottedplant 0.0381 35 -16 141 152
pottedplant 0.0329 -2 10 41 159
pottedplant 0.0276 23 30 308 316
pottedplant 0.0226 36 1 127 95
pottedplant 0.0210 225 -9 311 121
pottedplant 0.0193 -6 2 79 187
pottedplant 0.0146 97 70 235 273
pottedplant 0.0135 204 4 283 105
pottedplant 0.0097 23 10 102 117
pottedplant 0.0092 6 1 68 124
pottedplant 0.0089 8 101 63 245
pottedplant 0.0083 0 51 73 297
pottedplant 0.0081 133 119 199 231
pottedplant 0.0070 262 31 324 166
pottedplant 0.0068 259 8 329 103
pottedplant 0.0067 54 30 124 152
pottedplant 0.0067 -18 -15 48 214
pottedplant 0.0065 253 74 330 349
pottedplant 0.0061 232 -10 304 60
pottedplant 0.0055 26 -14 99 65
pottedplant 0.0049 212 47 326 300
pottedplant 0.0044 241 68 309 181
pottedplant 0.0041 134 166 198 266
pottedplant 0.0036 -5 103 39 247
pottedplant 0.0031 11 15 117 252
pottedplant 0.0029 290 144 340 275
pottedplant 0.0027 210 30 278 150
pottedplant 0.0026 83 111 145 233
pottedplant 0.0026 237 -22 351 156
pottedplant 0.0025 76 8 152 110
pottedplant 0.0025 -7 59 37 204
pottedplant 0.0022 259 -7 328 63
pottedplant 0.0021 108 118 174 230
pottedplant 0.0021 265 111 325 232
pottedplant 0.0021 56 66 174 279
pottedplant 0.0018 31 72 97 191
pottedplant 0.0017 54 -3 88 59
pottedplant 0.0016 215 78 272 193
pottedplant 0.0015 155 163 228 263
pottedplant 0.0015 56 -6 174 198
pottedplant 0.0014 154 125 229 217
pottedplant 0.0014 -2 98 17 229
pottedplant 0.0014 -19 53 46 296
pottedplant 0.0013 289 79 336 247
pottedplant 0.0013 136 7 299 181
pottedplant 0.0012 105 39 174 148
pottedplant 0.0012 82 33 146 156
pottedplant 0.0011 59 -5 158 63
pottedplant 0.0010 295 16 332 74
pottedplant 0.0010 258 83 292 165
pottedplant 0.0010 275 101 360 324
