car 0.8248 55 81 367 303
car 0.0057 241 84 277 101
car 0.0036 243 75 276 94
car 0.0018 102 62 320 226
person 0.0983 371 -1 448 87
person 0.0541 356 4 465 132
person 0.0075 387 0 439 64
person 0.0033 365 0 425 39
person 0.0031 132 131 154 164
person 0.0028 391 8 490 78
person 0.0027 124 121 160 173
person 0.0024 107 118 145 173
person 0.0022 113 131 137 162
person 0.0021 356 2 399 61
person 0.0018 370 0 419 14
person 0.0018 350 0 399 16
person 0.0017 332 0 421 66
person 0.0015 54 153 85 218
person 0.0013 67 143 99 228
person 0.0013 387 0 441 16
person 0.0012 381 14 506 165
person 0.0011 435 22 524 107
person 0.0010 366 7 421 78
person 0.0010 361 2 390 33
person 0.0010 476 -11 500 125
pottedplant 0.0047 391 109 494 274
pottedplant 0.0034 400 142 483 240
pottedplant 0.0012 392 177 494 259
