bicycle 0.0014 453 200 489 277
bottle 0.0029 39 231 58 272
bottle 0.0015 291 -3 335 39
chair 0.5193 218 236 294 355
chair 0.3362 294 244 366 358
chair 0.1763 320 257 388 355
chair 0.1304 97 214 186 382
chair 0.0831 229 275 286 343
chair 0.0577 134 230 202 369
chair 0.0489 123 294 212 380
chair 0.0477 256 276 336 370
chair 0.0278 274 266 317 353
chair 0.0261 203 287 301 372
chair 0.0214 97 311 195 368
chair 0.0213 305 233 334 327
chair 0.0163 112 328 230 377
chair 0.0140 127 326 191 374
chair 0.0133 278 284 382 371
chair 0.0102 256 276 295 343
chair 0.0101 250 246 345 345
chair 0.0094 179 250 253 358
chair 0.0075 190 221 218 250
chair 0.0062 96 308 146 365
chair 0.0062 301 266 335 347
chair 0.0061 84 236 165 329
chair 0.0058 21 226 164 377
chair 0.0056 331 246 416 342
chair 0.0056 213 294 272 349
chair 0.0055 23 297 147 381
chair 0.0050 150 200 183 360
chair 0.0049 317 287 361 355
chair 0.0045 386 296 496 369
chair 0.0044 310 300 438 378
chair 0.0043 277 236 313 325
chair 0.0042 183 211 225 262
chair 0.0039 155 292 267 372
chair 0.0032 350 284 396 334
chair 0.0028 189 208 221 236
chair 0.0027 59 246 137 359
chair 0.0026 320 291 352 330
chair 0.0026 285 330 462 374
chair 0.0024 328 240 378 322
chair 0.0020 159 208 195 324
chair 0.0020 96 358 152 375
chair 0.0020 50 348 198 380
chair 0.0019 202 208 233 234
chair 0.0018 338 292 370 327
chair 0.0017 52 358 123 375
chair 0.0016 331 292 374 349
chair 0.0016 265 278 287 313
chair 0.0015 241 294 276 327
chair 0.0015 267 309 328 367
chair 0.0015 136 283 187 368
chair 0.0014 262 291 292 328
chair 0.0013 242 276 276 316
chair 0.0013 44 328 165 375
chair 0.0011 177 277 226 344
chair 0.0011 81 277 170 373
chair 0.0010 194 239 242 321
diningtable 0.0318 214 248 356 353
diningtable 0.0242 197 327 378 377
diningtable 0.0118 195 272 386 376
diningtable 0.0056 264 331 446 375
diningtable 0.0042 124 327 300 380
diningtable 0.0014 143 298 354 413
diningtable 0.0012 217 347 415 380
diningtable 0.0012 231 295 420 416
person 0.8765 368 171 424 306
person 0.8457 135 169 193 306
person 0.8125 57 158 127 260
person 0.4407 312 197 353 306
person 0.2945 230 224 289 339
person 0.2759 441 241 473 290
person 0.2186 107 173 146 247
person 0.2014 337 163 369 284
person 0.1595 459 148 494 206
person 0.1474 229 152 254 240
person 0.1402 247 156 283 257
person 0.1323 419 164 447 197
person 0.1282 300 228 359 331
person 0.1161 101 181 185 369
person 0.0965 332 154 368 233
person 0.0703 81 160 125 232
person 0.0697 414 166 453 217
person 0.0680 324 146 359 270
person 0.0630 415 151 454 264
person 0.0581 122 178 160 243
person 0.0566 470 136 498 200
person 0.0562 0 190 44 285
person 0.0539 348 153 406 283
person 0.0483 88 165 156 254
person 0.0476 146 178 191 240
person 0.0451 477 163 499 284
person 0.0409 428 153 466 206
person 0.0406 127 178 154 210
person 0.0396 165 179 192 210
person 0.0391 328 160 352 195
person 0.0352 47 152 145 397
person 0.0257 436 161 460 201
person 0.0246 402 166 429 195
person 0.0230 11 180 107 261
person 0.0220 318 181 386 324
person 0.0189 151 178 180 208
person 0.0185 373 154 414 205
person 0.0175 80 187 129 253
person 0.0173 242 142 284 217
person 0.0168 157 188 197 315
person 0.0161 90 181 156 324
person 0.0156 71 140 111 252
person 0.0156 477 156 497 204
person 0.0141 450 229 480 301
person 0.0134 423 150 447 185
person 0.0117 298 166 357 271
person 0.0115 481 231 498 272
person 0.0114 252 173 313 267
person 0.0114 408 179 487 260
person 0.0111 157 173 195 219
person 0.0110 257 174 288 273
person 0.0109 114 177 137 209
person 0.0104 391 200 427 301
person 0.0104 0 321 23 381
person 0.0095 242 221 282 283
person 0.0094 0 192 31 257
person 0.0092 305 208 338 267
person 0.0090 445 232 465 275
person 0.0090 97 204 150 265
person 0.0085 258 233 292 328
person 0.0081 340 160 364 201
person 0.0073 105 177 183 269
person 0.0072 393 148 429 268
person 0.0070 418 143 454 194
person 0.0069 375 154 448 264
person 0.0069 91 159 114 199
person 0.0064 230 185 252 232
person 0.0063 462 175 486 207
person 0.0062 379 153 404 183
person 0.0061 430 169 470 277
person 0.0061 456 245 479 282
person 0.0060 457 164 492 280
person 0.0057 397 159 434 206
person 0.0055 231 169 250 218
person 0.0053 112 199 136 244
person 0.0052 225 184 261 257
person 0.0051 245 234 317 329
person 0.0051 -1 166 123 329
person 0.0050 112 164 134 196
person 0.0048 224 219 262 341
person 0.0047 145 171 181 195
person 0.0047 250 173 273 213
person 0.0044 284 205 376 355
person 0.0043 320 216 347 260
person 0.0042 357 159 388 257
person 0.0041 -8 152 64 392
person 0.0041 168 168 192 199
person 0.0040 29 200 69 275
person 0.0038 364 163 390 196
person 0.0037 309 217 331 255
person 0.0033 332 204 368 327
person 0.0033 359 158 397 207
person 0.0032 362 151 427 236
person 0.0032 231 162 255 194
person 0.0032 -1 223 31 303
person 0.0032 402 175 429 210
person 0.0030 477 188 498 229
person 0.0030 247 161 276 196
person 0.0030 327 133 420 303
person 0.0030 126 187 154 226
person 0.0029 120 191 164 310
person 0.0027 463 143 484 190
person 0.0027 141 174 216 272
person 0.0024 246 232 274 265
person 0.0024 257 107 288 226
person 0.0024 481 199 498 249
person 0.0024 340 152 363 184
person 0.0023 306 208 332 239
person 0.0023 59 200 150 271
person 0.0023 393 153 490 330
person 0.0023 340 187 366 227
person 0.0023 263 173 286 214
person 0.0022 362 179 389 209
person 0.0022 477 174 499 211
person 0.0021 379 217 412 257
person 0.0021 33 130 145 254
person 0.0020 443 185 503 295
person 0.0020 356 186 451 350
person 0.0020 330 150 401 235
person 0.0020 436 152 461 183
person 0.0020 414 192 447 282
person 0.0019 90 185 120 230
person 0.0019 2 188 23 226
person 0.0019 439 -4 503 95
person 0.0018 248 224 276 252
person 0.0017 107 219 139 250
person 0.0017 258 218 294 287
person 0.0016 164 187 193 225
person 0.0016 0 180 47 240
person 0.0016 473 0 502 22
person 0.0016 129 169 157 198
person 0.0016 265 220 287 255
person 0.0016 92 226 124 251
person 0.0015 410 238 493 293
person 0.0015 72 187 103 230
person 0.0015 -28 140 82 293
person 0.0015 251 184 274 230
person 0.0015 400 156 426 182
person 0.0014 477 9 500 148
person 0.0014 207 167 274 249
person 0.0014 478 136 497 171
person 0.0014 128 203 153 240
person 0.0014 182 -1 222 18
person 0.0013 62 147 208 291
person 0.0013 200 180 240 240
person 0.0013 353 185 390 317
person 0.0013 438 146 504 209
person 0.0013 479 1 497 38
person 0.0013 10 196 40 223
person 0.0012 327 174 352 212
person 0.0012 477 215 502 345
person 0.0012 336 212 415 321
person 0.0012 211 173 312 324
person 0.0012 243 150 324 228
person 0.0012 343 198 365 246
person 0.0011 455 0 486 23
person 0.0011 264 186 285 229
person 0.0011 231 224 257 253
person 0.0011 0 202 25 241
person 0.0010 150 217 178 255
person 0.0010 440 294 522 369
person 0.0010 431 144 516 343
person 0.0010 204 218 277 320
person 0.0010 151 187 181 226
pottedplant 0.0406 15 251 99 365
pottedplant 0.0248 -5 248 64 362
pottedplant 0.0205 192 234 217 268
pottedplant 0.0145 188 225 224 277
pottedplant 0.0091 -25 222 80 382
pottedplant 0.0090 192 249 216 283
pottedplant 0.0072 0 268 25 381
pottedplant 0.0070 3 329 47 375
pottedplant 0.0068 -6 177 112 367
pottedplant 0.0050 7 296 124 382
pottedplant 0.0047 69 140 105 163
pottedplant 0.0041 4 272 47 375
pottedplant 0.0040 107 141 141 166
pottedplant 0.0032 92 137 115 166
pottedplant 0.0025 21 311 75 368
pottedplant 0.0022 0 331 133 372
pottedplant 0.0020 68 156 107 175
pottedplant 0.0018 12 212 94 331
pottedplant 0.0018 178 254 225 336
pottedplant 0.0017 163 221 237 340
pottedplant 0.0016 18 358 74 375
pottedplant 0.0015 47 139 88 161
pottedplant 0.0014 37 358 95 375
pottedplant 0.0014 196 228 237 306
pottedplant 0.0013 1 205 57 339
pottedplant 0.0012 125 138 156 166
pottedplant 0.0010 1 303 18 348
pottedplant 0.0010 108 153 141 178
pottedplant 0.0010 6 354 48 376
pottedplant 0.0010 99 133 151 169
pottedplant 0.0010 63 129 113 171
tvmonitor 0.0064 192 -4 307 39
tvmonitor 0.0017 96 -3 267 44
tvmonitor 0.0017 203 -8 277 23
tvmonitor 0.0014 57 -10 230 27
tvmonitor 0.0014 226 0 291 17
tvmonitor 0.0013 141 -9 298 26
