bicycle 0.0273 479 185 501 288
bird 0.0131 21 227 72 300
bird 0.0071 1 313 46 359
bird 0.0047 -6 200 70 307
bird 0.0018 6 314 43 340
bird 0.0013 0 256 59 304
bird 0.0011 43 217 79 286
bird 0.0010 0 320 26 351
car 0.8578 137 55 342 258
car 0.3783 402 180 455 211
car 0.0624 476 167 501 279
car 0.0162 366 175 460 216
car 0.0113 393 156 493 213
car 0.0079 458 162 494 225
car 0.0071 462 178 485 212
car 0.0058 482 214 499 261
car 0.0055 307 134 334 165
car 0.0036 480 230 500 273
car 0.0031 441 167 503 266
car 0.0030 432 149 510 231
car 0.0025 114 15 315 193
car 0.0024 430 184 471 207
car 0.0022 478 199 500 248
car 0.0021 409 190 450 218
car 0.0020 397 183 437 226
car 0.0017 479 207 501 323
car 0.0014 148 116 287 202
car 0.0014 459 167 487 199
car 0.0013 114 69 248 253
car 0.0011 163 86 333 175
car 0.0010 304 125 338 176
chair 0.0217 -5 201 66 284
chair 0.0174 23 63 154 252
chair 0.0125 -5 84 113 291
chair 0.0109 116 155 144 233
chair 0.0074 48 102 134 215
chair 0.0047 32 198 70 280
chair 0.0047 6 231 89 306
chair 0.0022 104 105 143 168
chair 0.0019 -10 180 109 310
chair 0.0018 113 116 143 212
chair 0.0015 1 48 61 167
chair 0.0015 27 91 110 182
chair 0.0012 20 53 113 162
chair 0.0011 8 169 86 274
chair 0.0010 31 73 72 171
chair 0.0010 15 129 97 246
motorbike 0.0011 456 154 523 261
person 0.2078 469 140 499 248
person 0.0063 454 150 498 214
person 0.0055 479 213 500 349
person 0.0042 314 108 348 168
person 0.0036 133 90 166 183
person 0.0035 308 121 332 157
person 0.0035 401 189 429 220
person 0.0028 475 169 499 219
person 0.0019 321 120 344 158
person 0.0016 319 126 350 205
person 0.0015 303 114 340 163
pottedplant 0.0040 -2 126 22 204
pottedplant 0.0040 -5 4 110 198
pottedplant 0.0031 14 48 89 151
pottedplant 0.0022 -10 49 58 150
pottedplant 0.0020 -34 60 78 256
pottedplant 0.0018 -16 103 55 213
pottedplant 0.0015 26 53 72 134
pottedplant 0.0014 -2 160 20 197
sheep 0.0048 22 249 68 309
