bottle 0.0077 211 170 281 270
bottle 0.0017 215 268 258 329
bottle 0.0015 191 157 219 213
bottle 0.0011 195 167 214 205
bottle 0.0010 418 203 452 294
chair 0.0045 -7 271 107 329
chair 0.0037 6 252 42 299
chair 0.0035 202 204 298 282
chair 0.0028 13 262 40 290
chair 0.0015 -1 240 22 335
chair 0.0015 13 226 102 309
chair 0.0014 185 173 320 306
chair 0.0010 210 162 273 285
diningtable 0.0056 315 186 494 343
diningtable 0.0013 207 172 522 363
diningtable 0.0010 186 268 331 334
person 0.4909 39 34 306 349
person 0.0681 373 186 505 340
person 0.0586 93 31 252 298
person 0.0242 401 78 497 309
person 0.0158 438 206 500 334
person 0.0093 416 163 488 266
person 0.0076 397 -1 499 230
person 0.0057 431 142 511 347
person 0.0049 476 213 501 336
person 0.0040 315 103 492 282
person 0.0040 189 81 304 305
person 0.0035 477 104 500 240
person 0.0030 477 35 499 181
person 0.0027 432 59 513 274
person 0.0022 116 48 297 231
person 0.0020 271 62 535 321
person 0.0017 138 149 285 335
person 0.0016 441 317 504 333
person 0.0015 437 140 501 257
person 0.0014 -7 71 119 261
person 0.0013 57 12 442 269
person 0.0012 -57 39 250 294
person 0.0010 68 177 277 307
pottedplant 0.0010 351 171 404 225
