bird 0.0011 108 115 238 162
bird 0.0010 134 129 191 145
boat 0.0019 10 79 104 152
boat 0.0016 121 128 166 146
car 0.0581 141 1 187 15
car 0.0363 162 0 197 16
car 0.0341 8 119 43 144
car 0.0170 -1 119 25 144
car 0.0070 1 105 54 142
car 0.0042 15 115 72 148
car 0.0022 -4 113 33 149
car 0.0017 0 108 24 138
car 0.0012 121 135 165 152
car 0.0010 87 -6 239 20
dog 0.5473 228 34 335 248
dog 0.0112 163 15 413 266
dog 0.0098 251 45 394 239
dog 0.0039 237 61 322 170
dog 0.0024 254 109 330 220
dog 0.0014 278 77 373 154
person 0.0676 178 -4 213 67
person 0.0169 222 9 256 27
person 0.0089 188 2 209 38
person 0.0077 243 75 403 258
person 0.0052 210 6 236 29
person 0.0049 202 137 235 154
person 0.0049 39 93 58 125
person 0.0041 223 11 260 54
person 0.0038 280 63 449 220
person 0.0022 418 17 447 42
person 0.0020 447 0 498 15
person 0.0018 25 99 70 141
person 0.0014 -1 70 20 147
person 0.0014 34 83 66 135
person 0.0013 87 0 123 19
person 0.0013 166 -3 237 68
person 0.0012 330 110 471 277
person 0.0012 34 105 62 134
person 0.0011 354 92 386 149
person 0.0010 103 0 145 15
pottedplant 0.0027 65 0 106 18
pottedplant 0.0013 287 1 345 38
sheep 0.0082 178 138 227 153
sheep 0.0029 155 139 212 152
