bicycle 0.2177 135 148 355 502
bicycle 0.0024 211 208 336 453
bicycle 0.0011 269 274 337 392
bottle 0.0017 141 428 163 472
bottle 0.0011 134 472 166 501
chair 0.0124 141 401 227 497
chair 0.0113 165 434 263 508
chair 0.0093 137 417 168 488
chair 0.0058 258 431 347 507
chair 0.0049 25 399 117 498
chair 0.0049 59 467 181 508
chair 0.0041 103 434 215 506
chair 0.0035 48 408 212 489
chair 0.0028 221 437 309 500
chair 0.0024 125 390 149 426
chair 0.0018 160 437 200 499
chair 0.0014 189 399 301 495
chair 0.0012 144 434 185 502
chair 0.0011 98 374 121 412
chair 0.0010 59 101 201 319
chair 0.0010 91 400 128 469
chair 0.0010 244 441 290 498
diningtable 0.0169 32 438 171 505
diningtable 0.0069 99 413 204 494
diningtable 0.0043 1 377 199 508
diningtable 0.0038 107 375 324 507
diningtable 0.0037 -46 349 363 531
diningtable 0.0032 40 467 174 508
diningtable 0.0023 41 407 214 547
diningtable 0.0020 90 461 212 509
horse 0.0021 -2 47 261 374
person 0.1686 175 125 310 447
person 0.0382 206 147 264 294
person 0.0205 166 140 265 373
person 0.0038 183 167 250 324
person 0.0037 198 138 349 361
person 0.0018 358 215 375 417
person 0.0018 127 90 362 412
person 0.0016 151 164 223 261
person 0.0014 236 171 262 304
person 0.0010 154 192 223 312
person 0.0010 220 170 280 304
pottedplant 0.1147 128 233 255 430
pottedplant 0.0184 146 263 228 395
pottedplant 0.0177 124 379 154 410
pottedplant 0.0175 118 345 160 407
pottedplant 0.0082 117 324 188 413
pottedplant 0.0057 134 378 163 409
pottedplant 0.0037 203 153 243 215
pottedplant 0.0021 123 265 187 396
pottedplant 0.0021 127 327 168 387
pottedplant 0.0020 108 356 131 391
pottedplant 0.0018 105 379 138 407
pottedplant 0.0017 125 356 151 394
pottedplant 0.0015 66 182 308 470
pottedplant 0.0013 135 340 163 373
pottedplant 0.0012 135 357 163 394
sofa 0.0073 14 407 143 495
tvmonitor 0.0236 100 318 169 414
tvmonitor 0.0153 104 267 166 389
tvmonitor 0.0017 99 221 147 374
tvmonitor 0.0016 96 266 126 368
tvmonitor 0.0012 93 282 173 454
