bottle 0.0028 115 105 177 189
bottle 0.0013 145 104 178 167
car 0.0101 424 203 476 240
car 0.0015 476 285 500 313
chair 0.0359 381 236 492 315
chair 0.0285 114 104 256 323
chair 0.0051 380 292 506 335
chair 0.0038 385 207 501 279
chair 0.0036 136 57 187 111
chair 0.0036 375 180 510 317
chair 0.0021 477 226 502 323
chair 0.0020 34 260 147 329
chair 0.0015 444 238 499 285
chair 0.0013 137 48 209 129
chair 0.0012 148 153 355 324
chair 0.0012 444 271 502 308
chair 0.0010 18 195 158 333
chair 0.0010 -2 269 100 332
horse 0.0068 74 94 349 338
person 0.8631 222 51 371 334
person 0.1930 87 39 335 345
person 0.0795 124 46 236 339
person 0.0138 97 45 264 238
person 0.0034 166 57 333 276
person 0.0023 250 55 388 229
person 0.0019 451 211 484 232
person 0.0017 231 146 349 235
person 0.0017 65 99 205 287
person 0.0015 137 14 439 269
person 0.0014 480 30 501 111
person 0.0012 246 53 267 87
person 0.0012 441 204 490 244
person 0.0010 481 64 498 99
pottedplant 0.1045 6 136 102 350
pottedplant 0.0471 10 167 85 274
pottedplant 0.0296 -15 104 74 330
pottedplant 0.0224 -13 28 67 254
pottedplant 0.0090 -7 14 56 116
pottedplant 0.0071 2 26 44 142
pottedplant 0.0067 0 181 57 302
pottedplant 0.0045 -37 193 82 343
pottedplant 0.0043 18 219 97 316
pottedplant 0.0043 -3 11 33 76
pottedplant 0.0040 -2 148 67 248
pottedplant 0.0033 1 67 45 177
pottedplant 0.0024 -25 -10 74 139
pottedplant 0.0020 4 162 181 324
pottedplant 0.0017 193 38 246 78
pottedplant 0.0016 -15 47 131 235
pottedplant 0.0014 0 156 25 265
pottedplant 0.0010 2 155 54 215
pottedplant 0.0010 199 46 240 69
sofa 0.0028 383 241 515 306
