bicycle 0.7740 35 128 245 266
bicycle 0.5584 229 127 494 265
bicycle 0.1374 187 53 466 277
bicycle 0.0331 122 112 295 275
bicycle 0.0296 32 90 389 292
bicycle 0.0294 67 64 200 281
bicycle 0.0103 107 91 226 255
bicycle 0.0054 72 145 198 243
bicycle 0.0053 361 111 508 269
bicycle 0.0033 133 120 211 218
bicycle 0.0029 171 119 248 218
bicycle 0.0026 138 142 224 253
bicycle 0.0018 394 146 486 235
bicycle 0.0016 332 90 467 249
bicycle 0.0014 354 148 458 237
bicycle 0.0014 371 140 417 202
bicycle 0.0011 352 134 432 209
bicycle 0.0010 262 145 388 241
person 0.0590 119 61 176 127
person 0.0324 83 20 181 260
person 0.0060 107 56 171 169
person 0.0011 127 55 217 124
person 0.0011 99 33 239 199
person 0.0010 389 42 489 239
