bicycle 0.1637 159 195 412 349
bird 0.0023 24 212 80 260
bottle 0.0020 335 157 377 230
bottle 0.0016 283 155 388 228
chair 0.0015 294 137 370 247
motorbike 0.2636 109 82 391 349
motorbike 0.0745 126 198 374 343
person 0.8576 163 33 331 336
person 0.0264 180 50 306 223
person 0.0075 435 -8 504 93
person 0.0021 384 0 442 15
person 0.0014 265 92 382 287
person 0.0014 364 -1 453 89
person 0.0011 421 -1 483 15
pottedplant 0.0159 395 2 496 87
pottedplant 0.0016 404 0 459 16
pottedplant 0.0014 441 -2 496 16
pottedplant 0.0010 415 70 453 93
