bottle 0.0238 22 328 76 373
bottle 0.0046 27 302 62 374
bottle 0.0041 63 311 109 368
bottle 0.0041 8 288 46 359
bottle 0.0037 15 311 160 370
bottle 0.0019 4 298 101 371
bottle 0.0018 156 357 207 374
bottle 0.0012 16 347 79 379
bottle 0.0010 169 244 206 317
bottle 0.0010 97 355 151 374
car 0.0021 386 336 499 379
car 0.0012 326 348 501 377
chair 0.0012 332 330 476 379
diningtable 0.0101 0 330 190 375
person 0.8737 24 87 321 344
person 0.5496 232 97 496 391
person 0.0198 128 116 288 363
person 0.0059 0 154 422 388
person 0.0044 259 184 468 354
person 0.0040 271 102 452 270
person 0.0030 -6 284 61 374
person 0.0029 0 252 28 365
person 0.0015 -1 210 22 348
person 0.0013 180 151 398 333
person 0.0012 441 0 498 15
person 0.0012 256 88 396 234
person 0.0011 279 104 367 208
tvmonitor 0.0043 413 0 492 42
