bicycle 0.0015 477 98 500 202
car 0.8571 -20 46 443 328
car 0.1286 141 45 433 163
car 0.0694 287 11 462 62
car 0.0527 101 18 474 241
car 0.0521 230 -1 346 43
car 0.0478 218 18 434 137
car 0.0246 118 82 535 348
car 0.0218 257 3 398 67
car 0.0166 306 -1 420 43
car 0.0166 275 2 323 39
car 0.0139 261 1 468 99
car 0.0134 160 33 264 105
car 0.0109 183 13 317 78
car 0.0109 125 31 228 104
car 0.0109 84 86 339 290
car 0.0091 286 35 439 103
car 0.0081 351 24 457 109
car 0.0077 261 24 371 76
car 0.0074 14 38 178 225
car 0.0071 246 4 312 39
car 0.0058 266 -9 405 23
car 0.0058 -1 53 121 264
car 0.0057 184 -6 400 94
car 0.0056 347 -4 458 40
car 0.0056 229 0 288 15
car 0.0047 59 29 282 173
car 0.0046 214 -1 267 14
car 0.0042 142 64 281 131
car 0.0041 347 0 402 15
car 0.0038 146 -3 274 41
car 0.0034 135 8 293 143
car 0.0033 -23 -4 293 265
car 0.0033 306 -6 366 23
car 0.0031 323 9 485 135
car 0.0029 -44 123 315 364
car 0.0028 254 0 302 17
car 0.0027 201 -8 356 27
car 0.0026 401 2 483 90
car 0.0025 176 58 325 140
car 0.0024 16 166 108 270
car 0.0024 305 -10 482 25
car 0.0021 218 38 358 107
car 0.0020 32 77 238 299
car 0.0018 165 71 409 245
car 0.0017 77 -27 424 172
car 0.0016 38 5 231 136
car 0.0015 161 46 241 140
car 0.0014 335 76 452 167
car 0.0014 365 0 422 14
car 0.0014 194 92 380 163
car 0.0013 302 85 410 163
car 0.0011 253 2 302 65
car 0.0011 7 108 102 208
car 0.0010 262 58 389 146
car 0.0010 85 -5 271 103
car 0.0010 268 -4 330 25
motorbike 0.0015 381 25 443 127
person 0.5225 445 20 498 163
person 0.3102 160 20 207 84
person 0.2090 112 23 139 53
person 0.1863 395 18 435 107
person 0.1582 176 17 221 84
person 0.0740 413 4 447 121
person 0.0694 457 11 494 120
person 0.0680 204 25 243 74
person 0.0561 427 11 467 116
person 0.0560 470 16 500 170
person 0.0507 108 16 146 59
person 0.0339 227 47 251 75
person 0.0319 312 0 361 18
person 0.0236 288 -1 345 39
person 0.0208 419 10 451 38
person 0.0197 331 0 375 17
person 0.0194 415 28 487 115
person 0.0192 223 35 250 68
person 0.0191 159 3 259 87
person 0.0163 207 45 238 76
person 0.0145 131 -3 225 87
person 0.0131 284 3 314 37
person 0.0129 416 13 458 59
person 0.0100 294 113 340 161
person 0.0098 435 17 464 51
person 0.0093 118 20 159 75
person 0.0088 454 21 482 53
person 0.0085 434 10 464 38
person 0.0074 294 0 340 21
person 0.0072 431 41 476 143
person 0.0071 300 3 331 35
person 0.0065 71 0 197 75
person 0.0061 395 12 438 63
person 0.0060 129 29 152 66
person 0.0059 472 20 500 83
person 0.0056 152 46 177 78
person 0.0056 477 33 499 68
person 0.0056 435 30 463 67
person 0.0051 440 -4 510 96
person 0.0050 273 0 324 20
person 0.0049 379 33 414 97
person 0.0048 307 -4 361 43
person 0.0046 151 15 183 85
person 0.0046 161 36 242 119
person 0.0045 424 11 521 140
person 0.0044 243 49 273 75
person 0.0041 186 31 216 68
person 0.0041 242 37 277 64
person 0.0040 400 19 429 52
person 0.0039 187 42 213 83
person 0.0031 314 115 359 160
person 0.0030 256 7 302 33
person 0.0028 167 31 197 73
person 0.0027 322 134 350 165
person 0.0027 154 30 175 68
person 0.0027 462 31 486 66
person 0.0026 394 7 467 95
person 0.0026 476 22 499 53
person 0.0025 340 112 376 160
person 0.0025 188 18 215 52
person 0.0024 436 22 517 226
person 0.0023 80 8 166 64
person 0.0022 192 0 250 15
person 0.0020 199 42 241 116
person 0.0020 206 21 235 56
person 0.0020 165 21 201 50
person 0.0020 399 9 432 36
person 0.0020 456 10 486 34
person 0.0019 220 40 258 83
person 0.0018 86 8 131 61
person 0.0018 180 13 223 35
person 0.0016 163 46 205 104
person 0.0016 424 4 469 43
person 0.0016 352 113 389 161
person 0.0016 91 20 123 48
person 0.0016 105 33 146 93
person 0.0014 419 30 446 68
person 0.0013 477 67 500 204
person 0.0013 412 0 452 19
person 0.0013 103 2 263 43
person 0.0013 384 75 406 111
person 0.0012 400 29 424 70
person 0.0012 380 36 409 65
person 0.0012 217 5 257 68
person 0.0011 152 23 178 55
person 0.0010 401 37 426 88
person 0.0010 6 0 104 87
person 0.0010 32 6 161 76
tvmonitor 0.0013 113 0 174 15
