bottle 0.0106 371 3 408 71
bottle 0.0025 363 0 414 46
bottle 0.0021 165 140 195 168
chair 0.4022 -6 0 109 206
chair 0.1738 387 -25 492 221
chair 0.0986 56 1 127 78
chair 0.0523 321 9 429 121
chair 0.0352 331 -1 491 141
chair 0.0249 159 3 335 191
chair 0.0175 2 67 94 189
chair 0.0161 -7 332 126 373
chair 0.0141 130 75 298 300
chair 0.0133 212 -3 351 147
chair 0.0112 199 85 297 170
chair 0.0107 51 26 146 103
chair 0.0093 137 233 363 370
chair 0.0079 116 32 235 228
chair 0.0077 156 286 266 375
chair 0.0075 317 150 411 235
chair 0.0072 2 6 116 74
chair 0.0068 328 16 480 242
chair 0.0057 192 23 304 115
chair 0.0051 139 78 214 182
chair 0.0045 282 10 450 186
chair 0.0040 158 48 260 150
chair 0.0037 235 32 418 226
chair 0.0036 62 42 361 331
chair 0.0031 200 64 376 253
chair 0.0030 0 8 61 120
chair 0.0028 16 1 170 141
chair 0.0027 115 -3 226 77
chair 0.0025 154 27 268 113
chair 0.0025 54 45 215 215
chair 0.0024 293 76 431 241
chair 0.0024 400 40 483 160
chair 0.0024 74 131 273 307
chair 0.0023 56 8 191 60
chair 0.0023 314 0 398 72
chair 0.0021 154 149 343 339
chair 0.0021 128 263 298 386
chair 0.0020 84 87 186 169
chair 0.0020 125 59 220 145
chair 0.0020 210 293 359 370
chair 0.0019 82 2 264 153
chair 0.0019 354 291 456 375
chair 0.0019 83 52 183 147
chair 0.0019 149 6 270 73
chair 0.0018 75 24 127 72
chair 0.0018 41 197 230 348
chair 0.0018 472 26 500 188
chair 0.0018 282 16 367 123
chair 0.0017 311 56 420 139
chair 0.0015 403 106 489 212
chair 0.0015 63 -3 141 51
chair 0.0014 24 52 108 163
chair 0.0014 435 17 508 237
chair 0.0014 -16 350 144 378
chair 0.0013 118 41 225 109
chair 0.0013 81 224 264 379
chair 0.0013 197 177 306 257
chair 0.0013 210 2 343 67
chair 0.0012 0 5 27 122
chair 0.0012 303 289 422 373
chair 0.0012 193 259 308 351
chair 0.0012 446 61 502 194
chair 0.0012 46 53 141 148
chair 0.0012 260 -1 333 130
chair 0.0012 19 68 172 248
chair 0.0012 79 238 189 312
chair 0.0012 98 13 149 54
chair 0.0011 119 11 173 57
chair 0.0011 -8 -12 130 107
chair 0.0011 297 3 339 124
chair 0.0010 199 119 297 201
chair 0.0010 -31 63 76 253
chair 0.0010 153 176 271 254
chair 0.0010 -58 -2 174 260
chair 0.0010 364 46 453 153
diningtable 0.1226 196 235 459 375
diningtable 0.0054 84 155 492 389
diningtable 0.0023 25 108 397 322
diningtable 0.0022 253 294 400 369
diningtable 0.0018 118 33 457 281
diningtable 0.0012 257 258 396 348
person 0.4448 370 -6 500 157
person 0.0339 389 1 501 85
person 0.0219 -7 -29 69 232
person 0.0100 472 -11 499 139
person 0.0063 433 -12 509 220
person 0.0042 110 -6 388 323
person 0.0038 352 -1 448 89
person 0.0036 472 -2 503 19
person 0.0035 450 -2 497 45
person 0.0031 361 -4 505 49
person 0.0018 0 22 24 161
person 0.0017 436 -4 502 104
person 0.0017 445 0 498 18
person 0.0011 354 -1 405 44
person 0.0010 430 -15 521 52
person 0.0010 -9 -5 64 93
pottedplant 0.0132 137 73 192 116
pottedplant 0.0064 142 92 183 119
pottedplant 0.0028 157 81 202 106
pottedplant 0.0020 113 80 213 132
sofa 0.0010 57 124 366 363
tvmonitor 0.0246 154 -6 265 42
tvmonitor 0.0048 112 -5 232 41
tvmonitor 0.0048 145 0 255 72
tvmonitor 0.0033 44 -8 136 55
