bicycle 0.0014 323 139 472 295
car 0.2069 101 0 187 15
car 0.1821 83 -5 202 17
car 0.1783 40 0 227 33
car 0.0885 228 0 283 12
car 0.0812 203 -1 239 16
car 0.0547 165 1 239 15
car 0.0535 -6 24 429 257
car 0.0365 148 0 219 12
car 0.0333 151 -4 275 29
car 0.0213 250 -1 304 12
car 0.0136 76 0 135 13
car 0.0133 -3 -4 176 19
car 0.0106 332 0 376 15
car 0.0103 206 -6 389 20
car 0.0090 380 -1 503 34
car 0.0085 307 0 366 14
car 0.0060 349 0 399 12
car 0.0053 268 0 327 13
car 0.0052 177 -6 300 19
car 0.0048 266 -1 462 31
car 0.0028 266 84 298 110
car 0.0027 40 114 100 152
car 0.0026 224 -6 286 17
car 0.0023 193 -5 247 20
car 0.0023 365 0 422 12
car 0.0019 3 0 53 13
car 0.0017 32 0 102 13
car 0.0013 33 -33 243 60
car 0.0012 71 -6 139 18
car 0.0010 285 -7 425 19
motorbike 0.6200 30 38 469 294
motorbike 0.0112 128 74 370 260
motorbike 0.0089 230 90 419 297
motorbike 0.0056 146 103 505 330
motorbike 0.0035 -7 105 355 329
person 0.0052 334 76 413 192
person 0.0014 293 61 429 232
person 0.0013 422 0 481 13
person 0.0012 341 79 452 261
person 0.0011 346 77 410 117
