bicycle 0.5882 15 91 484 397
bicycle 0.1024 46 35 453 280
bicycle 0.0571 202 50 526 381
bicycle 0.0050 141 110 358 323
bicycle 0.0034 79 76 265 304
bicycle 0.0029 -18 76 288 356
bicycle 0.0028 231 116 423 319
bicycle 0.0020 179 69 397 249
bicycle 0.0017 200 141 299 235
bicycle 0.0012 124 37 299 223
bicycle 0.0010 54 141 215 349
bottle 0.0017 473 71 499 201
bottle 0.0011 384 43 444 89
chair 0.0015 475 100 500 231
chair 0.0013 101 7 244 69
chair 0.0012 147 -8 275 38
dog 0.0021 371 37 458 123
person 0.0282 378 10 492 299
person 0.0241 225 21 502 352
person 0.0061 430 7 514 254
person 0.0033 373 51 416 111
person 0.0024 373 -10 508 163
person 0.0024 0 225 20 364
person 0.0023 477 1 498 37
person 0.0023 474 41 499 201
person 0.0016 395 48 488 154
person 0.0016 350 56 442 128
person 0.0016 406 39 456 86
person 0.0015 122 -2 454 262
person 0.0013 438 2 499 126
person 0.0013 280 41 448 283
person 0.0013 326 -2 556 319
person 0.0013 180 13 299 114
person 0.0011 0 299 115 365
person 0.0011 451 -2 497 44
person 0.0011 204 29 372 233
tvmonitor 0.0024 185 -4 311 39
tvmonitor 0.0021 37 -4 209 47
