bottle 0.0063 0 254 53 366
bottle 0.0048 101 90 117 118
bottle 0.0021 243 187 270 241
bottle 0.0020 120 91 142 170
bottle 0.0020 117 120 142 197
bottle 0.0019 90 83 181 276
bottle 0.0018 109 110 158 200
bottle 0.0013 97 85 122 123
bottle 0.0012 125 228 182 300
bottle 0.0011 122 204 189 271
bottle 0.0010 107 85 151 177
chair 0.0016 0 273 13 374
chair 0.0012 148 321 247 363
chair 0.0010 12 312 92 362
diningtable 0.0847 -1 208 271 371
diningtable 0.0130 72 260 238 374
diningtable 0.0076 16 137 294 330
diningtable 0.0068 11 267 172 365
diningtable 0.0023 127 253 186 328
diningtable 0.0020 96 311 173 380
diningtable 0.0016 68 288 201 397
diningtable 0.0016 11 259 258 430
diningtable 0.0015 -58 250 204 383
diningtable 0.0014 53 312 134 365
diningtable 0.0012 67 195 204 331
diningtable 0.0012 97 257 173 326
person 0.7838 125 15 268 289
person 0.3137 7 29 102 277
person 0.3119 1 15 185 289
person 0.1186 236 61 271 113
person 0.1115 236 50 273 248
person 0.0642 27 49 284 309
person 0.0149 1 56 63 300
person 0.0138 206 26 272 276
person 0.0099 65 21 157 281
person 0.0074 88 55 177 251
person 0.0058 256 51 270 185
person 0.0051 237 50 268 155
person 0.0051 217 35 267 101
person 0.0049 252 56 271 122
person 0.0049 226 56 263 99
person 0.0034 109 35 244 209
person 0.0030 162 10 229 71
person 0.0025 11 119 133 284
person 0.0022 245 80 268 211
person 0.0021 255 60 270 91
person 0.0017 148 6 203 83
person 0.0017 0 235 11 358
person 0.0015 45 -38 223 233
person 0.0014 84 121 309 346
person 0.0014 160 24 273 170
person 0.0013 170 31 306 327
person 0.0012 229 109 286 304
person 0.0012 255 73 270 106
person 0.0012 41 30 103 111
person 0.0011 -2 268 35 366
person 0.0011 28 12 114 138
person 0.0010 168 110 267 301
person 0.0010 242 61 266 90
pottedplant 0.0015 239 90 270 229
tvmonitor 0.0037 212 3 264 81
tvmonitor 0.0020 184 6 252 70
