horse 0.4631 70 110 332 366
horse 0.0222 189 103 325 309
horse 0.0011 36 161 365 463
horse 0.0010 84 167 257 379
person 0.2023 153 75 298 271
person 0.0582 180 67 269 191
person 0.0208 48 46 354 287
person 0.0170 189 53 330 224
person 0.0151 101 66 245 340
person 0.0032 217 71 305 182
person 0.0022 171 84 249 228
person 0.0013 191 98 286 214
person 0.0013 232 86 274 148
person 0.0010 268 143 329 263
person 0.0010 196 61 283 145
pottedplant 0.0055 325 211 393 344
pottedplant 0.0030 302 177 405 376
