bicycle 0.0538 75 14 500 359
bottle 0.0045 68 181 128 307
bottle 0.0021 58 144 208 343
bottle 0.0018 42 186 151 358
bottle 0.0018 57 195 106 309
bottle 0.0017 89 180 158 295
bottle 0.0010 96 219 151 286
person 0.0072 391 0 435 16
person 0.0061 366 0 422 15
person 0.0058 347 0 403 15
person 0.0037 315 0 356 20
person 0.0032 -9 4 66 80
person 0.0018 330 0 380 17
person 0.0016 59 163 127 274
person 0.0014 296 0 337 20
person 0.0013 407 -1 454 17
person 0.0013 22 90 169 287
pottedplant 0.0334 11 -24 412 340
pottedplant 0.0089 130 24 218 119
pottedplant 0.0051 105 0 238 148
pottedplant 0.0046 159 -2 254 90
pottedplant 0.0030 126 -1 296 202
pottedplant 0.0023 199 128 249 177
pottedplant 0.0019 88 146 253 345
pottedplant 0.0017 95 59 252 253
pottedplant 0.0010 322 64 485 251
pottedplant 0.0010 57 66 211 309
