bottle 0.0013 206 91 246 152
chair 0.0015 310 160 361 318
chair 0.0013 124 113 289 382
person 0.4470 -34 69 336 429
person 0.0810 51 6 361 340
person 0.0163 191 -4 330 195
person 0.0155 6 -25 241 372
person 0.0077 56 134 356 519
person 0.0054 13 50 122 374
person 0.0044 206 5 317 111
person 0.0036 95 122 263 374
person 0.0033 261 -4 297 61
person 0.0031 149 52 319 292
person 0.0031 220 41 357 308
person 0.0029 159 7 253 106
person 0.0025 130 -13 282 130
person 0.0023 51 100 198 399
person 0.0019 182 -7 394 353
person 0.0018 264 -23 360 217
person 0.0014 279 4 353 108
person 0.0014 217 -4 317 66
person 0.0011 70 23 231 240
person 0.0010 250 20 328 158
sofa 0.0015 112 66 409 431
