aeroplane 0.6357 -16 68 438 212
aeroplane 0.0890 21 66 317 170
aeroplane 0.0370 158 28 494 202
aeroplane 0.0291 277 40 457 185
aeroplane 0.0047 333 62 374 76
aeroplane 0.0038 70 64 274 116
aeroplane 0.0036 314 63 358 77
aeroplane 0.0033 -29 17 451 162
aeroplane 0.0028 192 68 309 117
aeroplane 0.0024 296 51 336 70
aeroplane 0.0023 134 84 286 134
aeroplane 0.0019 283 49 315 70
aeroplane 0.0015 103 74 241 148
aeroplane 0.0013 296 59 337 76
aeroplane 0.0013 59 49 190 93
aeroplane 0.0012 34 126 388 309
aeroplane 0.0011 83 99 340 228
aeroplane 0.0011 315 51 357 68
bicycle 0.0253 399 264 437 310
bicycle 0.0055 399 286 433 308
bicycle 0.0036 381 263 408 309
bicycle 0.0021 112 298 143 321
boat 0.0083 71 47 193 89
boat 0.0054 58 68 208 115
boat 0.0017 107 57 179 89
boat 0.0011 39 41 151 94
bottle 0.0014 414 173 442 200
car 0.2820 91 253 125 273
car 0.1323 105 254 137 273
car 0.0280 181 292 213 313
car 0.0152 93 262 122 282
car 0.0145 0 172 26 198
car 0.0094 0 234 25 259
car 0.0036 -3 163 31 208
car 0.0028 0 184 26 211
car 0.0017 -1 161 25 186
car 0.0015 0 95 26 120
car 0.0011 0 167 27 255
car 0.0010 -1 216 28 258
car 0.0010 28 98 64 115
car 0.0010 451 60 494 77
chair 0.0038 186 300 214 321
horse 0.0054 257 280 290 315
person 0.2501 303 249 326 281
person 0.2359 117 288 140 317
person 0.2129 154 230 173 268
person 0.1807 271 245 289 281
person 0.1684 290 246 309 281
person 0.1140 417 275 439 305
person 0.1115 325 248 345 275
person 0.1057 215 241 232 281
person 0.0975 171 231 191 265
person 0.0971 384 239 404 310
person 0.0965 230 241 247 283
person 0.0916 17 217 36 257
person 0.0810 38 221 56 257
person 0.0750 382 243 400 280
person 0.0698 208 234 230 262
person 0.0677 191 233 211 262
person 0.0474 21 231 40 268
person 0.0440 246 246 268 272
person 0.0438 229 234 249 267
person 0.0436 416 237 440 314
person 0.0430 265 276 288 305
person 0.0430 259 68 290 124
person 0.0397 135 226 155 253
person 0.0341 403 245 426 275
person 0.0334 461 237 481 267
person 0.0331 483 258 499 293
person 0.0326 342 273 362 303
person 0.0323 151 227 176 253
person 0.0285 367 246 386 277
person 0.0284 343 247 361 278
person 0.0274 35 211 59 266
person 0.0267 36 230 53 269
person 0.0260 192 242 211 278
person 0.0254 479 231 500 292
person 0.0247 250 287 275 313
person 0.0230 113 238 134 266
person 0.0224 130 284 154 312
person 0.0211 326 256 346 287
person 0.0205 403 248 431 304
person 0.0204 443 237 461 268
person 0.0204 32 248 56 274
person 0.0189 227 258 248 285
person 0.0184 170 244 191 273
person 0.0184 482 270 498 302
person 0.0178 285 240 309 266
person 0.0172 298 255 330 289
person 0.0167 264 72 289 98
person 0.0160 305 240 329 265
person 0.0152 2 223 21 253
person 0.0151 385 272 406 306
person 0.0135 57 218 75 254
person 0.0135 266 240 288 265
person 0.0127 383 236 402 268
person 0.0111 421 243 439 277
person 0.0107 218 66 298 131
person 0.0100 404 272 428 308
person 0.0094 251 236 270 266
person 0.0092 0 212 23 240
person 0.0088 260 266 290 312
person 0.0088 167 228 193 251
person 0.0084 154 245 175 273
person 0.0083 343 238 364 265
person 0.0077 77 218 95 255
person 0.0068 482 229 497 271
person 0.0067 20 248 45 277
person 0.0065 323 242 349 263
person 0.0060 71 209 100 265
person 0.0057 173 290 198 314
person 0.0057 210 260 236 283
person 0.0055 185 228 217 271
person 0.0052 344 256 361 292
person 0.0052 419 240 444 264
person 0.0044 74 237 96 261
person 0.0043 185 230 219 251
person 0.0043 479 247 501 325
person 0.0041 147 287 174 310
person 0.0039 202 231 236 268
person 0.0039 49 212 81 263
person 0.0037 26 238 59 282
person 0.0035 10 197 46 254
person 0.0035 38 211 57 243
person 0.0035 17 208 38 241
person 0.0034 34 86 61 111
person 0.0033 96 237 120 265
person 0.0033 419 255 441 296
person 0.0032 117 218 135 258
person 0.0032 207 228 231 252
person 0.0032 329 271 349 303
person 0.0031 324 245 348 300
person 0.0030 148 219 181 260
person 0.0028 402 239 424 266
person 0.0026 455 230 489 273
person 0.0024 129 219 159 259
person 0.0023 92 204 120 272
person 0.0022 336 239 365 284
person 0.0021 54 236 79 259
person 0.0021 52 178 81 246
person 0.0021 437 230 466 274
person 0.0020 360 228 393 275
person 0.0020 223 246 251 297
person 0.0019 115 279 140 304
person 0.0019 107 231 137 270
person 0.0019 112 210 140 266
person 0.0018 57 207 76 243
person 0.0017 233 85 287 129
person 0.0017 -2 199 29 251
person 0.0016 241 241 275 279
person 0.0016 139 63 184 81
person 0.0015 377 229 407 273
person 0.0015 168 236 195 281
person 0.0015 363 260 389 283
person 0.0014 321 31 469 162
person 0.0014 96 219 115 255
person 0.0013 152 234 179 284
person 0.0012 278 232 314 272
person 0.0010 98 209 118 239
person 0.0010 33 199 59 226
