aeroplane 0.0193 62 74 514 356
bottle 0.0067 382 247 403 284
bottle 0.0029 373 242 410 287
chair 0.0038 437 272 500 375
chair 0.0014 476 271 500 346
chair 0.0013 447 271 498 324
chair 0.0012 427 271 476 320
chair 0.0010 399 163 429 192
person 0.0023 321 264 348 296
person 0.0013 305 248 328 286
person 0.0012 185 230 214 303
person 0.0012 313 252 354 306
pottedplant 0.0051 400 150 425 181
pottedplant 0.0014 392 144 430 188
train 0.7156 -19 1 441 316
train 0.0666 60 172 515 374
train 0.0052 88 81 327 290
train 0.0027 -77 54 271 319
train 0.0018 206 231 448 364
train 0.0015 51 50 295 214
train 0.0013 -27 124 374 363
