bus 0.0082 -5 154 427 331
chair 0.0239 -7 198 110 329
chair 0.0045 5 251 101 330
chair 0.0044 0 215 65 333
chair 0.0027 -1 221 23 331
chair 0.0023 0 231 52 293
chair 0.0016 -1 273 24 326
chair 0.0014 4 243 47 332
person 0.0034 93 119 116 151
person 0.0022 304 200 328 226
person 0.0020 266 132 295 160
person 0.0016 105 124 142 147
person 0.0012 319 123 359 224
pottedplant 0.0088 478 122 500 224
pottedplant 0.0059 317 130 355 191
pottedplant 0.0047 474 94 501 178
pottedplant 0.0020 455 103 496 168
train 0.7500 9 114 490 321
train 0.0200 217 76 511 307
train 0.0146 -21 64 291 319
train 0.0129 76 142 346 296
train 0.0030 1 115 122 271
train 0.0029 174 108 403 275
train 0.0022 7 28 492 254
train 0.0022 11 151 102 233
train 0.0017 37 107 230 277
train 0.0015 479 161 503 234
train 0.0011 193 116 308 169
train 0.0011 318 109 472 276
train 0.0010 102 91 321 239
tvmonitor 0.0015 52 105 90 165
tvmonitor 0.0012 0 130 24 214
