bottle 0.0257 451 92 493 240
bottle 0.0171 435 74 508 305
bottle 0.0011 0 251 21 341
car 0.0097 204 0 241 14
car 0.0077 233 0 287 14
car 0.0042 213 0 264 14
car 0.0016 480 91 500 126
car 0.0015 115 0 172 14
car 0.0014 133 0 192 14
chair 0.0029 -2 158 181 318
chair 0.0015 371 145 503 342
chair 0.0010 397 261 498 330
diningtable 0.0011 58 194 441 409
person 0.6709 79 12 199 297
person 0.6481 -7 2 107 148
person 0.6321 415 4 480 75
person 0.5770 288 87 436 344
person 0.5647 7 45 115 328
person 0.4952 425 -7 470 109
person 0.4882 361 -8 395 51
person 0.3773 371 -8 411 50
person 0.3751 317 -3 353 46
person 0.2165 457 -4 492 101
person 0.1776 302 -4 343 43
person 0.1559 390 0 427 44
person 0.1321 -4 -17 65 218
person 0.1197 330 -1 372 42
person 0.1165 131 80 443 350
person 0.0883 9 4 259 313
person 0.0535 101 21 220 196
person 0.0505 472 4 497 66
person 0.0499 258 74 395 299
person 0.0316 0 53 24 191
person 0.0298 335 -6 413 49
person 0.0298 279 98 359 223
person 0.0246 464 14 485 58
person 0.0239 213 66 363 250
person 0.0224 2 -5 54 137
person 0.0220 123 51 293 264
person 0.0216 -9 52 69 322
person 0.0199 -1 -17 26 145
person 0.0189 479 0 497 44
person 0.0173 420 3 455 96
person 0.0171 375 0 412 22
person 0.0163 278 -7 374 48
person 0.0161 358 -1 391 23
person 0.0138 457 -1 491 49
person 0.0131 406 2 460 44
person 0.0123 20 42 176 280
person 0.0119 101 103 177 219
person 0.0107 9 68 89 180
person 0.0106 129 127 368 296
person 0.0097 258 0 297 17
person 0.0087 302 78 414 247
person 0.0084 0 -5 28 81
person 0.0066 392 0 433 19
person 0.0063 435 102 506 328
person 0.0058 0 8 45 91
person 0.0055 41 -3 122 104
person 0.0048 339 -1 373 23
person 0.0046 476 27 498 67
person 0.0046 253 100 333 219
person 0.0043 417 5 448 37
person 0.0042 -1 107 20 252
person 0.0041 91 19 186 127
person 0.0038 319 -1 356 24
person 0.0037 221 141 507 346
person 0.0037 375 111 502 322
person 0.0037 473 3 499 125
person 0.0037 393 -4 489 49
person 0.0036 473 -1 503 21
person 0.0033 275 0 319 16
person 0.0031 1 51 46 163
person 0.0030 125 9 204 148
person 0.0030 2 -1 98 78
person 0.0030 449 0 492 17
person 0.0030 3 -6 50 51
person 0.0026 295 0 341 18
person 0.0025 311 -9 364 31
person 0.0025 460 27 489 66
person 0.0024 77 109 140 248
person 0.0024 435 1 505 84
person 0.0023 334 83 474 294
person 0.0022 129 57 199 185
person 0.0022 0 130 18 173
person 0.0021 30 -4 65 131
person 0.0021 407 0 457 18
person 0.0021 432 68 462 93
person 0.0021 357 1 451 81
person 0.0021 140 20 184 83
person 0.0019 -58 81 174 350
person 0.0019 6 83 42 190
person 0.0019 398 14 424 49
person 0.0019 364 15 392 51
person 0.0017 123 25 164 102
person 0.0017 41 92 87 182
person 0.0016 290 84 339 189
person 0.0015 336 -12 378 32
person 0.0014 -17 151 138 325
person 0.0014 40 11 383 248
person 0.0013 319 160 414 270
person 0.0013 376 18 411 48
person 0.0013 435 29 465 70
person 0.0012 284 163 371 270
person 0.0012 40 6 86 119
person 0.0012 79 123 268 302
person 0.0012 0 227 21 333
person 0.0011 23 -2 160 148
person 0.0011 321 1 409 79
person 0.0011 479 32 500 154
person 0.0010 142 121 281 203
person 0.0010 124 10 220 82
person 0.0010 -22 -31 77 129
person 0.0010 0 4 24 36
pottedplant 0.0015 424 0 477 17
