aeroplane 0.0023 13 48 409 189
bus 0.0079 440 63 500 102
bus 0.0052 71 80 211 124
car 0.6521 234 98 495 193
car 0.6428 447 82 498 118
car 0.6069 268 71 365 109
car 0.5549 -2 82 62 154
car 0.5146 76 90 345 192
car 0.2213 22 66 477 256
car 0.2079 -5 89 59 118
car 0.1805 436 66 504 114
car 0.1579 339 80 461 115
car 0.1488 16 72 166 174
car 0.1116 280 70 356 94
car 0.1006 7 86 109 153
car 0.0891 206 80 374 113
car 0.0631 301 75 370 103
car 0.0458 289 73 345 89
car 0.0446 9 76 100 122
car 0.0425 333 73 374 92
car 0.0298 473 89 501 115
car 0.0258 236 74 285 90
car 0.0233 37 98 134 170
car 0.0222 219 63 357 93
car 0.0216 192 74 243 86
car 0.0204 310 73 364 90
car 0.0184 246 75 303 105
car 0.0174 383 80 497 115
car 0.0170 231 72 329 109
car 0.0150 178 74 228 87
car 0.0136 451 78 488 106
car 0.0131 72 80 188 121
car 0.0121 53 63 91 102
car 0.0102 -23 65 80 170
car 0.0098 335 87 452 140
car 0.0093 434 81 472 119
car 0.0089 284 75 382 124
car 0.0080 355 80 393 97
car 0.0079 212 75 268 86
car 0.0075 275 73 326 88
car 0.0067 -1 71 22 88
car 0.0066 45 76 149 123
car 0.0064 365 82 425 97
car 0.0063 372 80 444 104
car 0.0063 89 101 123 121
car 0.0062 283 75 422 106
car 0.0060 241 79 283 98
car 0.0057 173 97 409 225
car 0.0056 281 83 347 115
car 0.0052 260 91 388 137
car 0.0050 54 79 83 99
car 0.0047 106 103 140 122
car 0.0047 371 74 416 90
car 0.0045 193 60 305 94
car 0.0041 73 100 106 121
car 0.0041 74 88 138 117
car 0.0040 33 88 241 181
car 0.0039 187 78 329 126
car 0.0039 349 74 394 91
car 0.0038 67 95 115 130
car 0.0035 53 88 83 112
car 0.0035 61 74 106 90
car 0.0033 0 130 20 156
car 0.0033 170 73 309 109
car 0.0033 17 102 72 142
car 0.0033 184 81 220 98
car 0.0032 122 35 531 203
car 0.0031 390 74 432 90
car 0.0031 45 92 208 131
car 0.0030 51 68 114 97
car 0.0029 454 100 489 119
car 0.0027 207 75 440 167
car 0.0027 255 79 295 100
car 0.0027 438 88 465 114
car 0.0026 265 110 463 171
car 0.0026 201 82 239 98
car 0.0025 -2 79 55 106
car 0.0025 125 104 293 174
car 0.0025 47 84 90 117
car 0.0024 105 119 317 247
car 0.0023 40 96 97 127
car 0.0023 -1 84 26 162
car 0.0023 476 99 499 122
car 0.0022 185 62 390 137
car 0.0021 -2 75 28 128
car 0.0020 376 79 487 146
car 0.0020 321 58 486 138
car 0.0020 79 97 134 126
car 0.0020 40 89 131 139
car 0.0019 382 83 441 118
car 0.0019 312 55 415 99
car 0.0018 32 82 60 100
car 0.0017 289 79 345 101
car 0.0016 -1 130 100 181
car 0.0016 123 103 163 120
car 0.0016 250 83 302 116
car 0.0016 448 73 491 91
car 0.0015 3 102 55 121
car 0.0014 189 70 248 91
car 0.0014 9 73 41 88
car 0.0013 85 74 127 87
car 0.0013 406 83 462 120
car 0.0013 -54 85 96 191
car 0.0012 64 74 224 110
car 0.0012 99 70 149 114
car 0.0012 471 82 502 104
car 0.0011 440 98 463 125
car 0.0011 26 93 62 112
car 0.0010 71 76 136 108
car 0.0010 274 78 324 100
car 0.0010 360 84 424 117
car 0.0010 67 92 107 112
car 0.0010 345 83 401 118
car 0.0010 -15 106 75 183
chair 0.0048 156 178 239 264
chair 0.0017 135 150 265 264
person 0.0425 379 112 409 137
person 0.0225 379 121 406 142
person 0.0206 358 114 391 136
person 0.0141 111 71 136 87
person 0.0095 203 104 236 125
person 0.0084 360 121 389 142
person 0.0076 225 101 253 125
person 0.0028 196 99 246 127
person 0.0026 331 108 384 139
person 0.0023 203 113 237 130
person 0.0022 225 111 252 133
person 0.0021 374 116 411 148
person 0.0020 146 103 182 121
person 0.0020 397 112 427 133
person 0.0012 318 113 350 137
person 0.0011 0 121 20 150
person 0.0010 244 102 273 124
pottedplant 0.0019 444 10 491 64
