aeroplane 0.0025 120 -8 281 23
boat 0.0056 130 -4 290 33
bottle 0.0484 477 254 500 366
bottle 0.0013 481 282 500 337
car 0.0161 72 -1 191 40
car 0.0013 36 -3 155 42
car 0.0013 165 -4 331 34
cat 0.2471 162 109 330 219
cat 0.0158 122 58 454 374
cat 0.0096 195 88 360 285
cat 0.0062 214 170 302 266
cat 0.0033 252 137 413 353
cat 0.0016 196 131 304 243
chair 0.0049 248 278 325 378
chair 0.0026 199 325 235 377
motorbike 0.0740 250 176 410 369
motorbike 0.0147 79 -8 246 23
motorbike 0.0055 75 -1 250 41
person 0.1242 121 -1 168 15
person 0.0740 102 -2 148 14
person 0.0717 137 -1 189 14
person 0.0329 178 -1 222 14
person 0.0160 156 -1 208 14
person 0.0028 113 -5 175 22
person 0.0019 196 -1 244 14
person 0.0015 295 219 374 325
person 0.0012 479 214 501 347
person 0.0012 93 -7 156 20
tvmonitor 0.0071 476 284 500 387
