car 0.0011 142 136 298 169
chair 0.0021 128 155 300 327
cow 0.4522 188 143 391 346
cow 0.0027 126 146 276 181
cow 0.0024 142 144 182 188
cow 0.0021 148 129 349 263
cow 0.0018 87 119 412 313
cow 0.0015 130 142 224 218
cow 0.0014 148 144 215 184
dog 0.0616 117 135 382 353
horse 0.0011 139 149 228 236
person 0.0023 147 146 175 183
person 0.0017 207 144 271 162
person 0.0015 439 304 476 375
sheep 0.0156 327 177 373 245
sheep 0.0042 333 171 379 222
sheep 0.0040 318 182 361 264
sheep 0.0025 359 180 386 207
sheep 0.0020 340 180 372 211
sheep 0.0017 198 142 245 162
train 0.0017 122 134 304 255
train 0.0014 9 82 414 293
