bird 0.0277 267 288 294 309
bird 0.0015 262 284 301 318
boat 0.0052 195 2 381 124
boat 0.0039 236 25 339 104
boat 0.0020 232 60 346 117
boat 0.0013 196 27 302 102
bus 0.0141 21 84 189 131
bus 0.0041 7 57 107 128
bus 0.0039 3 39 48 127
bus 0.0018 -13 29 137 146
bus 0.0017 162 56 261 120
bus 0.0015 34 -12 388 193
bus 0.0013 -3 48 25 120
bus 0.0012 80 20 264 158
car 0.9348 40 132 304 256
car 0.0168 -1 94 57 124
car 0.0033 -2 99 30 123
car 0.0032 242 151 275 172
car 0.0024 -3 87 33 130
car 0.0017 85 184 265 246
car 0.0016 114 148 298 237
car 0.0012 8 89 165 124
car 0.0011 -1 81 24 109
car 0.0010 3 107 48 128
person 0.0290 128 145 156 177
person 0.0221 185 149 218 172
person 0.0205 165 148 197 174
person 0.0132 104 138 145 179
person 0.0078 84 136 130 184
person 0.0059 146 145 177 174
person 0.0041 13 249 38 270
person 0.0024 129 157 159 185
person 0.0019 203 146 235 170
person 0.0019 186 136 217 162
person 0.0017 27 142 253 248
person 0.0017 124 148 164 193
person 0.0016 167 159 198 184
person 0.0016 180 129 223 169
person 0.0011 121 0 163 41
person 0.0011 89 145 123 174
person 0.0010 146 160 181 182
person 0.0010 86 0 124 18
tvmonitor 0.0012 478 20 501 120
