bottle 0.0781 436 87 503 180
bottle 0.0353 145 95 218 236
bottle 0.0126 333 87 381 161
bottle 0.0122 428 43 514 211
bottle 0.0052 256 20 391 105
bottle 0.0048 296 15 423 115
bottle 0.0046 -1 1 102 99
bottle 0.0041 472 107 504 193
bottle 0.0036 451 103 497 226
bottle 0.0035 99 310 224 368
bottle 0.0024 157 325 202 375
bottle 0.0022 106 85 244 226
bottle 0.0021 160 33 207 93
bottle 0.0019 315 61 416 141
bottle 0.0015 368 53 451 147
bottle 0.0015 137 314 194 365
bottle 0.0015 267 27 464 163
bottle 0.0014 195 8 240 90
bottle 0.0012 293 95 427 159
bottle 0.0012 351 23 458 118
bottle 0.0011 396 9 428 91
bottle 0.0010 443 57 497 159
bottle 0.0010 154 134 207 226
bottle 0.0010 169 316 228 365
chair 0.0163 -4 137 106 345
chair 0.0078 437 9 500 128
chair 0.0035 401 -3 501 103
chair 0.0020 -1 183 59 305
chair 0.0020 4 48 102 142
chair 0.0014 -11 216 124 378
chair 0.0014 476 -3 501 132
chair 0.0011 5 219 104 318
diningtable 0.2268 81 70 571 302
diningtable 0.1724 -85 53 430 319
diningtable 0.1320 0 27 499 231
diningtable 0.0894 3 120 496 367
diningtable 0.0140 -35 220 458 382
diningtable 0.0137 205 100 445 272
diningtable 0.0085 88 276 409 378
diningtable 0.0076 171 166 558 379
diningtable 0.0057 109 59 390 196
diningtable 0.0054 106 92 249 276
diningtable 0.0044 222 157 431 331
diningtable 0.0041 273 168 372 263
diningtable 0.0035 191 72 462 179
diningtable 0.0035 142 126 355 303
diningtable 0.0031 52 241 293 366
diningtable 0.0028 231 95 424 156
diningtable 0.0026 114 328 307 374
diningtable 0.0020 7 69 184 244
diningtable 0.0019 216 64 360 139
diningtable 0.0017 63 160 283 329
diningtable 0.0015 264 144 383 229
diningtable 0.0014 215 30 438 158
diningtable 0.0014 88 30 332 163
diningtable 0.0013 279 201 375 286
diningtable 0.0013 308 171 422 258
diningtable 0.0012 72 299 273 369
diningtable 0.0011 -19 265 441 454
diningtable 0.0011 116 239 230 309
diningtable 0.0011 146 62 275 130
diningtable 0.0010 196 173 297 256
diningtable 0.0010 188 90 312 159
diningtable 0.0010 141 190 359 356
person 0.6168 159 1 242 84
person 0.1608 242 -4 402 105
person 0.0239 9 12 94 116
person 0.0215 201 -8 292 91
person 0.0150 221 4 373 71
person 0.0087 429 -1 512 202
person 0.0072 133 33 224 96
person 0.0069 124 -5 243 47
person 0.0051 197 0 246 18
person 0.0047 94 3 267 92
person 0.0042 5 10 112 178
person 0.0041 160 -4 343 98
person 0.0038 162 13 209 87
person 0.0038 382 6 502 140
person 0.0035 176 3 226 71
person 0.0034 219 0 260 19
person 0.0025 477 21 500 164
person 0.0022 155 -3 210 42
person 0.0021 172 1 230 42
person 0.0019 299 -6 508 108
person 0.0014 188 -3 249 42
person 0.0014 180 0 223 20
person 0.0014 477 167 501 306
person 0.0013 127 -32 525 174
person 0.0013 191 5 246 68
person 0.0012 236 24 343 104
person 0.0012 433 8 520 86
person 0.0012 0 -6 63 135
person 0.0011 478 211 499 348
person 0.0011 114 -7 215 79
person 0.0010 159 -11 281 27
person 0.0010 86 10 130 34
person 0.0010 102 6 144 36
pottedplant 0.0022 79 332 265 375
tvmonitor 0.0886 95 7 180 75
tvmonitor 0.0273 432 107 507 195
tvmonitor 0.0195 31 -1 148 78
tvmonitor 0.0173 94 0 152 45
tvmonitor 0.0168 10 -6 93 101
tvmonitor 0.0109 82 -7 185 53
tvmonitor 0.0050 1 -4 189 98
tvmonitor 0.0021 2 190 93 302
