bicycle 0.0016 322 4 461 53
motorbike 0.7418 17 55 406 430
motorbike 0.0665 432 7 505 115
motorbike 0.0394 56 67 294 348
motorbike 0.0359 101 161 475 473
motorbike 0.0031 168 253 407 457
motorbike 0.0030 363 -4 525 125
motorbike 0.0023 193 135 382 431
motorbike 0.0019 104 138 318 422
motorbike 0.0013 18 115 167 313
person 0.2988 47 -32 375 447
person 0.0262 130 7 295 329
person 0.0247 333 5 466 91
person 0.0099 327 -8 415 65
person 0.0069 444 8 499 89
person 0.0045 118 29 457 385
person 0.0039 474 0 500 96
person 0.0029 112 18 309 183
person 0.0021 404 1 500 95
person 0.0017 138 22 178 109
person 0.0016 435 18 503 143
person 0.0014 471 -1 504 29
person 0.0013 409 0 454 24
person 0.0011 427 -2 481 56
person 0.0010 474 7 500 47
person 0.0010 363 1 415 54
pottedplant 0.0086 324 2 417 86
