bottle 0.0012 66 66 104 121
car 0.0047 480 105 501 140
car 0.0032 480 89 500 124
car 0.0017 478 73 502 142
cat 0.0129 -23 48 445 325
cow 0.0308 271 137 381 196
cow 0.0189 -24 36 219 339
cow 0.0017 19 178 252 363
dog 0.0831 15 30 254 345
dog 0.0084 205 101 524 329
dog 0.0060 -3 60 425 371
dog 0.0014 294 138 438 197
horse 0.2144 7 119 261 369
person 0.8482 85 -10 163 111
person 0.7730 14 -5 80 104
person 0.1206 320 96 487 331
person 0.0241 56 20 151 119
person 0.0209 -1 10 65 123
person 0.0187 -15 2 124 132
person 0.0158 80 0 203 75
person 0.0054 26 69 473 362
person 0.0052 24 0 73 17
person 0.0047 82 0 130 18
person 0.0044 64 0 108 19
person 0.0040 78 1 130 47
person 0.0040 74 5 100 38
person 0.0032 17 0 75 47
person 0.0032 43 0 92 17
person 0.0027 47 -5 91 49
person 0.0022 0 -20 25 122
person 0.0021 308 127 363 205
person 0.0020 65 0 109 45
person 0.0020 97 -1 148 75
person 0.0020 336 130 476 194
person 0.0019 24 11 174 186
person 0.0017 84 8 127 96
person 0.0015 86 5 121 37
person 0.0014 104 -2 142 18
person 0.0010 57 24 211 234
pottedplant 0.0034 143 90 187 150
pottedplant 0.0029 284 160 308 197
pottedplant 0.0025 277 154 314 201
pottedplant 0.0022 250 2 344 71
pottedplant 0.0022 271 11 323 61
pottedplant 0.0020 161 123 200 177
pottedplant 0.0020 260 33 294 60
pottedplant 0.0018 156 87 198 157
pottedplant 0.0014 148 78 179 109
pottedplant 0.0012 141 70 185 117
pottedplant 0.0011 265 20 290 55
pottedplant 0.0010 150 91 179 127
pottedplant 0.0010 281 20 314 50
sheep 0.2788 8 100 263 329
sheep 0.0013 305 125 369 208
sheep 0.0012 -3 87 135 293
sofa 0.0034 87 95 489 336
train 0.0017 285 44 342 83
train 0.0011 269 34 384 97
