bicycle 0.2030 283 189 323 252
bicycle 0.0040 286 202 315 244
bicycle 0.0027 281 181 351 261
car 0.0042 226 92 258 152
car 0.0033 230 104 253 142
car 0.0014 244 107 271 135
car 0.0010 240 92 274 152
motorbike 0.2891 278 173 328 244
person 0.7291 273 122 327 240
person 0.5483 283 141 347 233
person 0.0274 110 37 247 178
person 0.0125 289 132 334 202
person 0.0059 286 189 315 232
person 0.0052 285 174 315 214
person 0.0043 286 126 321 181
person 0.0036 300 159 329 199
person 0.0034 282 160 316 197
person 0.0025 298 179 331 212
person 0.0014 297 192 328 227
person 0.0013 289 131 313 170
person 0.0011 267 131 372 246
