bicycle 0.0022 -11 209 385 518
bird 0.0383 23 42 294 458
cat 0.0051 3 0 140 194
cat 0.0010 20 10 122 99
chair 0.0077 245 -14 362 208
chair 0.0017 216 3 332 265
chair 0.0013 117 319 314 490
chair 0.0012 264 26 341 169
horse 0.1887 9 50 365 524
horse 0.0059 147 27 399 470
horse 0.0045 245 107 360 396
motorbike 0.0239 19 74 297 501
person 0.0038 358 -3 375 136
person 0.0029 358 58 375 229
person 0.0027 330 -2 374 61
person 0.0020 14 130 360 520
person 0.0012 234 0 269 58
person 0.0012 352 302 374 523
person 0.0011 19 57 118 364
