car 0.1448 473 189 501 209
car 0.0745 451 190 496 206
car 0.0090 448 182 500 213
car 0.0012 477 193 500 222
person 0.0084 222 124 258 144
person 0.0034 227 131 254 158
person 0.0014 225 125 261 168
pottedplant 0.0015 476 126 501 221
pottedplant 0.0011 437 125 505 222
train 0.4342 213 125 309 208
train 0.3183 188 119 474 209
train 0.0045 295 104 509 221
train 0.0039 223 153 330 213
train 0.0039 291 163 440 208
train 0.0020 29 65 469 266
train 0.0015 248 159 408 218
train 0.0013 181 125 334 250
train 0.0012 345 128 462 203
