motorbike 0.8550 39 19 136 142
motorbike 0.5927 156 56 264 168
motorbike 0.4785 268 3 367 161
motorbike 0.2887 361 -1 462 167
motorbike 0.1227 45 46 126 117
motorbike 0.1093 21 58 148 160
motorbike 0.0799 212 9 440 155
motorbike 0.0548 240 50 345 170
motorbike 0.0499 264 76 385 172
motorbike 0.0372 176 37 317 159
motorbike 0.0325 292 32 431 162
motorbike 0.0302 145 30 225 167
motorbike 0.0259 -23 10 216 153
motorbike 0.0247 289 -4 517 169
motorbike 0.0204 393 79 482 173
motorbike 0.0196 129 0 370 164
motorbike 0.0195 319 74 422 177
motorbike 0.0042 16 85 102 140
motorbike 0.0040 412 116 481 169
motorbike 0.0035 58 30 208 134
motorbike 0.0032 171 77 248 148
motorbike 0.0030 310 101 400 160
motorbike 0.0029 283 47 352 117
motorbike 0.0026 153 61 209 135
motorbike 0.0021 40 82 135 142
motorbike 0.0014 372 91 453 164
motorbike 0.0013 373 65 443 130
motorbike 0.0013 160 64 239 122
motorbike 0.0012 325 68 406 127
motorbike 0.0012 214 69 288 126
motorbike 0.0011 269 43 326 119
motorbike 0.0010 336 81 398 144
motorbike 0.0010 259 78 318 147
person 0.8531 48 0 127 140
person 0.5938 163 19 246 148
person 0.3075 171 2 239 103
person 0.1916 390 6 483 152
person 0.0740 273 -6 361 140
person 0.0290 55 25 116 111
person 0.0201 431 17 514 147
person 0.0176 178 3 247 47
person 0.0169 168 42 236 121
person 0.0100 475 62 500 154
person 0.0081 124 4 230 129
person 0.0059 175 1 224 35
person 0.0038 153 51 213 118
person 0.0036 244 4 341 104
person 0.0035 57 4 129 68
person 0.0032 385 2 448 80
person 0.0031 283 11 443 123
person 0.0027 -17 -10 209 145
person 0.0022 458 77 486 123
person 0.0021 477 45 502 111
person 0.0021 181 9 253 73
person 0.0021 177 7 322 127
person 0.0018 51 13 214 124
person 0.0017 409 52 446 119
person 0.0017 282 15 346 83
person 0.0016 448 79 501 145
person 0.0015 386 9 435 57
person 0.0014 165 71 203 146
person 0.0014 35 39 102 102
person 0.0014 369 5 448 44
person 0.0014 285 -21 521 157
person 0.0013 86 34 116 93
person 0.0013 82 -2 116 54
person 0.0012 390 2 424 34
person 0.0012 122 -14 377 149
person 0.0011 453 48 485 124
person 0.0011 433 85 466 146
person 0.0010 478 109 500 182
person 0.0010 76 -1 107 39
person 0.0010 62 15 111 82
person 0.0010 70 39 110 103
person 0.0010 246 12 329 64
pottedplant 0.0011 366 3 460 106
