bottle 0.0058 325 36 350 69
bottle 0.0029 318 28 359 74
bottle 0.0011 295 24 336 76
bus 0.4218 39 0 460 375
bus 0.0344 412 123 497 199
bus 0.0202 -10 35 279 340
bus 0.0143 413 91 531 224
bus 0.0064 171 71 341 305
bus 0.0062 411 90 486 178
bus 0.0059 401 116 501 159
bus 0.0039 50 73 212 302
bus 0.0033 472 113 501 193
bus 0.0029 144 -19 430 280
bus 0.0018 354 112 432 210
bus 0.0017 89 47 255 268
bus 0.0017 124 115 302 314
bus 0.0013 126 130 450 357
bus 0.0013 384 55 500 207
bus 0.0011 336 76 458 239
bus 0.0010 448 115 499 188
bus 0.0010 240 37 410 220
car 0.6496 439 148 500 240
car 0.0708 426 117 510 209
car 0.0169 463 155 504 230
car 0.0041 424 158 481 229
car 0.0041 477 152 500 184
car 0.0033 419 167 447 192
car 0.0014 394 184 499 247
car 0.0013 424 125 481 146
car 0.0012 197 187 453 346
car 0.0011 450 175 495 210
chair 0.0061 334 78 412 186
chair 0.0011 338 53 460 208
chair 0.0011 308 8 425 198
person 0.0501 299 111 339 188
person 0.0241 204 133 235 202
person 0.0124 284 103 352 197
person 0.0054 211 159 235 197
person 0.0041 209 145 231 191
person 0.0019 285 134 319 193
person 0.0018 452 124 488 147
person 0.0014 186 127 223 205
person 0.0014 289 145 312 182
person 0.0013 477 136 500 171
person 0.0012 226 162 250 197
person 0.0012 -9 -26 120 172
person 0.0011 423 158 530 329
person 0.0011 238 131 272 200
person 0.0010 439 198 518 293
train 0.0120 179 73 473 357
tvmonitor 0.0399 399 5 497 75
tvmonitor 0.0277 -2 -1 111 41
tvmonitor 0.0110 -1 87 132 290
tvmonitor 0.0037 6 -6 98 87
tvmonitor 0.0032 198 63 367 254
tvmonitor 0.0022 17 105 103 213
tvmonitor 0.0021 240 116 336 203
tvmonitor 0.0015 388 -8 493 49
tvmonitor 0.0015 376 -11 508 110
