bottle 0.0017 126 167 155 225
person 0.0097 479 178 501 289
person 0.0048 480 191 500 224
person 0.0038 319 203 357 262
person 0.0034 475 175 500 240
person 0.0025 184 40 228 95
person 0.0022 136 41 225 96
person 0.0020 299 199 332 269
person 0.0018 305 228 327 261
person 0.0011 284 232 311 261
person 0.0011 281 211 317 259
person 0.0010 470 194 499 320
person 0.0010 480 199 499 241
pottedplant 0.0020 68 174 138 266
pottedplant 0.0016 82 180 123 234
pottedplant 0.0011 88 193 119 218
train 0.6644 62 46 513 281
train 0.1527 37 50 308 327
train 0.0143 220 71 436 255
train 0.0110 390 147 473 222
train 0.0091 160 54 338 273
train 0.0067 78 135 268 293
train 0.0046 369 121 504 260
train 0.0027 310 86 487 241
train 0.0019 125 40 284 240
