bus 0.0077 310 50 400 86
car 0.8546 108 84 467 248
car 0.1817 16 140 252 299
car 0.0115 271 84 400 130
car 0.0057 -6 96 352 288
car 0.0054 193 80 364 137
car 0.0053 178 71 399 170
car 0.0038 222 68 353 123
car 0.0035 98 82 321 201
car 0.0034 0 128 49 163
car 0.0027 154 90 267 146
car 0.0024 0 132 27 157
car 0.0017 305 51 372 88
car 0.0015 311 73 360 92
car 0.0015 304 66 370 101
car 0.0015 291 61 419 131
car 0.0014 148 106 272 174
car 0.0012 207 131 369 203
car 0.0010 298 74 337 92
car 0.0010 266 95 452 239
car 0.0010 155 159 268 222
person 0.0059 76 13 106 79
person 0.0017 181 79 218 137
person 0.0011 377 123 409 142
