chair 0.0132 -8 152 120 331
chair 0.0041 1 225 90 322
chair 0.0024 0 216 24 331
chair 0.0014 -7 253 66 330
chair 0.0011 4 196 104 291
dog 0.0152 370 77 494 304
person 0.9120 19 -5 402 337
person 0.2231 296 55 510 326
person 0.0230 -41 14 233 318
person 0.0223 357 66 502 263
person 0.0175 105 40 318 290
person 0.0138 160 17 492 314
person 0.0122 1 35 124 295
person 0.0043 52 122 369 360
person 0.0018 48 45 216 286
person 0.0016 21 125 165 308
person 0.0014 266 46 392 282
person 0.0013 194 96 380 286
person 0.0011 76 122 271 310
person 0.0010 66 -30 355 210
