chair 0.6069 416 191 483 279
chair 0.2309 438 189 503 282
chair 0.2072 219 219 260 277
chair 0.1480 467 176 502 268
chair 0.0589 412 203 461 264
chair 0.0222 -9 91 106 293
chair 0.0080 427 170 467 252
chair 0.0066 455 179 495 240
chair 0.0059 426 216 470 275
chair 0.0056 253 225 299 275
chair 0.0051 198 202 374 329
chair 0.0048 471 169 502 228
chair 0.0029 205 210 299 279
chair 0.0026 226 228 252 269
chair 0.0024 423 176 473 216
chair 0.0024 192 229 305 310
chair 0.0023 475 203 500 243
chair 0.0022 238 225 335 310
chair 0.0021 -14 146 64 336
chair 0.0021 286 246 383 327
chair 0.0020 0 238 25 309
chair 0.0018 424 160 525 274
chair 0.0017 -2 196 129 330
chair 0.0017 256 246 305 301
chair 0.0016 -2 185 57 297
chair 0.0016 236 224 277 275
chair 0.0016 308 261 420 326
chair 0.0014 -2 112 58 225
chair 0.0013 4 236 44 338
chair 0.0012 431 183 467 206
chair 0.0012 -5 247 101 325
chair 0.0011 416 220 451 251
chair 0.0011 431 220 468 253
chair 0.0011 307 186 407 341
diningtable 0.0023 387 187 514 291
person 0.0013 -2 129 28 239
pottedplant 0.0349 428 177 468 197
pottedplant 0.0121 420 170 472 203
pottedplant 0.0111 418 174 451 196
pottedplant 0.0011 406 165 496 207
tvmonitor 0.3863 318 214 388 283
tvmonitor 0.0440 -13 98 69 287
tvmonitor 0.0186 -11 106 119 323
tvmonitor 0.0085 274 195 399 298
tvmonitor 0.0067 13 103 179 281
tvmonitor 0.0032 337 231 370 263
tvmonitor 0.0032 305 212 372 261
tvmonitor 0.0018 -4 118 25 225
tvmonitor 0.0015 -5 121 60 221
tvmonitor 0.0012 3 141 95 241
tvmonitor 0.0010 284 180 378 263
tvmonitor 0.0010 474 183 502 214
