car 0.0186 184 110 247 158
car 0.0034 151 13 315 198
car 0.0018 196 114 232 155
car 0.0013 282 91 319 150
dog 0.0045 100 20 180 131
horse 0.3878 75 105 195 205
horse 0.0385 66 34 204 209
horse 0.0022 101 130 167 181
person 0.3679 90 9 187 203
person 0.0156 0 113 17 187
person 0.0065 -11 119 39 223
person 0.0064 98 -4 270 184
person 0.0056 171 21 293 159
person 0.0049 79 2 151 175
person 0.0043 122 6 184 141
person 0.0035 133 13 236 164
person 0.0022 0 112 36 188
person 0.0016 0 144 14 220
person 0.0012 302 36 319 118
person 0.0010 244 21 320 157
train 0.0027 245 32 321 180
