bird 0.0015 417 383 455 409
car 0.0020 166 80 235 124
chair 0.0093 177 226 248 365
chair 0.0080 160 217 276 430
chair 0.0068 144 90 180 119
chair 0.0067 182 239 230 319
chair 0.0030 -7 43 129 300
chair 0.0010 158 90 205 121
dog 0.6579 178 230 407 438
dog 0.0047 139 144 513 432
dog 0.0037 208 263 371 402
person 0.0111 205 84 237 121
person 0.0042 204 76 238 104
person 0.0022 158 42 494 456
person 0.0015 472 -1 503 30
person 0.0012 423 0 479 22
pottedplant 0.0034 73 406 196 492
pottedplant 0.0010 40 367 229 522
sheep 0.0040 246 88 277 121
sheep 0.0016 283 123 310 159
sheep 0.0015 1 80 56 137
