chair 0.4586 329 18 386 73
chair 0.2509 286 4 377 68
chair 0.2163 371 9 452 81
chair 0.1715 424 15 476 71
chair 0.1568 387 4 478 68
chair 0.1547 367 18 418 74
chair 0.1533 289 15 344 75
chair 0.1529 154 17 211 73
chair 0.1200 216 14 260 74
chair 0.0885 163 17 261 74
chair 0.0362 252 4 342 70
chair 0.0309 284 14 318 75
chair 0.0287 311 17 356 70
chair 0.0261 403 16 461 73
chair 0.0252 201 11 289 78
chair 0.0207 444 16 493 73
chair 0.0113 251 23 310 69
chair 0.0109 354 25 389 83
chair 0.0104 308 29 419 84
chair 0.0085 475 -1 499 89
chair 0.0072 285 -2 438 84
chair 0.0066 384 34 446 75
chair 0.0062 221 33 332 80
chair 0.0055 436 -1 518 79
chair 0.0051 405 29 493 79
chair 0.0041 270 33 384 88
chair 0.0041 382 12 436 54
chair 0.0040 136 23 219 90
chair 0.0039 295 11 339 29
chair 0.0035 348 9 395 57
chair 0.0033 358 -4 513 81
chair 0.0031 199 19 249 72
chair 0.0029 336 28 375 62
chair 0.0027 146 20 191 67
chair 0.0024 322 7 426 60
chair 0.0024 435 27 468 61
chair 0.0024 335 8 376 27
chair 0.0023 325 4 383 36
chair 0.0020 434 10 475 28
chair 0.0020 350 -8 457 46
chair 0.0019 177 -20 321 96
chair 0.0017 437 17 469 46
chair 0.0017 455 56 486 77
chair 0.0016 305 1 405 39
chair 0.0016 318 29 351 59
chair 0.0015 376 17 408 45
chair 0.0013 221 -11 371 84
chair 0.0012 298 39 331 73
chair 0.0012 289 5 347 37
chair 0.0011 465 34 504 78
chair 0.0011 374 27 407 64
chair 0.0010 300 15 330 48
chair 0.0010 298 28 333 61
chair 0.0010 224 26 252 63
chair 0.0010 258 46 302 68
diningtable 0.0088 317 -2 497 77
