bottle 0.0343 165 76 198 140
bottle 0.0179 131 104 154 141
bottle 0.0151 111 106 137 141
bottle 0.0101 125 98 160 145
bottle 0.0075 347 337 403 375
bottle 0.0066 169 87 193 128
bottle 0.0035 361 357 423 376
bottle 0.0032 147 95 187 150
bottle 0.0025 170 76 223 135
bottle 0.0024 84 95 128 149
bottle 0.0021 169 100 191 143
bottle 0.0019 151 106 180 140
bottle 0.0017 113 118 137 151
bottle 0.0016 149 64 219 153
bottle 0.0012 328 336 382 376
bottle 0.0012 94 105 119 142
bottle 0.0012 375 136 424 194
bottle 0.0011 169 77 197 110
bottle 0.0011 161 105 197 164
bottle 0.0010 59 103 80 142
chair 0.2900 401 120 500 364
chair 0.1449 38 107 215 328
chair 0.0137 343 218 406 337
chair 0.0137 332 189 409 299
chair 0.0125 338 151 470 342
chair 0.0105 314 154 419 335
chair 0.0104 31 84 236 231
chair 0.0097 44 50 144 141
chair 0.0091 413 179 486 313
chair 0.0089 9 105 125 327
chair 0.0080 27 33 107 114
chair 0.0077 380 137 437 188
chair 0.0067 32 21 151 235
chair 0.0056 361 195 440 301
chair 0.0047 72 91 104 151
chair 0.0044 313 329 417 378
chair 0.0044 60 149 200 230
chair 0.0028 111 151 236 217
chair 0.0027 82 107 184 210
chair 0.0027 27 126 103 242
chair 0.0026 15 8 162 139
chair 0.0026 324 101 485 279
chair 0.0025 79 129 266 304
chair 0.0025 298 181 337 237
chair 0.0024 44 130 143 242
chair 0.0022 319 291 411 376
chair 0.0022 49 75 139 178
chair 0.0020 27 25 68 104
chair 0.0017 265 336 392 379
chair 0.0016 411 125 448 181
chair 0.0016 305 192 332 228
chair 0.0015 237 147 340 226
chair 0.0014 331 187 383 260
chair 0.0014 203 148 301 230
chair 0.0014 355 245 435 349
chair 0.0014 284 349 426 378
chair 0.0014 357 138 453 231
chair 0.0013 83 170 175 265
chair 0.0013 326 355 383 375
chair 0.0013 93 171 155 221
chair 0.0012 14 14 81 117
chair 0.0011 389 143 474 246
chair 0.0011 10 235 257 368
chair 0.0010 3 37 88 149
chair 0.0010 55 95 86 151
chair 0.0010 123 174 223 260
chair 0.0010 345 294 461 373
diningtable 0.0021 3 88 342 343
diningtable 0.0012 310 350 475 377
person 0.0291 13 105 255 381
person 0.0104 421 108 519 330
person 0.0097 380 36 502 280
person 0.0051 476 25 501 189
person 0.0037 428 7 514 251
person 0.0022 478 103 500 255
person 0.0018 477 179 500 323
person 0.0017 478 -19 499 120
person 0.0015 300 113 335 139
person 0.0015 2 223 191 377
person 0.0012 279 110 315 138
person 0.0011 322 121 562 366
pottedplant 0.0073 306 144 366 187
pottedplant 0.0017 258 118 378 182
pottedplant 0.0014 315 152 355 179
tvmonitor 0.0663 372 4 454 75
tvmonitor 0.0558 376 29 445 71
tvmonitor 0.0371 130 54 217 137
tvmonitor 0.0206 207 8 295 74
tvmonitor 0.0147 150 42 352 157
tvmonitor 0.0135 279 82 372 173
tvmonitor 0.0121 185 67 313 142
tvmonitor 0.0118 336 249 412 347
tvmonitor 0.0110 190 93 308 161
tvmonitor 0.0105 172 60 245 148
tvmonitor 0.0103 182 59 392 199
tvmonitor 0.0081 366 23 446 112
tvmonitor 0.0068 137 12 179 60
tvmonitor 0.0063 229 88 347 160
tvmonitor 0.0061 376 1 451 41
tvmonitor 0.0053 217 80 259 136
tvmonitor 0.0039 386 38 437 63
tvmonitor 0.0039 252 127 308 172
tvmonitor 0.0035 163 61 206 127
tvmonitor 0.0029 369 36 417 62
tvmonitor 0.0029 232 39 346 109
tvmonitor 0.0028 226 12 347 70
tvmonitor 0.0028 113 26 228 171
tvmonitor 0.0028 406 -7 464 26
tvmonitor 0.0027 194 -4 382 150
tvmonitor 0.0026 192 32 304 114
tvmonitor 0.0024 215 1 301 48
tvmonitor 0.0022 356 53 445 146
tvmonitor 0.0018 353 265 433 355
tvmonitor 0.0018 266 99 325 146
tvmonitor 0.0018 335 11 469 190
tvmonitor 0.0017 89 29 180 115
tvmonitor 0.0017 312 73 351 142
tvmonitor 0.0016 231 81 285 134
tvmonitor 0.0015 128 3 169 68
tvmonitor 0.0015 374 217 418 282
tvmonitor 0.0014 230 122 348 197
tvmonitor 0.0014 315 65 417 143
tvmonitor 0.0013 281 113 361 210
tvmonitor 0.0012 391 138 431 164
tvmonitor 0.0012 270 59 360 132
tvmonitor 0.0011 347 -8 457 49
tvmonitor 0.0011 145 26 274 180
tvmonitor 0.0011 82 66 185 137
tvmonitor 0.0010 318 3 412 81
tvmonitor 0.0010 163 36 257 113
tvmonitor 0.0010 196 127 306 198
tvmonitor 0.0010 180 30 228 72
