car 0.0017 379 187 415 206
chair 0.3122 75 65 191 313
chair 0.2360 146 192 282 347
chair 0.1952 88 57 251 252
chair 0.1517 438 217 497 260
chair 0.0984 267 81 324 129
chair 0.0848 103 146 234 346
chair 0.0561 245 79 341 165
chair 0.0464 171 214 260 332
chair 0.0304 176 129 400 298
chair 0.0264 200 192 277 312
chair 0.0220 103 172 178 316
chair 0.0216 113 112 309 320
chair 0.0201 50 45 159 272
chair 0.0200 86 61 165 179
chair 0.0198 282 162 363 275
chair 0.0154 276 210 379 281
chair 0.0140 156 84 339 228
chair 0.0130 179 206 389 338
chair 0.0109 175 88 314 171
chair 0.0096 235 206 340 283
chair 0.0091 127 191 214 302
chair 0.0085 214 64 360 189
chair 0.0084 405 218 500 274
chair 0.0077 321 77 406 172
chair 0.0072 329 70 386 121
chair 0.0069 194 115 309 204
chair 0.0063 218 205 299 327
chair 0.0063 430 224 476 254
chair 0.0062 61 53 139 145
chair 0.0061 246 169 409 318
chair 0.0053 263 63 389 253
chair 0.0050 80 174 189 367
chair 0.0049 225 231 347 318
chair 0.0046 88 127 177 248
chair 0.0044 234 116 344 201
chair 0.0043 86 155 160 291
chair 0.0042 278 76 375 139
chair 0.0040 105 39 177 151
chair 0.0040 201 175 300 262
chair 0.0037 315 65 359 125
chair 0.0037 214 213 265 291
chair 0.0031 122 207 158 326
chair 0.0031 121 78 224 182
chair 0.0030 202 140 299 230
chair 0.0029 201 82 317 129
chair 0.0028 257 73 306 118
chair 0.0027 101 54 150 136
chair 0.0025 121 43 158 146
chair 0.0023 387 189 429 260
chair 0.0023 326 54 378 103
chair 0.0021 57 99 135 216
chair 0.0021 273 147 380 234
chair 0.0021 333 56 379 75
chair 0.0021 279 109 379 203
chair 0.0020 291 72 335 118
chair 0.0020 341 84 403 126
chair 0.0020 124 57 218 143
chair 0.0019 233 147 344 228
chair 0.0018 126 133 220 240
chair 0.0017 157 70 268 134
chair 0.0017 84 31 183 111
chair 0.0017 302 50 423 202
chair 0.0016 394 194 427 218
chair 0.0016 158 78 245 195
chair 0.0016 186 215 223 319
chair 0.0016 33 25 163 180
chair 0.0015 18 45 251 329
chair 0.0014 26 157 169 329
chair 0.0013 473 225 502 251
chair 0.0013 197 211 243 322
chair 0.0013 63 194 141 289
chair 0.0013 275 78 318 109
chair 0.0012 103 171 144 305
chair 0.0012 86 211 124 294
chair 0.0011 226 86 286 125
chair 0.0011 445 238 493 260
chair 0.0010 90 103 197 197
chair 0.0010 76 47 131 110
chair 0.0010 229 205 277 299
diningtable 0.0250 73 38 426 335
diningtable 0.0010 101 174 474 371
diningtable 0.0010 42 134 303 353
pottedplant 0.0042 392 186 428 208
pottedplant 0.0021 375 0 415 17
tvmonitor 0.2045 115 -5 206 93
tvmonitor 0.0078 383 33 407 68
tvmonitor 0.0029 396 37 424 68
tvmonitor 0.0024 78 -18 198 115
tvmonitor 0.0020 389 28 427 74
