bottle 0.0230 104 171 139 227
bottle 0.0062 372 126 405 218
bottle 0.0048 306 104 415 278
bottle 0.0036 89 182 132 238
bottle 0.0031 360 148 396 275
bottle 0.0030 323 138 390 245
bottle 0.0028 362 109 397 237
bottle 0.0013 113 168 134 205
bottle 0.0013 203 163 241 256
bottle 0.0012 7 187 40 289
bottle 0.0011 328 130 372 190
chair 0.1643 91 193 184 335
chair 0.0944 403 257 492 340
chair 0.0551 113 41 212 228
chair 0.0540 408 128 496 308
chair 0.0523 301 162 363 261
chair 0.0195 4 184 88 289
chair 0.0191 402 144 465 277
chair 0.0187 297 57 374 271
chair 0.0185 393 68 492 265
chair 0.0138 126 86 196 181
chair 0.0136 187 46 304 236
chair 0.0106 68 52 200 274
chair 0.0102 282 139 374 299
chair 0.0094 130 115 212 212
chair 0.0093 3 60 105 271
chair 0.0074 57 246 287 330
chair 0.0063 359 98 458 290
chair 0.0062 256 149 293 226
chair 0.0062 429 269 510 329
chair 0.0059 318 154 392 275
chair 0.0057 129 199 214 295
chair 0.0055 380 189 503 339
chair 0.0047 359 261 461 332
chair 0.0047 108 174 242 321
chair 0.0046 209 91 290 191
chair 0.0042 291 193 360 286
chair 0.0040 394 287 504 334
chair 0.0039 258 260 389 326
chair 0.0038 105 90 244 291
chair 0.0038 -1 198 28 277
chair 0.0037 301 64 370 164
chair 0.0035 339 157 476 326
chair 0.0032 306 106 367 228
chair 0.0031 446 285 498 335
chair 0.0029 347 292 464 336
chair 0.0028 442 264 497 312
chair 0.0028 9 225 88 314
chair 0.0027 438 143 501 254
chair 0.0025 430 56 512 278
chair 0.0024 358 200 391 272
chair 0.0024 473 129 501 241
chair 0.0021 123 47 210 130
chair 0.0021 94 173 160 272
chair 0.0019 -7 134 101 305
chair 0.0019 377 163 439 264
chair 0.0019 402 117 485 217
chair 0.0018 356 226 445 314
chair 0.0017 180 256 312 328
chair 0.0016 88 126 169 315
chair 0.0015 8 42 87 133
chair 0.0015 471 264 501 336
chair 0.0014 106 241 219 332
chair 0.0014 15 116 97 214
chair 0.0014 92 267 192 334
chair 0.0013 228 285 350 339
chair 0.0013 312 234 420 305
chair 0.0013 448 149 496 220
chair 0.0013 28 41 317 341
chair 0.0012 259 210 468 325
chair 0.0012 464 242 504 309
chair 0.0011 0 232 22 341
chair 0.0011 320 241 494 344
chair 0.0011 323 64 393 159
chair 0.0010 123 184 222 259
chair 0.0010 67 195 140 290
diningtable 0.1052 115 208 383 324
diningtable 0.0245 267 150 387 335
diningtable 0.0174 86 146 414 338
diningtable 0.0096 41 233 458 353
diningtable 0.0084 215 202 433 331
diningtable 0.0014 70 29 352 302
diningtable 0.0012 236 247 495 338
diningtable 0.0011 160 183 568 351
person 0.0022 -16 38 286 345
person 0.0013 476 76 499 191
person 0.0013 424 32 520 252
pottedplant 0.0645 211 165 285 263
pottedplant 0.0610 194 149 304 296
pottedplant 0.0334 161 161 341 325
pottedplant 0.0314 409 53 445 114
pottedplant 0.0260 471 54 502 136
pottedplant 0.0169 204 159 240 238
pottedplant 0.0138 401 62 436 129
pottedplant 0.0104 471 24 499 115
pottedplant 0.0072 185 73 308 263
pottedplant 0.0063 410 43 481 134
pottedplant 0.0059 437 43 509 136
pottedplant 0.0048 222 156 255 219
pottedplant 0.0046 222 141 292 231
pottedplant 0.0045 393 13 488 218
pottedplant 0.0031 176 146 255 236
pottedplant 0.0027 92 65 406 318
pottedplant 0.0026 475 77 500 111
pottedplant 0.0024 397 28 486 101
pottedplant 0.0022 242 134 282 212
pottedplant 0.0021 421 17 526 166
pottedplant 0.0020 132 115 294 270
pottedplant 0.0019 190 232 304 306
pottedplant 0.0018 289 19 366 107
pottedplant 0.0017 282 2 370 74
pottedplant 0.0015 371 49 406 144
pottedplant 0.0015 217 192 300 282
pottedplant 0.0014 475 65 501 99
pottedplant 0.0014 415 77 443 110
pottedplant 0.0013 430 53 467 114
pottedplant 0.0013 167 173 257 262
pottedplant 0.0012 360 49 447 127
pottedplant 0.0011 324 22 405 104
pottedplant 0.0011 402 58 461 157
pottedplant 0.0011 271 -10 388 140
tvmonitor 0.0252 425 135 514 301
tvmonitor 0.0064 417 148 485 279
tvmonitor 0.0063 5 171 91 279
tvmonitor 0.0062 469 181 501 289
tvmonitor 0.0052 300 59 371 160
tvmonitor 0.0039 0 181 28 268
tvmonitor 0.0038 455 165 495 283
tvmonitor 0.0017 214 4 255 61
tvmonitor 0.0012 256 14 292 74
tvmonitor 0.0010 439 191 502 306
