bottle 0.0015 87 316 127 335
chair 0.3612 -9 250 67 339
chair 0.2761 397 254 495 330
chair 0.1690 29 260 162 328
chair 0.1115 0 268 51 330
chair 0.0356 81 255 183 336
chair 0.0294 93 257 154 292
chair 0.0258 92 246 180 303
chair 0.0148 59 254 108 294
chair 0.0147 -26 249 132 342
chair 0.0119 4 223 44 328
chair 0.0086 102 291 299 331
chair 0.0083 3 242 92 303
chair 0.0082 52 247 147 298
chair 0.0065 429 272 506 328
chair 0.0054 46 259 94 319
chair 0.0041 -8 285 123 337
chair 0.0041 340 233 382 316
chair 0.0040 -1 244 30 307
chair 0.0039 391 193 505 347
chair 0.0035 144 253 192 290
chair 0.0031 64 224 105 278
chair 0.0028 44 243 99 284
chair 0.0026 351 225 387 298
chair 0.0026 476 241 501 332
chair 0.0026 20 266 68 335
chair 0.0026 334 264 476 328
chair 0.0025 39 290 175 334
chair 0.0024 31 222 70 277
chair 0.0023 164 258 194 285
chair 0.0018 59 268 108 332
chair 0.0018 1 275 28 348
chair 0.0018 69 247 351 330
chair 0.0018 293 244 513 335
chair 0.0018 98 270 148 333
chair 0.0017 93 297 159 334
chair 0.0016 6 285 46 315
chair 0.0015 393 285 511 337
chair 0.0015 317 225 401 316
chair 0.0015 111 267 312 324
chair 0.0014 37 223 63 251
chair 0.0014 66 252 104 277
chair 0.0013 140 271 188 329
chair 0.0013 167 208 404 323
chair 0.0012 69 247 133 281
chair 0.0012 52 214 139 279
chair 0.0012 37 227 89 271
chair 0.0012 -1 196 56 304
chair 0.0010 0 279 20 319
chair 0.0010 14 308 157 337
chair 0.0010 205 293 368 335
chair 0.0010 153 318 212 333
chair 0.0010 38 290 89 334
chair 0.0010 114 240 227 305
chair 0.0010 85 261 124 287
diningtable 0.0186 82 262 257 327
diningtable 0.0151 66 288 201 336
diningtable 0.0029 110 293 315 334
diningtable 0.0027 50 270 296 358
dog 0.0012 143 199 354 330
person 0.6065 180 84 332 351
person 0.0121 434 159 477 237
person 0.0110 77 196 96 227
person 0.0050 147 129 427 354
person 0.0048 386 145 508 343
person 0.0047 74 188 97 213
person 0.0040 447 156 486 217
person 0.0038 52 186 76 213
person 0.0036 149 125 287 308
person 0.0023 420 143 521 293
person 0.0019 54 196 80 223
person 0.0019 53 173 78 196
person 0.0016 61 70 363 315
person 0.0012 477 199 500 324
person 0.0011 45 174 83 226
person 0.0011 240 115 396 316
person 0.0010 434 144 477 203
pottedplant 0.0284 147 244 189 285
pottedplant 0.0039 150 258 181 285
pottedplant 0.0012 101 315 149 335
pottedplant 0.0011 152 238 181 263
tvmonitor 0.2326 414 149 491 243
tvmonitor 0.0182 388 144 505 294
tvmonitor 0.0050 42 203 87 243
tvmonitor 0.0042 1 212 50 259
tvmonitor 0.0040 47 210 83 233
tvmonitor 0.0039 27 148 96 239
tvmonitor 0.0035 434 168 507 255
tvmonitor 0.0026 416 124 521 257
tvmonitor 0.0024 75 206 99 237
tvmonitor 0.0020 15 182 95 252
tvmonitor 0.0016 70 188 102 237
tvmonitor 0.0012 -1 205 30 267
