bottle 0.0868 31 263 67 335
bottle 0.0512 10 261 42 338
bottle 0.0269 0 269 29 333
bottle 0.0143 41 260 80 318
bottle 0.0125 3 291 49 333
bottle 0.0100 46 291 85 335
bottle 0.0097 -18 75 74 309
bottle 0.0068 37 268 60 308
bottle 0.0032 93 300 119 328
bottle 0.0029 0 297 21 332
bottle 0.0028 108 303 138 329
bottle 0.0024 -3 259 64 341
bottle 0.0023 34 296 62 333
bottle 0.0018 73 299 97 331
bottle 0.0016 99 297 146 332
bottle 0.0012 85 294 126 332
bottle 0.0012 45 312 85 334
bottle 0.0011 49 263 79 290
bottle 0.0010 24 269 105 330
cat 0.0032 155 156 333 283
cat 0.0028 209 217 309 285
cat 0.0023 111 60 464 323
chair 0.0064 5 256 97 331
chair 0.0019 37 262 155 331
diningtable 0.0020 2 305 169 341
diningtable 0.0012 -11 229 125 356
diningtable 0.0011 44 294 204 334
dog 0.0089 149 46 503 337
person 0.6113 7 80 163 308
person 0.3457 296 55 511 328
person 0.0073 155 17 497 315
person 0.0035 -1 221 23 331
person 0.0011 6 65 340 318
pottedplant 0.0083 88 47 488 285
pottedplant 0.0051 156 108 345 278
pottedplant 0.0044 150 75 349 209
pottedplant 0.0037 193 102 303 177
sheep 0.0011 216 87 267 131
