motorbike 0.6696 299 232 405 299
motorbike 0.0271 319 243 390 291
motorbike 0.0020 299 254 370 303
motorbike 0.0013 275 206 396 333
person 0.8848 237 265 277 354
person 0.8800 313 210 393 295
person 0.8449 122 210 159 322
person 0.7702 400 304 438 375
person 0.7526 450 296 488 381
person 0.6476 198 252 231 368
person 0.5982 191 268 224 352
person 0.0396 438 304 475 374
person 0.0308 189 256 251 357
person 0.0299 317 210 360 268
person 0.0205 229 261 261 357
person 0.0196 474 296 499 378
person 0.0180 408 292 483 385
person 0.0146 404 315 430 363
person 0.0138 308 234 366 300
person 0.0096 244 284 270 335
person 0.0090 236 250 271 315
person 0.0053 455 314 482 363
person 0.0052 171 279 231 367
person 0.0046 410 294 444 358
person 0.0045 195 237 300 372
person 0.0044 438 279 502 382
person 0.0044 129 254 153 306
person 0.0038 371 289 445 373
person 0.0034 336 255 375 282
person 0.0034 205 284 228 335
person 0.0031 457 302 483 342
person 0.0030 192 285 218 335
person 0.0026 115 233 144 324
person 0.0026 237 304 275 365
person 0.0026 417 306 441 340
person 0.0025 417 313 440 364
person 0.0025 244 256 270 280
person 0.0024 205 265 229 298
person 0.0020 242 264 269 297
person 0.0017 198 254 233 313
person 0.0017 193 266 217 298
person 0.0015 418 297 442 326
person 0.0015 478 316 499 360
person 0.0014 318 234 352 269
person 0.0014 321 212 355 238
person 0.0013 405 303 428 344
person 0.0013 477 332 498 372
person 0.0012 454 331 483 376
person 0.0010 321 218 352 254
