aeroplane 0.5299 -14 70 514 246
aeroplane 0.0185 162 83 493 180
aeroplane 0.0179 52 -6 523 208
aeroplane 0.0152 409 68 500 143
aeroplane 0.0146 242 97 429 150
aeroplane 0.0130 101 85 398 228
aeroplane 0.0054 390 24 505 187
aeroplane 0.0048 213 97 363 164
aeroplane 0.0044 284 42 521 166
aeroplane 0.0030 4 107 129 162
aeroplane 0.0023 211 49 440 163
aeroplane 0.0023 300 75 435 136
aeroplane 0.0017 392 45 501 107
aeroplane 0.0011 339 95 473 168
aeroplane 0.0010 374 72 496 118
boat 0.0189 406 81 499 163
boat 0.0134 87 76 332 241
boat 0.0106 41 86 535 286
boat 0.0073 191 88 461 229
boat 0.0034 371 64 515 186
car 0.0178 398 70 502 173
car 0.0077 452 71 496 174
car 0.0037 468 53 500 166
person 0.0081 175 216 218 264
person 0.0013 82 198 124 250
person 0.0013 187 121 216 153
person 0.0010 170 220 199 255
