bottle 0.0020 103 328 146 378
bottle 0.0017 54 166 84 250
bottle 0.0015 122 326 162 380
chair 0.0045 67 136 140 256
chair 0.0042 410 245 492 374
chair 0.0030 6 252 107 353
chair 0.0029 33 128 163 354
chair 0.0027 24 222 97 324
chair 0.0024 12 179 115 371
chair 0.0016 63 148 104 243
chair 0.0014 47 287 136 371
chair 0.0014 83 146 126 244
chair 0.0012 70 181 140 292
chair 0.0011 434 162 501 260
chair 0.0011 87 260 188 355
person 0.9064 212 57 441 375
person 0.9041 405 187 499 360
person 0.8318 102 115 252 366
person 0.0163 67 122 432 365
person 0.0147 245 24 413 287
person 0.0115 136 267 223 377
person 0.0076 435 171 503 273
person 0.0054 42 43 303 332
person 0.0053 183 71 307 364
person 0.0046 477 207 500 325
person 0.0036 238 175 410 369
person 0.0026 -9 151 130 341
person 0.0021 423 209 444 239
person 0.0018 113 192 228 293
person 0.0018 419 221 444 251
person 0.0016 48 187 221 349
person 0.0013 353 168 464 378
person 0.0013 50 80 221 298
person 0.0012 154 287 265 371
person 0.0012 287 139 434 347
