boat 0.2112 87 99 414 212
boat 0.0857 31 134 229 193
boat 0.0761 2 124 117 186
boat 0.0457 129 152 283 217
boat 0.0435 -4 79 63 163
boat 0.0433 156 73 343 128
boat 0.0395 2 92 110 173
boat 0.0384 101 72 243 132
boat 0.0325 317 134 491 189
boat 0.0271 68 37 272 166
boat 0.0261 159 55 413 155
boat 0.0252 29 103 166 161
boat 0.0194 276 111 397 163
boat 0.0184 107 91 219 151
boat 0.0182 9 78 259 190
boat 0.0172 215 78 380 138
boat 0.0158 -16 69 146 191
boat 0.0147 236 53 349 105
boat 0.0144 28 73 161 126
boat 0.0129 79 137 337 229
boat 0.0123 192 131 403 200
boat 0.0110 347 153 470 211
boat 0.0107 338 105 469 171
boat 0.0092 214 148 362 213
boat 0.0090 124 124 288 197
boat 0.0090 133 99 289 159
boat 0.0089 -12 107 201 200
boat 0.0086 185 82 463 183
boat 0.0085 291 110 510 210
boat 0.0077 101 124 218 207
boat 0.0074 28 -6 393 208
boat 0.0067 -7 69 112 131
boat 0.0066 346 113 400 134
boat 0.0058 61 152 207 208
boat 0.0056 11 111 488 261
boat 0.0056 -10 38 200 163
boat 0.0051 370 127 455 203
boat 0.0043 178 101 378 141
boat 0.0042 106 137 143 164
boat 0.0036 -1 122 25 184
boat 0.0035 56 113 234 160
boat 0.0034 298 103 413 144
boat 0.0034 -7 107 71 198
boat 0.0034 137 67 191 117
boat 0.0033 10 148 120 205
boat 0.0032 399 113 504 191
boat 0.0031 175 64 271 121
boat 0.0030 314 143 437 214
boat 0.0028 185 109 372 165
boat 0.0028 312 114 432 159
boat 0.0027 253 122 416 178
boat 0.0026 266 54 381 98
boat 0.0025 191 59 250 101
boat 0.0025 13 139 79 189
boat 0.0024 299 116 373 155
boat 0.0024 45 43 147 106
boat 0.0023 197 65 244 89
boat 0.0023 101 130 151 171
boat 0.0021 178 57 304 104
boat 0.0021 130 82 196 134
boat 0.0020 278 95 317 120
boat 0.0019 155 110 211 164
boat 0.0019 365 112 415 131
boat 0.0019 117 141 169 161
boat 0.0018 2 122 56 181
boat 0.0018 157 165 324 223
boat 0.0017 367 135 417 197
boat 0.0016 18 111 72 160
boat 0.0016 145 79 182 105
boat 0.0015 271 86 325 129
boat 0.0015 119 61 205 124
boat 0.0014 49 140 90 163
boat 0.0014 308 69 423 136
boat 0.0013 291 125 343 146
boat 0.0013 103 126 145 145
boat 0.0013 120 83 169 133
boat 0.0013 73 37 193 103
boat 0.0013 263 166 447 220
boat 0.0013 299 97 336 118
boat 0.0012 336 117 409 151
boat 0.0012 97 52 553 207
boat 0.0012 81 126 131 145
boat 0.0012 399 144 502 212
boat 0.0011 272 32 458 168
boat 0.0011 119 39 229 105
boat 0.0011 254 111 302 131
boat 0.0011 206 118 272 157
boat 0.0011 -76 33 269 225
boat 0.0011 344 86 402 131
boat 0.0011 71 66 137 118
boat 0.0010 200 11 379 135
boat 0.0010 194 97 245 146
boat 0.0010 259 128 469 237
bottle 0.0010 436 144 477 210
car 0.0033 -1 147 19 185
car 0.0017 0 164 20 195
person 0.0401 34 108 61 135
person 0.0125 9 107 45 136
person 0.0054 25 98 68 146
person 0.0030 4 132 57 195
person 0.0014 0 132 21 173
person 0.0013 480 177 500 207
person 0.0012 30 122 63 148
pottedplant 0.0044 247 53 277 80
pottedplant 0.0039 345 71 398 116
pottedplant 0.0034 257 55 297 78
pottedplant 0.0014 242 44 285 86
tvmonitor 0.0047 409 15 497 111
