bottle 0.0086 182 62 215 125
bottle 0.0024 239 113 328 197
bottle 0.0019 188 74 210 117
bottle 0.0010 170 83 199 111
cat 0.0161 187 165 295 251
chair 0.0273 -4 54 68 152
chair 0.0034 2 26 89 123
chair 0.0033 0 20 24 139
chair 0.0028 -26 19 81 184
chair 0.0026 0 21 52 79
chair 0.0026 0 62 24 181
chair 0.0018 156 95 266 170
chair 0.0018 2 14 99 236
chair 0.0013 11 69 82 183
dog 0.0104 192 176 307 247
dog 0.0089 163 131 342 304
dog 0.0082 75 122 426 366
dog 0.0057 143 145 283 215
dog 0.0038 132 110 296 268
dog 0.0014 150 127 270 190
person 0.0580 167 24 484 351
person 0.0086 284 57 439 317
person 0.0079 428 67 512 311
person 0.0051 114 99 239 334
person 0.0044 71 59 353 373
person 0.0025 326 29 480 291
person 0.0024 384 43 501 278
person 0.0016 404 126 490 352
person 0.0016 131 99 268 173
person 0.0014 236 77 417 240
person 0.0013 109 58 313 199
person 0.0012 47 8 375 251
person 0.0010 347 288 434 390
pottedplant 0.0019 168 4 256 82
pottedplant 0.0012 181 -7 221 108
sofa 0.0022 81 158 495 386
