car 0.0020 138 0 189 15
chair 0.0299 359 160 507 382
chair 0.0034 0 142 186 294
chair 0.0017 107 136 313 253
chair 0.0013 92 231 333 371
chair 0.0011 110 291 232 377
person 0.0055 364 143 496 353
person 0.0017 1 151 107 233
pottedplant 0.1562 306 29 421 229
pottedplant 0.0173 317 101 398 201
pottedplant 0.0045 318 21 412 119
pottedplant 0.0042 293 -15 434 161
pottedplant 0.0039 260 13 390 248
pottedplant 0.0033 193 -1 247 16
pottedplant 0.0026 214 0 265 20
pottedplant 0.0026 318 144 409 235
pottedplant 0.0024 223 -4 507 322
pottedplant 0.0023 323 135 382 194
pottedplant 0.0022 141 -11 300 26
pottedplant 0.0017 178 -1 224 16
pottedplant 0.0014 291 100 430 277
pottedplant 0.0014 231 0 287 20
pottedplant 0.0012 208 -8 275 27
pottedplant 0.0010 319 119 359 185
pottedplant 0.0010 231 0 289 39
pottedplant 0.0010 288 79 371 178
sofa 0.4309 330 141 483 357
sofa 0.1254 7 130 337 358
sofa 0.0066 3 141 186 339
sofa 0.0017 220 156 509 389
sofa 0.0015 353 190 462 297
sofa 0.0015 61 187 286 352
sofa 0.0012 149 130 350 302
