bottle 0.0020 55 37 82 62
bottle 0.0010 69 38 99 63
chair 0.0058 473 198 499 303
chair 0.0042 451 142 498 225
chair 0.0038 440 147 501 272
chair 0.0037 410 99 484 354
chair 0.0036 196 147 288 367
chair 0.0036 451 211 495 290
chair 0.0032 428 127 515 333
chair 0.0030 475 116 500 221
chair 0.0026 195 235 284 349
chair 0.0019 428 150 468 216
chair 0.0016 415 133 492 234
chair 0.0016 406 199 496 303
chair 0.0016 253 218 400 352
chair 0.0011 276 244 383 332
chair 0.0011 35 212 238 353
person 0.9352 102 93 183 314
person 0.9184 195 62 302 286
person 0.9069 285 55 424 352
person 0.9063 10 91 99 320
person 0.2976 419 112 487 201
person 0.2882 387 76 429 182
person 0.0989 52 64 120 145
person 0.0717 397 100 432 210
person 0.0608 168 76 265 326
person 0.0573 417 78 486 330
person 0.0423 16 99 175 311
person 0.0403 396 99 472 212
person 0.0386 2 88 95 197
person 0.0359 430 104 478 155
person 0.0181 -10 103 69 355
person 0.0172 347 68 458 337
person 0.0164 251 57 409 248
person 0.0162 0 96 25 191
person 0.0145 382 94 446 200
person 0.0144 194 96 459 365
person 0.0132 383 67 417 137
person 0.0121 444 98 494 188
person 0.0117 112 73 231 238
person 0.0105 73 148 207 366
person 0.0097 146 89 184 167
person 0.0094 2 99 46 186
person 0.0087 476 100 499 131
person 0.0085 0 56 267 298
person 0.0085 0 145 25 302
person 0.0080 456 93 493 141
person 0.0078 97 78 178 174
person 0.0076 137 75 204 171
person 0.0074 12 142 88 270
person 0.0071 203 115 291 241
person 0.0070 460 99 485 133
person 0.0068 414 90 494 172
person 0.0064 413 109 456 176
person 0.0050 112 162 175 290
person 0.0050 224 46 332 256
person 0.0050 368 57 453 245
person 0.0049 126 65 373 289
person 0.0047 -1 107 21 260
person 0.0044 473 88 500 169
person 0.0041 427 59 517 242
person 0.0040 478 112 499 145
person 0.0040 66 96 110 159
person 0.0039 440 105 468 132
person 0.0035 437 127 504 218
person 0.0034 267 173 403 340
person 0.0034 474 114 499 197
person 0.0033 455 111 484 141
person 0.0032 13 60 103 132
person 0.0032 127 62 215 136
person 0.0031 421 133 483 271
person 0.0030 302 154 416 256
person 0.0030 104 102 147 153
person 0.0026 90 59 177 133
person 0.0025 169 53 252 133
person 0.0024 0 123 20 162
person 0.0023 92 107 163 230
person 0.0023 9 134 259 380
person 0.0023 405 14 463 58
person 0.0022 219 13 511 288
person 0.0022 388 51 498 200
person 0.0021 133 156 283 355
person 0.0021 297 44 435 210
person 0.0020 411 130 458 207
person 0.0020 54 103 81 129
person 0.0019 73 65 204 189
person 0.0018 164 75 255 166
person 0.0016 0 196 22 332
person 0.0015 10 116 41 145
person 0.0015 191 144 256 262
person 0.0015 125 142 198 266
person 0.0013 83 101 128 156
person 0.0013 -13 60 75 245
person 0.0013 25 55 163 193
person 0.0012 8 149 40 272
person 0.0012 -1 112 22 146
person 0.0012 127 101 194 211
person 0.0012 209 137 362 322
person 0.0011 106 134 140 261
person 0.0011 -15 77 61 164
person 0.0011 90 114 121 143
person 0.0010 0 43 24 161
person 0.0010 434 124 468 159
person 0.0010 158 72 207 131
