bus 0.0031 478 149 502 224
car 0.0026 480 194 500 228
car 0.0015 477 170 500 249
car 0.0013 483 181 501 216
chair 0.0040 412 219 488 324
person 0.0011 322 186 351 212
train 0.7253 192 144 450 228
train 0.3598 6 161 184 211
train 0.1263 18 150 258 229
train 0.0936 194 157 299 226
train 0.0736 56 172 287 218
train 0.0346 248 146 384 224
train 0.0261 265 162 464 216
train 0.0207 113 170 211 225
train 0.0140 -7 171 141 224
train 0.0106 151 165 274 225
train 0.0062 320 146 469 199
train 0.0059 77 158 213 213
train 0.0054 102 146 318 239
train 0.0041 -19 139 144 240
train 0.0037 310 189 438 230
train 0.0035 208 136 348 211
train 0.0029 124 153 240 218
train 0.0023 15 80 484 251
train 0.0022 192 186 306 234
train 0.0016 0 154 99 215
train 0.0015 247 184 407 239
train 0.0015 207 135 276 213
train 0.0015 109 188 238 236
train 0.0014 306 139 498 239
train 0.0013 5 111 185 227
train 0.0012 336 177 451 221
train 0.0011 313 176 362 219
tvmonitor 0.0035 409 220 493 329
