car 0.0080 479 61 500 89
chair 0.0112 57 229 289 364
chair 0.0018 16 332 174 380
diningtable 0.0012 93 329 253 377
motorbike 0.0035 477 31 501 94
person 0.8741 245 116 485 373
person 0.8687 38 113 308 377
person 0.0990 477 -13 498 88
person 0.0665 95 64 480 368
person 0.0204 0 122 120 369
person 0.0064 480 9 498 61
person 0.0059 0 326 56 373
person 0.0052 -26 58 219 374
person 0.0038 166 126 334 357
person 0.0021 20 85 164 289
person 0.0019 482 0 499 41
person 0.0019 216 99 367 330
person 0.0017 85 22 177 121
person 0.0014 69 -2 202 148
person 0.0010 363 143 518 344
person 0.0010 -1 311 93 366
