bottle 0.0134 98 329 152 374
bottle 0.0019 77 302 170 378
bottle 0.0015 55 357 116 375
bottle 0.0011 95 356 155 375
car 0.0029 0 265 25 293
car 0.0024 473 280 500 309
car 0.0012 453 280 494 306
car 0.0011 445 259 500 307
diningtable 0.0039 13 327 199 377
diningtable 0.0018 1 350 170 379
diningtable 0.0017 38 300 151 367
person 0.8746 29 206 106 349
person 0.7959 82 193 120 340
person 0.7265 171 193 200 255
person 0.6630 245 191 275 281
person 0.0885 35 195 63 223
person 0.0774 174 212 194 260
person 0.0722 59 191 117 313
person 0.0720 26 195 60 251
person 0.0707 51 194 77 222
person 0.0607 17 196 44 251
person 0.0365 31 201 68 359
person 0.0243 288 184 311 267
person 0.0240 0 193 20 227
person 0.0194 14 201 40 275
person 0.0178 173 195 198 229
person 0.0165 207 199 232 225
person 0.0156 18 194 42 227
person 0.0127 230 194 251 228
person 0.0126 260 187 289 286
person 0.0120 1 201 18 245
person 0.0112 82 198 120 251
person 0.0108 231 188 257 258
person 0.0102 247 196 270 250
person 0.0090 29 191 70 230
person 0.0081 73 195 101 222
person 0.0081 238 174 272 250
person 0.0069 211 207 236 235
person 0.0060 42 197 81 248
person 0.0057 289 198 306 250
person 0.0056 -1 215 21 288
person 0.0056 148 193 217 255
person 0.0054 42 203 86 332
person 0.0052 182 198 215 224
person 0.0050 268 203 286 243
person 0.0047 73 192 107 258
person 0.0042 69 219 112 338
person 0.0037 88 191 115 224
person 0.0036 91 243 117 289
person 0.0029 226 184 288 265
person 0.0027 249 225 269 278
person 0.0027 244 191 267 230
person 0.0026 1 229 18 276
person 0.0024 13 231 36 268
person 0.0024 -3 185 24 234
person 0.0023 16 211 35 263
person 0.0023 240 113 271 246
person 0.0022 25 213 160 379
person 0.0018 51 203 77 237
person 0.0018 0 249 22 284
person 0.0018 89 203 116 240
person 0.0015 183 204 211 238
person 0.0013 74 180 130 296
person 0.0012 12 252 38 282
person 0.0012 76 203 99 241
person 0.0012 1 217 21 258
person 0.0011 31 217 58 254
person 0.0011 5 230 42 303
person 0.0011 246 120 277 184
person 0.0010 174 190 221 233
person 0.0010 16 220 83 368
person 0.0010 -1 243 28 317
pottedplant 0.0349 342 234 447 300
pottedplant 0.0271 234 222 497 325
pottedplant 0.0043 263 240 393 307
pottedplant 0.0040 233 43 338 275
pottedplant 0.0039 319 266 353 290
pottedplant 0.0030 306 221 424 287
pottedplant 0.0029 381 246 443 287
pottedplant 0.0028 277 213 374 286
pottedplant 0.0026 359 244 426 290
pottedplant 0.0026 304 269 430 326
pottedplant 0.0024 325 244 380 287
pottedplant 0.0022 349 265 457 333
pottedplant 0.0021 312 230 365 273
pottedplant 0.0020 297 256 456 305
pottedplant 0.0017 257 37 390 225
pottedplant 0.0016 311 259 361 298
pottedplant 0.0015 335 266 374 289
pottedplant 0.0014 352 268 395 290
pottedplant 0.0014 251 268 400 331
pottedplant 0.0013 282 82 369 177
pottedplant 0.0012 353 255 510 306
pottedplant 0.0011 206 242 447 356
pottedplant 0.0010 428 109 477 164
train 0.0012 152 46 500 326
