bottle 0.0010 478 111 500 194
bus 0.0053 329 74 466 242
bus 0.0034 450 141 488 220
bus 0.0022 431 122 506 211
bus 0.0020 420 108 456 168
bus 0.0010 428 80 532 238
car 0.6140 40 46 459 328
car 0.4179 0 131 47 228
car 0.3421 -1 146 33 217
car 0.0241 181 -13 470 272
car 0.0228 0 160 26 200
car 0.0080 421 153 450 183
car 0.0072 415 155 454 207
car 0.0051 95 103 328 270
car 0.0044 376 144 449 244
car 0.0042 0 173 26 214
car 0.0042 437 139 503 232
car 0.0041 419 163 450 193
car 0.0041 177 78 397 241
car 0.0039 9 160 45 195
car 0.0036 423 135 448 167
car 0.0029 422 116 455 187
car 0.0028 11 148 43 185
car 0.0022 -26 121 79 249
car 0.0020 -6 129 52 177
car 0.0015 27 141 62 213
car 0.0015 9 125 94 198
car 0.0014 8 175 42 213
car 0.0013 421 125 449 154
car 0.0013 333 112 469 256
car 0.0013 395 145 491 226
car 0.0012 6 147 89 223
car 0.0012 355 106 451 213
car 0.0012 279 44 448 216
car 0.0011 -2 165 27 246
car 0.0010 435 137 460 170
car 0.0010 -27 128 46 204
chair 0.0037 27 137 65 191
chair 0.0017 49 121 78 183
person 0.0367 260 117 298 185
person 0.0257 277 109 311 193
person 0.0198 477 129 500 204
person 0.0195 309 2 329 41
person 0.0131 316 124 357 181
person 0.0099 294 107 339 168
person 0.0098 483 138 497 194
person 0.0068 463 145 481 189
person 0.0067 443 158 462 198
person 0.0057 315 142 360 218
person 0.0057 335 126 375 181
person 0.0046 439 147 462 186
person 0.0045 262 133 297 225
person 0.0044 274 123 358 213
person 0.0043 324 132 350 170
person 0.0042 293 138 345 196
person 0.0037 265 105 329 198
person 0.0035 340 12 367 38
person 0.0031 323 120 348 155
person 0.0029 294 110 374 195
person 0.0028 343 122 369 153
person 0.0028 35 149 60 183
person 0.0026 303 120 331 155
person 0.0020 275 96 355 179
person 0.0020 285 117 308 154
person 0.0020 430 138 467 195
person 0.0020 400 152 428 179
person 0.0019 335 143 370 217
person 0.0016 254 116 311 214
person 0.0016 459 161 481 200
person 0.0014 305 134 334 167
person 0.0014 417 6 441 32
person 0.0013 342 134 369 171
person 0.0012 52 145 75 182
person 0.0011 266 117 291 157
person 0.0010 284 128 307 171
tvmonitor 0.0631 27 77 71 140
tvmonitor 0.0481 -7 50 64 148
tvmonitor 0.0318 -2 59 30 155
tvmonitor 0.0186 5 65 45 152
tvmonitor 0.0110 81 81 167 137
tvmonitor 0.0042 -21 24 70 178
tvmonitor 0.0016 87 75 240 137
tvmonitor 0.0016 78 94 265 279
tvmonitor 0.0016 9 24 79 136
tvmonitor 0.0015 33 88 63 127
tvmonitor 0.0011 416 89 459 159
