bottle 0.0138 -15 114 52 376
bottle 0.0011 61 2 147 98
bottle 0.0010 88 8 124 91
chair 0.0051 0 172 24 330
chair 0.0024 0 83 29 189
chair 0.0016 59 101 211 333
chair 0.0014 49 104 85 196
chair 0.0011 9 82 105 179
person 0.0285 -12 86 54 344
person 0.0247 0 120 27 296
person 0.0089 0 190 23 340
person 0.0050 341 0 372 22
person 0.0045 88 93 119 120
person 0.0045 7 90 104 339
person 0.0043 354 0 395 21
person 0.0032 156 25 417 130
person 0.0029 110 133 465 413
person 0.0022 83 -16 491 161
person 0.0019 382 72 500 303
person 0.0019 366 -2 426 42
person 0.0019 7 18 104 188
person 0.0014 0 82 25 220
person 0.0012 378 0 409 23
person 0.0011 4 162 41 285
person 0.0011 19 77 172 297
person 0.0010 82 92 122 151
person 0.0010 356 32 449 112
person 0.0010 12 25 106 109
pottedplant 0.0282 4 43 42 144
pottedplant 0.0049 350 -6 455 48
pottedplant 0.0049 20 51 92 151
pottedplant 0.0014 1 37 29 121
pottedplant 0.0013 354 6 452 74
pottedplant 0.0013 383 0 439 40
pottedplant 0.0011 12 74 38 110
sofa 0.2794 19 42 480 389
sofa 0.1503 74 -2 425 203
sofa 0.0216 128 69 523 305
sofa 0.0057 184 105 394 325
sofa 0.0023 162 76 416 233
sofa 0.0015 226 150 349 220
sofa 0.0015 -24 -15 371 274
sofa 0.0011 106 40 315 217
tvmonitor 0.0186 5 -2 42 74
tvmonitor 0.0104 44 0 96 46
tvmonitor 0.0028 11 -2 99 87
tvmonitor 0.0024 44 1 147 89
tvmonitor 0.0019 33 -6 136 51
tvmonitor 0.0014 40 13 92 86
tvmonitor 0.0013 48 6 86 36
tvmonitor 0.0012 86 1 200 44
tvmonitor 0.0011 16 -16 179 114
