bottle 0.0207 171 306 222 440
bottle 0.0080 177 309 212 402
bottle 0.0071 191 308 226 403
bottle 0.0068 220 268 276 391
bottle 0.0068 187 145 298 429
bottle 0.0055 184 39 205 248
bottle 0.0050 212 306 285 413
bottle 0.0044 180 254 233 419
bottle 0.0038 154 344 229 470
bottle 0.0029 160 262 214 399
bottle 0.0023 178 285 312 454
bottle 0.0022 112 221 135 256
bottle 0.0018 136 197 242 452
bottle 0.0017 260 287 297 347
bottle 0.0017 173 325 250 408
bottle 0.0016 216 227 279 356
bottle 0.0011 164 283 194 391
chair 0.0237 239 315 355 484
chair 0.0121 293 111 364 465
chair 0.0102 354 105 375 292
chair 0.0093 39 192 91 251
chair 0.0072 266 381 339 490
chair 0.0049 231 373 319 497
chair 0.0047 202 352 343 507
chair 0.0024 272 178 334 323
chair 0.0018 329 93 376 269
chair 0.0018 121 157 198 259
chair 0.0018 280 296 381 505
chair 0.0018 331 275 375 471
chair 0.0018 231 305 299 440
chair 0.0016 302 329 368 478
chair 0.0014 339 278 374 389
chair 0.0014 336 188 375 384
chair 0.0013 247 192 358 455
chair 0.0011 354 246 374 424
chair 0.0011 264 314 342 411
chair 0.0010 327 32 374 215
diningtable 0.1118 -27 279 401 524
diningtable 0.0440 14 57 360 441
diningtable 0.0045 111 312 268 494
diningtable 0.0044 81 369 293 512
diningtable 0.0013 159 349 328 517
diningtable 0.0010 134 157 354 495
diningtable 0.0010 130 394 244 495
person 0.8549 37 0 175 258
person 0.0523 156 -42 333 390
person 0.0457 3 3 85 261
person 0.0403 323 1 378 271
person 0.0336 190 -3 302 209
person 0.0320 331 72 383 428
person 0.0273 292 66 373 436
person 0.0152 357 287 375 500
person 0.0152 98 -30 202 300
person 0.0141 209 -9 334 277
person 0.0101 133 -1 193 137
person 0.0100 327 216 381 515
person 0.0086 355 139 374 377
person 0.0085 202 1 290 104
person 0.0077 253 28 357 397
person 0.0069 5 -17 139 218
person 0.0068 1 48 44 221
person 0.0065 92 19 162 177
person 0.0063 0 27 18 220
person 0.0062 293 -13 372 219
person 0.0061 354 49 374 237
person 0.0057 216 24 388 474
person 0.0056 70 -22 193 162
person 0.0051 328 5 373 169
person 0.0048 154 0 278 260
person 0.0041 357 -12 375 146
person 0.0041 35 -4 280 349
person 0.0033 176 8 255 104
person 0.0033 66 54 135 203
person 0.0032 151 -2 223 121
person 0.0032 223 67 329 431
person 0.0031 264 9 341 93
person 0.0030 40 125 219 296
person 0.0028 206 4 245 59
person 0.0025 293 -7 369 62
person 0.0025 209 1 298 60
person 0.0024 299 10 371 102
person 0.0021 231 6 330 57
person 0.0018 129 -27 246 147
person 0.0017 202 29 284 163
person 0.0014 232 3 316 110
person 0.0012 108 -9 193 68
person 0.0011 257 7 303 56
person 0.0011 357 387 375 514
person 0.0011 217 0 258 20
person 0.0011 261 15 329 157
person 0.0011 331 9 375 88
person 0.0010 -37 -21 71 215
person 0.0010 274 0 316 58
person 0.0010 225 286 305 388
person 0.0010 5 74 138 267
person 0.0010 310 99 367 242
pottedplant 0.0150 97 10 334 488
pottedplant 0.0091 161 80 272 419
pottedplant 0.0021 181 226 253 354
pottedplant 0.0019 156 231 221 347
pottedplant 0.0015 122 169 255 405
tvmonitor 0.0310 21 220 178 425
tvmonitor 0.0036 43 320 156 415
tvmonitor 0.0033 54 278 147 384
tvmonitor 0.0014 0 142 259 431
tvmonitor 0.0012 0 271 144 454
tvmonitor 0.0011 60 239 138 346
