aeroplane 0.0011 185 0 230 19
bicycle 0.0012 31 361 123 429
bicycle 0.0011 27 247 175 420
bird 0.0152 3 -6 96 61
bird 0.0025 53 -2 99 56
bird 0.0021 200 0 247 20
chair 0.0021 1 285 99 350
chair 0.0012 19 354 108 429
chair 0.0010 21 310 103 399
motorbike 0.7115 63 258 248 466
motorbike 0.0336 150 262 281 459
motorbike 0.0263 40 196 334 457
motorbike 0.0043 20 269 185 448
motorbike 0.0036 109 299 197 433
motorbike 0.0019 23 324 105 417
motorbike 0.0011 141 294 231 436
motorbike 0.0010 179 294 254 440
person 0.8506 189 149 285 422
person 0.4331 101 237 200 432
person 0.0220 121 228 180 354
person 0.0111 101 174 330 479
person 0.0070 95 234 164 361
person 0.0051 79 192 176 397
person 0.0020 203 170 277 327
person 0.0012 189 205 252 370
person 0.0011 183 246 296 470
person 0.0011 212 241 274 417
pottedplant 0.1044 -1 107 87 319
pottedplant 0.0555 0 156 71 285
pottedplant 0.0406 2 322 82 393
pottedplant 0.0294 32 154 105 270
pottedplant 0.0288 -1 305 93 365
pottedplant 0.0260 -1 178 40 262
pottedplant 0.0226 1 332 38 412
pottedplant 0.0096 -8 313 52 411
pottedplant 0.0090 3 350 84 441
pottedplant 0.0081 65 152 135 271
pottedplant 0.0079 3 303 39 368
pottedplant 0.0068 62 191 137 305
pottedplant 0.0066 40 107 161 316
pottedplant 0.0056 39 188 85 258
pottedplant 0.0052 0 140 17 303
pottedplant 0.0048 -3 319 23 390
pottedplant 0.0042 59 183 98 260
pottedplant 0.0042 5 244 80 339
pottedplant 0.0042 -10 344 47 457
pottedplant 0.0038 -2 339 23 445
pottedplant 0.0037 10 146 133 354
pottedplant 0.0033 73 177 111 266
pottedplant 0.0033 0 89 85 186
pottedplant 0.0026 34 244 108 342
pottedplant 0.0026 82 278 108 310
pottedplant 0.0025 7 335 32 375
pottedplant 0.0020 0 372 38 452
pottedplant 0.0017 3 71 140 277
pottedplant 0.0017 -9 112 54 229
pottedplant 0.0016 -1 330 17 378
pottedplant 0.0016 62 235 138 338
pottedplant 0.0015 6 201 33 238
pottedplant 0.0015 -1 351 19 398
pottedplant 0.0014 16 175 55 265
pottedplant 0.0013 -13 296 62 377
pottedplant 0.0013 59 119 139 222
pottedplant 0.0013 7 373 31 412
pottedplant 0.0012 0 313 16 356
pottedplant 0.0012 -14 189 103 387
pottedplant 0.0012 -23 41 109 226
pottedplant 0.0011 -14 315 99 483
pottedplant 0.0011 32 119 109 227
pottedplant 0.0011 77 268 114 320
pottedplant 0.0011 7 313 31 357
pottedplant 0.0010 -7 183 45 307
pottedplant 0.0010 33 203 70 270
pottedplant 0.0010 7 349 32 394
