car 0.8494 24 58 475 317
car 0.7299 -12 40 117 171
car 0.3895 -4 40 128 276
car 0.3388 138 55 186 77
car 0.0632 115 57 176 75
car 0.0311 158 55 198 76
car 0.0264 -26 20 87 236
car 0.0253 94 45 482 215
car 0.0233 407 65 454 88
car 0.0223 192 74 458 191
car 0.0145 -1 29 106 122
car 0.0113 349 92 452 171
car 0.0110 121 105 380 324
car 0.0068 391 67 438 89
car 0.0064 -10 46 72 148
car 0.0061 211 85 440 289
car 0.0050 78 51 188 105
car 0.0049 115 48 210 82
car 0.0047 20 24 156 183
car 0.0042 0 163 46 252
car 0.0041 112 48 230 102
car 0.0034 102 55 151 74
car 0.0033 385 60 444 98
car 0.0029 318 78 474 245
car 0.0026 139 64 189 85
car 0.0021 10 104 110 210
car 0.0019 79 82 267 296
car 0.0019 41 45 136 148
car 0.0016 374 62 452 156
car 0.0016 59 47 192 84
car 0.0016 118 64 170 86
car 0.0015 428 69 474 92
car 0.0014 109 57 177 93
car 0.0014 -11 101 67 215
car 0.0013 0 206 23 238
car 0.0012 355 56 467 104
car 0.0012 396 92 489 165
car 0.0011 -38 105 385 382
car 0.0011 -14 25 283 293
car 0.0010 162 65 200 85
person 0.0059 29 53 63 79
person 0.0035 11 51 43 80
person 0.0026 480 88 499 124
person 0.0022 49 53 83 77
person 0.0022 477 69 500 144
person 0.0017 52 65 78 92
person 0.0017 23 42 70 90
person 0.0015 31 64 64 89
person 0.0012 378 97 417 147
person 0.0012 482 74 500 112
pottedplant 0.0054 396 3 488 84
pottedplant 0.0041 474 44 501 114
pottedplant 0.0024 435 -6 504 108
pottedplant 0.0016 389 39 495 108
pottedplant 0.0013 449 33 498 100
pottedplant 0.0013 471 -4 502 104
pottedplant 0.0011 375 -30 506 119
pottedplant 0.0010 479 60 500 100
pottedplant 0.0010 417 61 485 97
