bottle 0.0033 291 307 454 374
bottle 0.0029 247 328 427 376
bottle 0.0013 361 329 418 374
bottle 0.0012 267 330 322 377
bottle 0.0011 222 329 333 375
chair 0.0029 315 330 489 376
chair 0.0022 -4 186 205 361
chair 0.0017 387 291 495 369
chair 0.0016 434 230 504 361
chair 0.0013 186 327 314 377
chair 0.0011 361 229 507 372
diningtable 0.0014 217 332 437 377
dog 0.0025 34 224 236 378
person 0.4030 -19 -15 290 390
person 0.0128 50 58 448 373
person 0.0102 82 50 263 323
person 0.0064 17 29 177 288
person 0.0033 194 79 535 351
person 0.0018 -2 -1 26 22
pottedplant 0.0088 73 4 190 85
pottedplant 0.0066 38 7 150 82
pottedplant 0.0020 46 -6 222 104
pottedplant 0.0011 1 -1 190 140
