bottle 0.1083 0 306 22 378
bottle 0.0319 0 255 26 371
bottle 0.0224 0 335 19 379
bottle 0.0119 33 239 70 356
bottle 0.0063 241 185 281 237
bottle 0.0061 43 229 80 340
bottle 0.0036 123 94 154 155
bottle 0.0034 247 194 274 228
bottle 0.0029 203 180 276 273
bottle 0.0023 5 246 41 378
bottle 0.0022 129 94 152 125
bottle 0.0021 114 94 138 127
bottle 0.0019 92 40 120 122
bottle 0.0016 114 88 145 161
bottle 0.0014 246 180 275 214
bottle 0.0013 31 224 100 346
bottle 0.0011 417 165 446 197
bottle 0.0010 258 181 292 239
bottle 0.0010 -34 304 54 380
cat 0.0080 201 186 280 295
chair 0.0370 24 149 158 289
chair 0.0363 -1 35 108 273
chair 0.0148 403 285 483 381
chair 0.0139 469 235 500 388
chair 0.0105 88 168 184 273
chair 0.0090 70 145 142 275
chair 0.0053 380 226 499 382
chair 0.0043 165 206 269 295
chair 0.0038 8 171 91 269
chair 0.0036 8 2 83 74
chair 0.0036 46 203 135 292
chair 0.0034 -10 99 67 339
chair 0.0026 26 -3 109 81
chair 0.0025 55 155 157 205
chair 0.0023 61 161 211 327
chair 0.0022 120 176 210 263
chair 0.0022 18 193 87 309
chair 0.0021 2 7 55 92
chair 0.0021 18 241 83 369
chair 0.0020 97 330 249 383
chair 0.0020 456 211 497 355
chair 0.0017 398 194 494 298
chair 0.0017 453 257 494 395
chair 0.0016 7 140 104 238
chair 0.0015 64 64 125 192
chair 0.0015 1 -1 52 43
chair 0.0015 -1 153 60 285
chair 0.0014 0 61 64 195
chair 0.0013 64 -3 106 73
chair 0.0012 0 151 21 268
chair 0.0011 445 332 499 379
chair 0.0010 55 252 137 359
chair 0.0010 21 -2 75 45
chair 0.0010 58 145 120 192
chair 0.0010 435 288 504 379
diningtable 0.0105 70 281 348 383
diningtable 0.0063 3 124 111 311
diningtable 0.0028 150 302 351 374
diningtable 0.0023 9 222 413 386
diningtable 0.0022 117 331 304 380
diningtable 0.0012 -59 67 251 309
diningtable 0.0011 132 239 364 367
person 0.8856 202 88 450 407
person 0.1898 -10 -5 107 210
person 0.1766 417 108 483 200
person 0.0653 399 92 489 340
person 0.0246 271 55 533 381
person 0.0166 402 94 495 176
person 0.0162 469 211 501 384
person 0.0150 428 58 517 320
person 0.0132 432 93 502 211
person 0.0125 473 90 500 214
person 0.0124 44 6 136 211
person 0.0087 395 154 433 206
person 0.0082 472 162 499 316
person 0.0076 403 122 492 249
person 0.0073 428 107 476 172
person 0.0058 0 30 24 186
person 0.0055 44 58 456 320
person 0.0043 -14 42 74 270
person 0.0042 347 35 400 93
person 0.0042 196 208 281 294
person 0.0041 434 167 507 385
person 0.0041 2 -2 63 104
person 0.0038 310 87 496 287
person 0.0038 329 23 402 120
person 0.0029 91 72 125 172
person 0.0029 451 142 491 218
person 0.0027 276 66 447 255
person 0.0026 266 177 447 369
person 0.0025 2 14 44 174
person 0.0024 405 118 462 190
person 0.0022 66 40 134 168
person 0.0022 192 90 383 292
person 0.0020 94 92 118 125
person 0.0020 382 55 502 211
person 0.0019 47 16 117 143
person 0.0018 454 199 499 338
person 0.0018 95 74 115 116
person 0.0018 379 146 484 216
person 0.0017 41 159 459 391
person 0.0017 53 3 133 88
person 0.0017 476 140 500 250
person 0.0017 61 0 113 46
person 0.0017 439 149 501 275
person 0.0015 422 148 480 210
person 0.0015 11 5 88 136
person 0.0013 53 49 116 196
person 0.0012 92 62 119 126
person 0.0012 480 176 500 213
person 0.0011 0 -17 25 118
person 0.0010 193 184 283 264
person 0.0010 133 130 290 302
pottedplant 0.0050 6 0 51 19
tvmonitor 0.0214 313 31 492 169
tvmonitor 0.0109 348 51 458 148
tvmonitor 0.0036 20 214 85 338
tvmonitor 0.0035 -3 210 61 339
tvmonitor 0.0028 13 173 102 382
tvmonitor 0.0016 433 63 505 184
tvmonitor 0.0015 394 7 483 83
tvmonitor 0.0015 235 134 278 202
tvmonitor 0.0013 477 -5 501 80
tvmonitor 0.0011 318 52 411 144
tvmonitor 0.0010 398 27 484 116
