cat 0.3988 80 66 495 365
cat 0.0028 154 86 343 292
cat 0.0027 227 95 427 337
cat 0.0026 42 3 381 314
chair 0.0048 11 128 162 358
chair 0.0011 -1 66 21 205
chair 0.0011 44 131 135 239
person 0.0382 214 16 515 358
person 0.0044 310 69 497 307
person 0.0043 -5 52 108 321
person 0.0032 429 74 518 298
person 0.0027 -14 91 69 341
person 0.0026 -23 29 293 344
person 0.0025 0 28 24 156
person 0.0022 -22 17 64 243
person 0.0010 382 133 499 353
person 0.0010 252 0 303 15
tvmonitor 0.0801 107 -3 237 40
tvmonitor 0.0082 86 1 153 39
tvmonitor 0.0073 36 152 173 235
tvmonitor 0.0020 0 41 24 173
tvmonitor 0.0018 30 -8 159 38
tvmonitor 0.0011 146 -7 216 26
