bicycle 0.0015 473 161 499 256
car 0.7659 72 61 427 373
car 0.0104 137 71 364 304
car 0.0082 96 23 479 238
car 0.0052 164 55 410 201
car 0.0023 2 1 23 42
car 0.0019 94 161 329 329
person 0.0077 476 108 499 254
person 0.0019 433 102 520 335
person 0.0017 473 169 499 308
person 0.0016 478 58 500 186
person 0.0013 371 143 508 349
person 0.0012 -2 -3 26 23
person 0.0010 445 131 509 246
person 0.0010 -2 -11 112 214
pottedplant 0.0111 309 -6 403 50
pottedplant 0.0105 324 0 381 44
pottedplant 0.0024 331 9 379 62
pottedplant 0.0023 334 5 373 34
pottedplant 0.0016 256 -2 336 46
pottedplant 0.0013 249 10 343 65
tvmonitor 0.0033 -5 53 124 266
