bird 0.0560 221 104 282 226
bird 0.0505 203 66 300 270
bird 0.0416 54 10 445 322
bird 0.0114 155 48 268 290
bird 0.0110 65 258 153 323
bird 0.0098 234 130 290 189
bird 0.0034 235 89 335 297
bird 0.0032 216 61 359 222
bird 0.0023 246 118 318 214
bird 0.0014 238 91 326 190
bottle 0.0150 223 80 260 163
bottle 0.0059 224 91 291 203
bottle 0.0028 149 53 273 230
bottle 0.0025 209 77 273 188
bottle 0.0020 176 94 257 188
bottle 0.0015 222 85 269 133
car 0.0015 -46 80 315 353
diningtable 0.0010 16 1 406 280
person 0.1968 442 293 489 337
person 0.1318 59 269 158 331
person 0.0076 119 270 167 330
person 0.0055 140 267 176 311
person 0.0041 384 296 499 336
person 0.0023 436 299 472 331
person 0.0021 -49 54 318 329
person 0.0010 5 264 109 333
pottedplant 0.1349 76 263 171 333
pottedplant 0.0069 73 272 136 328
pottedplant 0.0068 34 287 154 336
pottedplant 0.0056 42 251 209 341
pottedplant 0.0043 92 291 154 332
pottedplant 0.0015 98 318 150 333
