car 0.8112 375 172 492 218
car 0.7464 265 173 370 209
car 0.5887 321 170 430 215
car 0.5238 154 164 219 197
car 0.5146 348 168 470 209
car 0.3594 97 170 155 188
car 0.2947 221 169 338 212
car 0.1230 216 171 261 196
car 0.1078 33 168 98 186
car 0.0856 232 179 283 201
car 0.0807 73 170 140 186
car 0.0717 201 170 242 196
car 0.0710 106 166 235 205
car 0.0652 24 159 69 180
car 0.0570 39 160 91 178
car 0.0476 241 167 314 199
car 0.0446 36 163 150 204
car 0.0443 234 172 284 193
car 0.0430 20 168 72 185
car 0.0389 283 181 350 205
car 0.0325 110 166 173 192
car 0.0308 135 170 193 191
car 0.0249 154 164 271 202
car 0.0243 69 164 180 194
car 0.0193 60 159 112 178
car 0.0178 265 164 404 201
car 0.0128 354 179 401 206
car 0.0124 51 163 120 190
car 0.0108 16 152 77 184
car 0.0107 261 173 336 190
car 0.0091 14 166 47 187
car 0.0089 369 171 416 190
car 0.0089 449 174 497 213
car 0.0081 248 179 305 202
car 0.0064 329 181 381 206
car 0.0056 308 171 364 192
car 0.0050 166 172 233 208
car 0.0049 408 180 455 210
car 0.0042 327 172 383 192
car 0.0040 360 130 514 246
car 0.0035 409 171 455 192
car 0.0035 25 148 186 187
car 0.0035 423 181 481 206
car 0.0026 287 134 457 244
car 0.0023 14 158 49 179
car 0.0020 352 172 402 193
car 0.0019 82 157 128 178
car 0.0018 320 166 388 199
car 0.0015 174 180 230 201
car 0.0014 105 158 144 180
car 0.0014 395 170 432 190
car 0.0013 164 178 202 203
car 0.0012 389 180 440 211
car 0.0012 362 167 420 198
car 0.0012 0 148 102 186
car 0.0012 197 173 251 207
car 0.0011 105 179 144 201
car 0.0011 322 182 485 231
car 0.0011 386 194 439 215
car 0.0010 400 168 465 198
person 0.0055 477 179 498 214
pottedplant 0.0010 449 158 497 208
