bottle 0.0048 8 69 106 266
bottle 0.0028 5 94 93 184
car 0.0014 438 318 503 333
chair 0.0026 366 26 509 207
chair 0.0023 428 13 516 218
chair 0.0013 438 14 503 112
chair 0.0013 435 44 515 131
chair 0.0010 -7 99 117 286
person 0.6428 45 55 454 327
person 0.0078 93 -10 482 241
person 0.0055 139 85 361 298
person 0.0031 178 42 550 289
person 0.0025 405 -1 498 91
person 0.0020 -27 34 298 298
person 0.0017 226 69 428 261
person 0.0016 317 117 486 316
person 0.0013 16 71 97 161
person 0.0012 6 41 105 194
person 0.0011 312 58 498 224
person 0.0011 474 -14 499 78
sofa 0.0030 97 -32 479 212
tvmonitor 0.0041 453 14 499 100
