car 0.0368 473 162 499 187
car 0.0218 466 147 502 197
car 0.0016 442 144 538 198
car 0.0012 475 142 497 180
chair 0.0281 73 144 208 292
chair 0.0039 93 145 157 249
chair 0.0013 44 129 157 304
horse 0.5819 89 141 335 301
horse 0.1164 220 66 350 272
horse 0.0202 124 43 373 289
horse 0.0034 207 162 374 316
horse 0.0010 97 90 252 247
person 0.6761 105 106 162 232
person 0.0929 249 49 337 240
person 0.0183 460 132 491 189
person 0.0101 119 113 161 179
person 0.0096 56 80 81 106
person 0.0079 268 71 363 318
person 0.0071 302 59 337 207
person 0.0070 464 153 485 189
person 0.0060 224 124 250 196
person 0.0049 254 53 331 129
person 0.0047 271 39 361 202
person 0.0043 474 88 498 154
person 0.0041 450 96 485 174
person 0.0040 287 75 347 217
person 0.0033 465 138 483 180
person 0.0024 478 103 497 139
person 0.0023 316 66 347 201
person 0.0022 471 106 500 189
person 0.0021 442 88 471 157
person 0.0020 304 157 328 290
person 0.0019 456 104 484 135
person 0.0017 228 138 246 182
person 0.0014 300 135 327 239
person 0.0013 221 96 257 173
person 0.0012 284 90 315 201
person 0.0010 109 128 213 219
person 0.0010 183 131 221 188
pottedplant 0.1191 452 72 490 118
pottedplant 0.0403 219 69 256 121
pottedplant 0.0235 391 71 429 120
pottedplant 0.0222 458 80 484 112
pottedplant 0.0151 378 75 419 117
pottedplant 0.0089 383 80 411 110
pottedplant 0.0078 474 69 501 121
pottedplant 0.0077 224 79 251 112
pottedplant 0.0068 111 68 135 98
pottedplant 0.0055 457 69 483 99
pottedplant 0.0035 397 77 422 111
pottedplant 0.0025 433 69 472 122
pottedplant 0.0025 479 89 498 129
pottedplant 0.0024 462 92 482 123
pottedplant 0.0021 226 67 252 103
pottedplant 0.0019 313 68 351 123
pottedplant 0.0017 112 80 139 106
pottedplant 0.0015 151 71 177 100
pottedplant 0.0010 55 74 81 99
