diningtable 0.0021 5 185 494 350
dog 0.3298 196 31 358 198
dog 0.0113 71 47 429 232
dog 0.0023 229 34 338 139
dog 0.0011 194 42 311 131
person 0.1106 3 186 102 253
person 0.0953 196 38 367 229
person 0.0863 -28 92 528 291
person 0.0311 156 33 496 246
person 0.0222 0 195 31 253
person 0.0113 2 178 109 305
person 0.0105 -1 192 48 277
person 0.0087 19 159 479 325
person 0.0044 0 192 54 235
person 0.0036 0 179 28 318
person 0.0024 154 133 421 253
person 0.0022 12 194 172 247
person 0.0017 1 203 24 244
person 0.0017 238 41 357 122
person 0.0015 -31 190 83 342
person 0.0013 -6 219 61 315
person 0.0011 -6 208 139 264
sheep 0.0013 316 145 482 283
