bottle 0.0015 54 306 84 329
car 0.8060 30 81 469 255
car 0.1413 23 108 63 164
car 0.1382 250 68 470 209
car 0.0263 12 79 96 163
car 0.0255 59 74 112 91
car 0.0185 -17 40 70 242
car 0.0180 -2 63 59 171
car 0.0156 12 90 55 180
car 0.0144 2 36 105 203
car 0.0133 51 69 79 94
car 0.0122 22 123 61 199
car 0.0107 30 117 60 152
car 0.0102 25 121 98 204
car 0.0096 375 70 488 221
car 0.0069 13 102 79 196
car 0.0061 14 58 47 160
car 0.0048 27 71 62 147
car 0.0038 5 80 105 307
car 0.0038 123 79 374 215
car 0.0036 45 78 121 168
car 0.0034 394 83 486 151
car 0.0033 84 94 126 151
car 0.0033 -3 83 24 187
car 0.0027 11 71 175 220
car 0.0025 309 87 495 248
car 0.0023 63 89 149 159
car 0.0022 135 39 518 194
car 0.0018 76 101 272 289
car 0.0016 79 64 264 177
car 0.0015 259 78 396 154
car 0.0015 113 74 227 154
car 0.0014 44 62 83 99
car 0.0012 38 102 133 195
car 0.0012 29 130 62 162
car 0.0011 224 120 426 266
car 0.0010 401 96 502 200
car 0.0010 -5 115 63 215
car 0.0010 77 74 188 155
car 0.0010 60 76 115 114
person 0.0285 -5 108 60 330
person 0.0066 38 68 62 98
person 0.0062 0 160 23 317
person 0.0057 51 61 78 88
person 0.0035 2 216 43 312
person 0.0026 0 38 25 154
person 0.0024 0 108 24 241
person 0.0017 33 79 58 110
person 0.0012 0 -1 23 119
pottedplant 0.0013 32 61 68 103
pottedplant 0.0011 28 65 63 124
