bottle 0.0036 418 218 458 312
bottle 0.0016 78 313 134 366
bottle 0.0013 421 229 444 269
car 0.0030 101 266 222 349
car 0.0014 123 212 219 281
car 0.0010 135 233 225 297
chair 0.0423 208 157 444 385
chair 0.0217 52 179 86 237
chair 0.0170 59 181 104 235
chair 0.0166 322 77 388 195
chair 0.0068 4 177 43 296
chair 0.0067 100 197 143 251
chair 0.0047 47 174 127 241
chair 0.0045 331 131 386 199
chair 0.0044 181 231 393 367
chair 0.0043 57 201 80 242
chair 0.0041 58 187 81 227
chair 0.0037 45 170 90 216
chair 0.0036 66 179 143 268
chair 0.0034 49 166 86 190
chair 0.0030 82 207 130 266
chair 0.0029 52 177 83 206
chair 0.0022 87 209 186 285
chair 0.0022 64 167 105 190
chair 0.0020 67 191 100 225
chair 0.0019 0 194 26 307
chair 0.0018 80 194 170 255
chair 0.0017 83 165 132 220
chair 0.0015 -8 234 57 315
chair 0.0014 55 160 113 201
chair 0.0014 87 236 132 296
chair 0.0010 66 205 106 266
chair 0.0010 111 189 135 228
motorbike 0.0741 56 238 229 374
motorbike 0.0093 82 195 263 358
motorbike 0.0083 74 239 193 314
motorbike 0.0054 115 290 229 369
motorbike 0.0051 111 244 214 347
motorbike 0.0027 -30 157 300 389
motorbike 0.0021 71 285 195 375
person 0.8870 194 121 459 368
person 0.4227 444 190 497 315
person 0.1196 448 177 491 269
person 0.0567 473 176 500 297
person 0.0324 420 204 449 274
person 0.0181 437 184 474 237
person 0.0148 421 206 444 236
person 0.0134 109 88 392 401
person 0.0130 422 216 443 259
person 0.0097 437 187 468 289
person 0.0096 474 180 500 241
person 0.0082 150 249 178 284
person 0.0071 426 200 510 399
person 0.0064 162 251 198 277
person 0.0063 190 118 327 372
person 0.0052 354 98 454 337
person 0.0051 418 198 444 227
person 0.0045 474 214 499 343
person 0.0036 402 153 498 347
person 0.0033 441 206 465 239
person 0.0032 141 245 190 287
person 0.0031 -1 32 19 154
person 0.0026 399 187 433 259
person 0.0026 95 140 119 170
person 0.0025 457 189 484 228
person 0.0023 1 60 25 182
person 0.0022 450 168 491 226
person 0.0022 456 180 484 209
person 0.0020 404 205 426 242
person 0.0020 439 231 499 370
person 0.0019 432 172 503 250
person 0.0017 478 214 500 258
person 0.0016 121 226 168 278
person 0.0015 186 252 211 280
person 0.0013 128 146 293 346
person 0.0012 459 186 515 288
person 0.0011 135 233 192 275
person 0.0010 329 183 479 360
person 0.0010 254 70 552 362
pottedplant 0.2577 3 161 47 230
pottedplant 0.0487 -2 175 29 237
pottedplant 0.0331 -4 166 57 268
pottedplant 0.0315 173 195 221 253
pottedplant 0.0254 329 65 390 194
pottedplant 0.0250 406 85 455 160
pottedplant 0.0160 0 173 23 215
pottedplant 0.0113 176 216 217 263
pottedplant 0.0102 136 196 184 250
pottedplant 0.0097 64 151 143 229
pottedplant 0.0097 -2 153 33 209
pottedplant 0.0095 392 84 466 189
pottedplant 0.0089 12 175 41 214
pottedplant 0.0085 454 90 494 184
pottedplant 0.0078 108 152 136 182
pottedplant 0.0076 52 154 83 181
pottedplant 0.0074 398 54 487 150
pottedplant 0.0072 95 149 118 182
pottedplant 0.0070 13 188 37 227
pottedplant 0.0070 -9 148 65 214
pottedplant 0.0069 160 184 208 235
pottedplant 0.0068 2 126 46 206
pottedplant 0.0053 104 153 138 235
pottedplant 0.0052 -17 108 53 212
pottedplant 0.0050 148 195 174 223
pottedplant 0.0050 165 210 207 268
pottedplant 0.0050 435 100 467 173
pottedplant 0.0049 138 142 224 248
pottedplant 0.0044 128 160 168 227
pottedplant 0.0043 127 155 164 181
pottedplant 0.0041 121 146 172 189
pottedplant 0.0039 369 22 508 180
pottedplant 0.0038 469 66 503 148
pottedplant 0.0038 -2 206 25 236
pottedplant 0.0037 434 33 504 154
pottedplant 0.0035 -19 134 67 297
pottedplant 0.0034 93 150 127 210
pottedplant 0.0032 13 155 102 229
pottedplant 0.0031 140 156 180 232
pottedplant 0.0030 274 62 378 141
pottedplant 0.0030 31 167 68 222
pottedplant 0.0028 95 162 122 193
pottedplant 0.0028 142 166 176 191
pottedplant 0.0025 130 163 160 192
pottedplant 0.0024 252 77 344 167
pottedplant 0.0024 390 79 471 138
pottedplant 0.0024 3 265 43 319
pottedplant 0.0024 68 143 104 168
pottedplant 0.0023 111 159 134 197
pottedplant 0.0022 244 -6 402 154
pottedplant 0.0022 112 174 135 212
pottedplant 0.0020 140 140 177 195
pottedplant 0.0019 317 73 392 145
pottedplant 0.0019 355 89 452 167
pottedplant 0.0019 92 323 201 379
pottedplant 0.0018 431 81 474 138
pottedplant 0.0018 139 213 188 263
pottedplant 0.0018 275 29 378 115
pottedplant 0.0017 0 114 25 216
pottedplant 0.0017 250 59 397 202
pottedplant 0.0017 115 329 175 376
pottedplant 0.0016 283 0 368 87
pottedplant 0.0016 6 177 90 246
pottedplant 0.0016 68 154 105 177
pottedplant 0.0016 35 190 60 224
pottedplant 0.0015 11 164 41 197
pottedplant 0.0015 37 176 61 212
pottedplant 0.0015 391 96 442 150
pottedplant 0.0014 179 162 220 227
pottedplant 0.0014 368 109 441 205
pottedplant 0.0013 215 24 365 181
pottedplant 0.0013 11 150 39 181
pottedplant 0.0013 185 190 211 226
pottedplant 0.0012 183 206 215 241
pottedplant 0.0012 86 146 163 242
pottedplant 0.0012 147 151 172 184
pottedplant 0.0012 168 193 198 226
pottedplant 0.0011 33 166 65 193
pottedplant 0.0011 145 205 176 239
pottedplant 0.0011 45 159 92 201
pottedplant 0.0011 239 31 338 111
pottedplant 0.0010 15 121 100 197
pottedplant 0.0010 -33 75 69 242
pottedplant 0.0010 149 223 180 253
pottedplant 0.0010 -25 173 44 239
pottedplant 0.0010 169 207 199 242
pottedplant 0.0010 10 204 39 241
pottedplant 0.0010 135 357 192 375
