bottle 0.1326 162 205 192 272
bottle 0.0665 168 214 189 261
bottle 0.0512 142 202 160 243
bottle 0.0423 153 205 177 238
bottle 0.0403 168 199 189 239
bottle 0.0244 142 217 160 257
bottle 0.0243 160 187 197 251
bottle 0.0184 156 218 178 256
bottle 0.0115 153 223 180 294
bottle 0.0081 169 256 189 297
bottle 0.0076 184 235 202 281
bottle 0.0075 137 190 165 251
bottle 0.0050 156 256 176 296
bottle 0.0046 168 232 188 284
bottle 0.0045 168 185 192 222
bottle 0.0045 164 246 192 306
bottle 0.0041 126 257 148 295
bottle 0.0041 139 180 159 223
bottle 0.0041 183 216 202 260
bottle 0.0041 106 221 135 255
bottle 0.0039 126 219 148 256
bottle 0.0033 193 311 226 399
bottle 0.0026 126 201 151 239
bottle 0.0023 111 258 133 293
bottle 0.0023 154 184 176 221
bottle 0.0022 126 237 146 275
bottle 0.0022 142 237 160 281
bottle 0.0021 152 246 180 347
bottle 0.0017 178 204 207 272
bottle 0.0015 136 222 167 293
bottle 0.0015 134 256 168 339
bottle 0.0014 119 244 154 307
bottle 0.0014 95 243 121 276
bottle 0.0014 95 224 121 256
bottle 0.0012 140 258 161 297
bottle 0.0010 95 303 121 335
chair 0.0140 0 297 88 503
chair 0.0117 330 329 375 500
chair 0.0105 113 440 263 503
chair 0.0079 104 393 214 491
chair 0.0075 61 365 254 515
chair 0.0065 -2 311 47 494
chair 0.0051 7 367 70 502
chair 0.0042 353 319 375 430
chair 0.0032 341 330 370 423
chair 0.0032 74 440 199 501
chair 0.0031 165 399 267 490
chair 0.0027 38 338 106 473
chair 0.0025 179 442 311 505
chair 0.0025 199 304 341 493
chair 0.0025 293 293 377 507
chair 0.0024 -1 328 19 495
chair 0.0022 143 369 344 499
chair 0.0020 104 359 214 448
chair 0.0020 220 396 327 497
chair 0.0020 4 286 70 439
chair 0.0016 -3 348 149 515
chair 0.0015 172 349 254 462
chair 0.0013 338 402 374 500
chair 0.0013 1 361 33 504
chair 0.0011 72 458 172 513
chair 0.0010 52 391 148 493
diningtable 0.3058 38 242 221 487
diningtable 0.1458 15 229 358 498
diningtable 0.0485 64 206 188 286
diningtable 0.0324 47 209 210 381
diningtable 0.0110 40 328 277 473
diningtable 0.0101 6 176 310 400
diningtable 0.0070 134 178 202 258
diningtable 0.0068 0 333 374 547
diningtable 0.0055 88 238 212 314
diningtable 0.0040 4 256 140 473
diningtable 0.0032 65 232 189 346
diningtable 0.0029 82 368 291 519
diningtable 0.0028 89 184 230 320
diningtable 0.0022 58 241 136 335
diningtable 0.0010 100 315 218 415
person 0.8628 289 177 377 395
person 0.7380 74 138 107 223
person 0.7110 4 161 67 328
person 0.5716 263 188 322 329
person 0.4951 106 139 139 223
person 0.4817 71 140 135 219
person 0.4560 150 131 206 238
person 0.4486 135 178 354 475
person 0.4080 183 161 248 245
person 0.3882 -2 158 47 499
person 0.3816 100 184 143 255
person 0.2864 65 149 119 252
person 0.2758 186 157 234 211
person 0.2687 70 172 138 242
person 0.2221 95 137 157 229
person 0.1657 14 170 83 269
person 0.1377 40 157 103 251
person 0.1294 147 142 186 191
person 0.1098 240 196 368 446
person 0.1080 133 143 193 225
person 0.1004 234 154 267 218
person 0.0794 242 163 286 238
person 0.0712 264 161 352 349
person 0.0686 236 173 311 317
person 0.0596 299 228 371 484
person 0.0526 204 175 284 265
person 0.0490 110 140 135 183
person 0.0410 80 139 104 189
person 0.0389 248 153 279 220
person 0.0373 66 134 100 199
person 0.0373 149 150 237 217
person 0.0371 207 164 237 201
person 0.0347 320 147 385 434
person 0.0328 71 181 111 255
person 0.0315 193 164 225 201
person 0.0304 34 213 72 309
person 0.0278 90 137 125 195
person 0.0271 61 156 97 238
person 0.0259 273 207 313 310
person 0.0220 187 165 298 336
person 0.0209 356 214 375 420
person 0.0207 9 140 81 226
person 0.0171 157 171 200 234
person 0.0154 273 185 315 251
person 0.0152 82 130 103 168
person 0.0150 303 167 373 313
person 0.0150 176 166 241 309
person 0.0148 0 149 40 218
person 0.0144 164 144 194 181
person 0.0142 -8 141 88 298
person 0.0135 193 257 345 466
person 0.0134 149 189 226 288
person 0.0132 27 194 109 286
person 0.0114 209 141 279 222
person 0.0103 -1 144 48 283
person 0.0101 265 171 332 267
person 0.0097 113 138 152 191
person 0.0096 355 156 375 326
person 0.0094 67 155 91 209
person 0.0090 207 183 338 394
person 0.0090 291 170 361 267
person 0.0087 28 185 74 253
person 0.0084 97 131 121 168
person 0.0083 50 163 81 235
person 0.0077 56 205 142 289
person 0.0075 0 168 35 350
person 0.0074 11 242 67 408
person 0.0073 111 131 135 163
person 0.0071 120 145 148 179
person 0.0071 108 197 134 246
person 0.0067 16 156 50 213
person 0.0063 268 183 301 301
person 0.0060 183 164 209 199
person 0.0060 136 151 171 209
person 0.0059 111 151 133 207
person 0.0058 354 178 375 263
person 0.0055 357 195 375 243
person 0.0051 221 165 253 197
person 0.0050 182 147 206 181
person 0.0048 214 159 259 206
person 0.0047 113 170 160 234
person 0.0046 207 179 237 219
person 0.0043 214 172 260 226
person 0.0042 193 180 224 221
person 0.0042 261 171 302 237
person 0.0041 152 187 281 398
person 0.0041 179 169 213 232
person 0.0041 155 130 175 166
person 0.0039 0 154 19 288
person 0.0037 81 208 165 266
person 0.0036 140 146 167 179
person 0.0032 79 178 108 220
person 0.0032 -1 254 18 416
person 0.0032 78 119 106 179
person 0.0032 106 161 196 240
person 0.0031 201 173 243 260
person 0.0030 195 150 221 184
person 0.0030 228 187 273 292
person 0.0029 127 163 249 335
person 0.0028 56 174 75 222
person 0.0028 21 166 46 205
person 0.0027 248 189 283 290
person 0.0026 166 158 192 202
person 0.0026 183 182 206 219
person 0.0026 188 179 223 295
person 0.0025 0 138 14 187
person 0.0024 56 162 78 206
person 0.0024 0 104 17 222
person 0.0024 16 169 57 237
person 0.0024 123 131 146 164
person 0.0023 93 187 178 251
person 0.0023 80 198 104 239
person 0.0023 121 192 158 247
person 0.0023 93 121 126 176
person 0.0022 141 159 163 200
person 0.0022 340 165 370 275
person 0.0022 66 177 89 220
person 0.0021 359 174 374 227
person 0.0021 215 183 259 258
person 0.0021 305 170 344 237
person 0.0021 239 151 265 187
person 0.0021 280 186 309 223
person 0.0020 152 157 178 201
person 0.0020 62 198 101 278
person 0.0020 38 180 64 219
person 0.0020 31 156 69 213
person 0.0020 265 224 300 330
person 0.0019 12 164 126 327
person 0.0019 290 183 326 253
person 0.0019 13 192 130 459
person 0.0019 -17 108 58 326
person 0.0019 38 166 64 202
person 0.0018 4 163 34 202
person 0.0018 16 197 54 319
person 0.0018 169 130 189 168
person 0.0016 358 212 374 266
person 0.0016 0 119 14 165
person 0.0016 327 209 375 386
person 0.0016 25 223 101 334
person 0.0015 107 123 142 174
person 0.0015 0 228 44 406
person 0.0015 189 139 227 195
person 0.0013 96 157 119 201
person 0.0012 329 275 374 455
person 0.0012 293 194 322 322
person 0.0012 52 133 82 201
person 0.0011 359 288 375 346
person 0.0011 42 200 80 276
person 0.0011 253 230 311 362
person 0.0010 177 138 212 194
person 0.0010 37 199 64 238
person 0.0010 -10 114 46 232
pottedplant 0.0060 266 80 340 192
pottedplant 0.0034 241 37 364 233
pottedplant 0.0031 268 132 336 230
pottedplant 0.0019 295 124 368 229
pottedplant 0.0018 294 77 369 187
pottedplant 0.0017 176 91 211 160
pottedplant 0.0013 182 107 206 145
pottedplant 0.0011 167 81 192 169
