bird 0.0142 97 162 228 250
bird 0.0123 -1 17 390 407
bird 0.0064 84 128 244 299
bird 0.0059 94 136 235 213
bird 0.0023 101 22 284 249
bird 0.0023 57 118 210 383
bird 0.0011 77 155 176 247
cat 0.0014 155 353 351 519
cat 0.0014 64 361 145 449
chair 0.0010 104 158 284 414
diningtable 0.0032 15 227 373 500
person 0.2131 -4 86 392 412
person 0.0454 6 23 203 477
person 0.0095 -11 75 100 423
person 0.0039 73 170 435 479
person 0.0025 17 116 130 458
person 0.0022 57 -27 331 296
person 0.0020 -42 -16 133 440
person 0.0019 63 359 266 516
person 0.0016 -23 156 294 495
person 0.0016 99 136 290 358
person 0.0015 371 296 389 451
person 0.0014 201 53 426 445
person 0.0013 7 17 139 335
person 0.0013 0 194 19 400
person 0.0012 -10 -2 100 272
