boat 0.0014 197 88 350 333
bottle 0.0012 183 454 204 493
car 0.0012 173 236 214 288
car 0.0010 115 283 201 380
motorbike 0.0017 4 162 312 489
person 0.0192 312 331 334 373
person 0.0079 270 317 293 361
person 0.0050 280 323 307 355
person 0.0032 297 322 319 362
person 0.0025 317 326 355 379
person 0.0025 311 324 337 357
person 0.0024 7 110 137 391
person 0.0023 326 330 348 374
person 0.0019 253 320 281 358
person 0.0017 -12 -3 46 349
person 0.0017 -7 69 97 354
person 0.0010 -32 52 177 446
pottedplant 0.0341 263 393 347 502
pottedplant 0.0231 228 375 378 508
pottedplant 0.0152 297 384 368 500
pottedplant 0.0061 224 257 382 469
pottedplant 0.0054 180 315 367 496
pottedplant 0.0048 331 319 373 388
pottedplant 0.0042 56 405 142 494
pottedplant 0.0039 258 362 349 462
pottedplant 0.0034 116 399 200 487
pottedplant 0.0031 220 322 326 407
pottedplant 0.0026 43 317 215 490
pottedplant 0.0024 87 403 174 490
pottedplant 0.0022 123 352 195 460
pottedplant 0.0022 178 344 252 470
pottedplant 0.0022 147 316 285 498
pottedplant 0.0021 274 299 384 508
pottedplant 0.0020 149 311 225 420
pottedplant 0.0020 268 265 338 386
pottedplant 0.0017 48 445 153 510
pottedplant 0.0017 120 446 157 500
pottedplant 0.0017 207 311 282 412
pottedplant 0.0017 20 219 354 508
pottedplant 0.0017 149 353 226 460
pottedplant 0.0014 112 213 263 442
pottedplant 0.0014 238 277 312 384
pottedplant 0.0013 261 319 346 419
pottedplant 0.0012 175 306 255 423
pottedplant 0.0012 306 433 341 507
pottedplant 0.0011 298 268 366 385
pottedplant 0.0011 74 70 181 351
pottedplant 0.0011 29 360 172 527
pottedplant 0.0011 85 344 174 460
pottedplant 0.0010 191 301 225 372
pottedplant 0.0010 84 441 187 501
pottedplant 0.0010 248 155 358 423
tvmonitor 0.0024 -9 63 48 362
tvmonitor 0.0015 -2 135 45 305
