car 0.9327 40 246 277 416
car 0.0123 87 268 228 381
car 0.0075 39 242 392 484
car 0.0069 4 192 369 385
car 0.0038 118 271 314 444
car 0.0037 237 282 270 311
car 0.0021 243 285 286 346
car 0.0020 80 246 235 333
car 0.0019 249 283 282 309
car 0.0016 234 273 275 325
car 0.0010 201 245 286 344
motorbike 0.1910 301 260 363 377
motorbike 0.0622 334 244 375 404
motorbike 0.0519 212 275 346 444
motorbike 0.0200 259 300 341 410
motorbike 0.0116 239 308 318 426
motorbike 0.0091 298 284 376 423
motorbike 0.0052 277 242 341 389
motorbike 0.0020 321 228 393 418
person 0.4520 351 237 375 397
person 0.2823 282 246 304 344
person 0.2672 315 243 340 322
person 0.2145 319 255 350 337
person 0.0644 286 248 302 311
person 0.0599 327 251 346 303
person 0.0382 341 250 367 348
person 0.0294 343 246 364 278
person 0.0222 273 246 298 315
person 0.0210 357 256 374 299
person 0.0203 330 234 374 403
person 0.0173 345 252 386 423
person 0.0158 301 260 321 300
person 0.0141 312 248 366 349
person 0.0140 357 245 373 284
person 0.0105 326 266 346 322
person 0.0093 285 243 304 285
person 0.0090 269 251 319 380
person 0.0087 329 244 348 283
person 0.0084 274 243 290 285
person 0.0074 276 255 337 342
person 0.0069 152 262 179 291
person 0.0067 302 275 320 317
person 0.0063 316 243 334 281
person 0.0057 295 259 326 329
person 0.0057 139 260 163 293
person 0.0054 311 253 343 378
person 0.0044 109 260 136 292
person 0.0043 357 284 374 347
person 0.0042 320 272 356 399
person 0.0040 354 238 375 320
person 0.0040 122 263 152 292
person 0.0035 238 253 308 342
person 0.0026 212 260 235 292
person 0.0024 274 269 292 320
person 0.0023 162 266 197 289
person 0.0022 297 246 322 276
person 0.0020 345 269 363 323
person 0.0014 357 301 374 372
person 0.0013 324 231 352 297
person 0.0012 0 232 14 286
person 0.0012 299 244 348 319
person 0.0010 339 233 368 290
pottedplant 0.0011 219 107 256 187
