cat 0.3754 138 146 230 245
dog 0.4445 372 178 456 260
dog 0.3570 147 139 224 252
dog 0.0052 253 149 308 295
dog 0.0026 361 159 501 276
horse 0.2863 383 174 474 267
horse 0.0039 402 185 460 256
person 0.9556 248 19 336 296
person 0.6556 -8 28 57 284
person 0.1631 244 113 312 304
person 0.0261 208 42 314 276
person 0.0184 0 22 54 164
person 0.0136 175 30 401 287
person 0.0100 255 92 329 228
person 0.0087 5 26 89 239
person 0.0068 231 67 331 191
person 0.0063 -1 82 23 277
person 0.0062 -1 152 58 282
person 0.0049 0 30 30 183
person 0.0049 6 82 45 249
person 0.0030 264 21 379 240
person 0.0029 276 112 311 277
person 0.0023 239 32 325 153
person 0.0021 258 161 305 284
person 0.0015 284 104 317 226
person 0.0014 15 73 82 187
person 0.0014 405 180 454 241
person 0.0013 0 21 28 107
person 0.0012 257 128 299 233
person 0.0010 -1 181 20 292
sheep 0.0115 161 152 209 264
sheep 0.0044 384 174 440 248
sheep 0.0021 148 186 223 259
sheep 0.0013 178 153 226 262
