bus 0.0052 9 43 53 165
bus 0.0015 29 71 57 141
car 0.0061 13 94 53 157
car 0.0020 9 42 57 149
car 0.0019 33 105 56 140
car 0.0013 6 88 67 176
car 0.0013 29 90 59 153
car 0.0010 17 111 49 144
cow 0.4907 59 195 176 470
cow 0.0046 16 197 265 456
dog 0.0299 126 201 308 453
dog 0.0040 221 192 302 255
person 0.0012 34 87 53 125
sheep 0.6224 141 239 294 432
sheep 0.4168 17 241 105 474
sheep 0.1739 79 245 194 469
sheep 0.0831 68 210 159 289
sheep 0.0627 214 194 326 290
sheep 0.0318 52 186 174 406
sheep 0.0310 26 336 102 471
sheep 0.0308 214 180 331 396
sheep 0.0296 162 221 325 366
sheep 0.0230 167 212 267 289
sheep 0.0127 160 266 274 382
sheep 0.0124 32 214 95 297
sheep 0.0122 51 208 126 298
sheep 0.0110 138 190 296 321
sheep 0.0101 150 238 232 327
sheep 0.0095 170 246 264 330
sheep 0.0078 81 259 148 398
sheep 0.0067 118 218 268 375
sheep 0.0060 202 215 250 267
sheep 0.0059 14 253 66 407
sheep 0.0051 134 211 236 269
sheep 0.0047 260 214 326 361
sheep 0.0040 235 224 308 333
sheep 0.0037 105 296 172 436
sheep 0.0036 77 233 153 337
sheep 0.0034 176 300 257 433
sheep 0.0032 9 330 67 475
sheep 0.0031 173 173 261 260
sheep 0.0031 156 244 187 271
sheep 0.0030 5 197 70 298
sheep 0.0029 170 228 201 254
sheep 0.0028 137 214 179 263
sheep 0.0027 32 159 147 343
sheep 0.0026 59 143 324 434
sheep 0.0025 182 227 215 253
sheep 0.0021 33 253 84 403
sheep 0.0020 141 224 176 252
sheep 0.0020 230 199 273 248
sheep 0.0020 -9 169 86 423
sheep 0.0019 124 231 221 286
sheep 0.0016 156 227 188 252
sheep 0.0016 102 212 177 287
sheep 0.0016 178 217 219 264
sheep 0.0016 132 211 199 299
sheep 0.0014 47 230 284 496
sheep 0.0014 220 223 249 254
sheep 0.0013 1 310 32 439
sheep 0.0012 209 206 291 311
sheep 0.0012 105 231 174 344
sheep 0.0012 139 207 176 234
sheep 0.0011 100 213 142 273
sheep 0.0011 193 227 229 253
sheep 0.0011 208 225 241 257
sheep 0.0010 202 191 246 255
sheep 0.0010 126 313 207 423
sheep 0.0010 153 235 191 281
sheep 0.0010 30 183 110 257
sheep 0.0010 8 226 67 350
