bus 0.0021 5 9 107 75
bus 0.0017 -2 14 67 102
bus 0.0010 -1 23 21 92
car 0.8910 4 45 495 288
car 0.5623 439 93 495 150
car 0.0888 316 70 434 125
car 0.0794 398 88 505 149
car 0.0430 317 90 482 136
car 0.0418 323 74 392 115
car 0.0385 428 97 509 175
car 0.0170 164 74 413 260
car 0.0103 299 64 505 165
car 0.0101 53 42 161 98
car 0.0091 376 75 509 201
car 0.0081 450 105 489 138
car 0.0064 324 87 426 156
car 0.0060 61 36 188 80
car 0.0059 360 88 458 151
car 0.0053 312 72 364 115
car 0.0031 9 52 54 92
car 0.0027 468 87 502 156
car 0.0026 447 103 496 191
car 0.0025 214 0 265 13
car 0.0024 328 95 474 239
car 0.0022 0 93 20 125
car 0.0021 440 86 538 157
car 0.0021 44 22 225 166
car 0.0021 75 74 279 262
car 0.0020 369 113 494 181
car 0.0020 328 75 380 96
car 0.0019 96 52 326 178
car 0.0018 33 20 390 211
car 0.0018 399 125 492 201
car 0.0018 0 73 22 144
car 0.0017 1 79 21 110
car 0.0015 145 111 506 323
car 0.0015 69 48 138 91
car 0.0014 11 23 100 99
car 0.0013 354 121 452 209
car 0.0012 331 80 378 107
car 0.0012 427 105 485 159
car 0.0011 182 0 222 15
car 0.0011 90 40 157 76
car 0.0010 55 62 83 156
person 0.0268 17 65 38 95
person 0.0186 1 57 19 89
person 0.0162 386 83 437 137
person 0.0157 34 65 56 97
person 0.0103 2 65 22 97
person 0.0098 64 58 101 103
person 0.0076 14 58 43 88
person 0.0059 55 66 78 95
person 0.0055 69 66 96 97
person 0.0047 28 48 62 96
person 0.0027 476 83 498 111
person 0.0023 364 99 425 140
person 0.0019 476 94 498 123
person 0.0017 102 72 147 121
person 0.0016 52 47 84 94
person 0.0016 69 54 98 86
person 0.0014 0 61 24 130
person 0.0014 182 98 224 144
person 0.0014 476 69 499 99
person 0.0013 79 55 130 107
person 0.0012 251 -1 307 13
person 0.0012 129 82 159 109
person 0.0010 109 82 141 109
person 0.0010 111 69 136 96
person 0.0010 89 69 121 95
person 0.0010 61 31 108 85
pottedplant 0.0022 197 0 244 13
pottedplant 0.0019 476 30 498 56
train 0.0029 6 -4 88 97
tvmonitor 0.0058 445 61 505 106
tvmonitor 0.0034 327 6 457 84
tvmonitor 0.0024 305 0 500 130
tvmonitor 0.0021 311 34 420 98
tvmonitor 0.0021 438 54 508 139
tvmonitor 0.0011 347 34 458 98
tvmonitor 0.0011 348 60 452 130
