bottle 0.0235 239 0 279 59
bottle 0.0141 10 263 43 337
bottle 0.0049 248 -2 299 41
bottle 0.0030 230 1 324 62
bottle 0.0027 6 218 39 331
bottle 0.0023 1 235 27 340
bottle 0.0021 0 157 21 264
bottle 0.0019 241 -1 277 19
bottle 0.0019 244 2 275 35
bottle 0.0014 29 115 68 180
bottle 0.0013 252 204 293 270
bottle 0.0013 243 14 271 48
chair 0.0018 -10 130 66 355
chair 0.0012 327 -3 481 33
chair 0.0010 281 0 341 32
chair 0.0010 -1 128 112 306
dog 0.6266 180 9 472 323
dog 0.0090 277 25 450 255
dog 0.0069 231 80 421 302
dog 0.0015 178 51 327 282
person 0.0311 22 35 168 295
person 0.0296 3 10 419 322
person 0.0222 5 21 98 313
person 0.0190 -20 -31 214 313
person 0.0138 -13 5 66 275
person 0.0066 264 16 541 316
person 0.0042 257 -1 386 37
person 0.0038 220 0 433 132
person 0.0037 -6 99 63 333
person 0.0030 116 0 171 13
person 0.0023 169 -3 327 34
person 0.0018 98 29 248 251
person 0.0018 260 -7 411 19
person 0.0018 392 3 507 39
person 0.0018 320 47 479 286
person 0.0017 198 2 300 73
person 0.0017 224 2 350 69
person 0.0017 99 0 152 13
person 0.0016 117 -5 225 41
person 0.0016 303 -1 369 13
person 0.0015 0 111 23 233
person 0.0015 183 -11 320 137
person 0.0013 333 -1 493 41
person 0.0013 151 0 212 13
person 0.0012 50 94 221 289
person 0.0012 7 1 106 73
person 0.0011 -14 -5 134 138
person 0.0011 0 199 31 325
person 0.0011 78 -38 345 269
person 0.0011 76 0 134 13
