bus 0.0053 -1 70 23 148
car 0.9553 315 76 509 181
car 0.8795 25 77 396 297
car 0.0098 36 89 243 277
car 0.0093 352 105 468 199
car 0.0076 0 103 19 142
car 0.0072 472 98 501 175
car 0.0063 311 89 424 167
car 0.0056 0 120 20 150
car 0.0041 131 116 367 316
car 0.0039 -1 86 22 153
car 0.0035 8 90 105 175
car 0.0032 263 52 544 207
car 0.0030 399 84 499 165
car 0.0023 472 80 503 136
car 0.0020 476 90 500 125
car 0.0020 475 106 500 139
car 0.0018 182 82 394 242
car 0.0018 315 120 423 193
car 0.0015 443 86 496 126
car 0.0015 0 177 23 212
car 0.0015 12 109 40 138
car 0.0014 129 43 522 273
car 0.0012 -8 67 129 199
car 0.0010 0 134 26 225
person 0.0184 418 92 445 120
person 0.0133 436 93 469 120
person 0.0040 398 93 428 120
person 0.0035 265 92 287 126
person 0.0033 429 87 479 128
person 0.0029 -1 102 22 200
person 0.0026 412 86 453 127
person 0.0025 67 95 101 151
person 0.0019 73 105 97 141
person 0.0019 0 47 22 144
person 0.0017 71 96 102 121
person 0.0017 267 107 290 136
person 0.0015 304 111 332 138
person 0.0015 394 109 431 133
person 0.0014 378 83 410 107
person 0.0012 259 83 290 135
pottedplant 0.0011 4 7 47 124
