car 0.6955 88 83 410 299
car 0.0488 268 69 294 90
car 0.0488 160 91 330 143
car 0.0246 130 146 367 282
car 0.0056 145 71 349 216
car 0.0019 165 93 239 122
car 0.0013 264 63 301 96
chair 0.0066 -1 296 118 333
chair 0.0030 0 149 28 245
chair 0.0016 4 261 101 335
chair 0.0011 -19 46 57 135
person 0.0020 280 67 308 92
person 0.0014 136 118 155 146
person 0.0010 31 318 104 332
pottedplant 0.0030 137 85 186 132
pottedplant 0.0029 389 -1 442 35
pottedplant 0.0026 138 29 227 110
pottedplant 0.0024 121 39 205 128
pottedplant 0.0023 275 19 313 96
pottedplant 0.0016 377 -1 416 40
pottedplant 0.0013 377 0 413 17
pottedplant 0.0011 139 51 187 116
