bicycle 0.0630 312 125 490 311
bicycle 0.0025 345 202 466 286
bicycle 0.0011 263 179 465 296
chair 0.0075 86 111 259 274
chair 0.0029 414 143 485 251
chair 0.0025 397 160 468 267
chair 0.0017 451 154 488 240
chair 0.0016 378 148 452 245
chair 0.0015 112 47 231 86
chair 0.0014 399 195 478 293
horse 0.6444 88 77 488 305
horse 0.0705 217 140 439 291
horse 0.0208 130 108 370 284
horse 0.0193 30 34 317 298
horse 0.0116 72 47 209 231
person 0.6265 401 98 496 235
person 0.1380 410 102 482 187
person 0.0239 329 112 475 280
person 0.0229 391 117 476 310
person 0.0062 336 115 409 203
person 0.0058 95 39 238 200
person 0.0058 68 28 431 252
person 0.0036 353 121 455 209
person 0.0029 298 101 435 239
person 0.0022 344 119 405 153
person 0.0020 451 102 484 242
person 0.0018 428 120 508 208
person 0.0017 354 112 453 171
person 0.0013 200 92 528 292
person 0.0011 312 121 418 172
person 0.0011 370 143 414 199
person 0.0010 420 110 520 273
pottedplant 0.0031 477 120 501 225
pottedplant 0.0014 373 124 409 143
