horse 0.8081 298 120 438 274
horse 0.5734 197 99 250 214
horse 0.0687 177 77 262 203
horse 0.0415 208 89 269 193
horse 0.0171 356 134 433 250
horse 0.0035 188 113 223 202
horse 0.0025 237 91 492 291
horse 0.0022 153 109 255 183
horse 0.0022 390 144 435 252
horse 0.0016 188 94 301 225
person 0.7588 362 81 426 199
person 0.2732 207 81 242 163
person 0.0647 331 75 417 217
person 0.0260 389 82 433 210
person 0.0093 211 89 237 126
person 0.0074 366 78 415 138
person 0.0034 374 72 447 171
person 0.0034 360 74 394 191
person 0.0021 340 73 409 160
person 0.0019 211 100 234 141
person 0.0019 203 73 271 174
person 0.0019 185 76 253 143
person 0.0017 377 104 413 213
person 0.0013 311 103 395 191
person 0.0011 363 71 396 123
