bottle 0.0069 100 198 143 277
bottle 0.0066 126 188 162 261
bottle 0.0015 29 127 153 310
bottle 0.0012 106 182 181 267
bottle 0.0012 61 192 139 295
chair 0.0171 376 296 490 333
chair 0.0166 -3 42 130 238
chair 0.0023 8 117 100 213
chair 0.0021 10 96 113 183
chair 0.0017 -1 93 25 149
chair 0.0010 335 310 490 336
person 0.6274 58 -2 441 337
person 0.1172 222 10 507 323
person 0.0193 325 60 484 325
person 0.0184 12 4 257 328
person 0.0062 184 33 392 249
person 0.0052 87 54 260 280
person 0.0032 115 -38 460 220
person 0.0023 2 7 109 180
person 0.0011 -1 45 23 145
person 0.0010 -15 89 70 293
