bottle 0.0293 181 18 396 161
bottle 0.0011 234 51 342 128
bus 0.0325 139 12 437 269
car 0.0034 42 3 456 227
chair 0.0026 0 273 54 328
chair 0.0025 -1 236 21 338
chair 0.0012 199 207 302 275
chair 0.0010 144 201 357 334
diningtable 0.0043 130 -13 446 192
diningtable 0.0014 26 169 472 365
person 0.0161 477 59 501 133
person 0.0070 482 63 499 105
person 0.0015 -1 220 20 329
person 0.0011 456 47 495 119
pottedplant 0.0023 479 32 501 112
pottedplant 0.0018 481 54 499 89
tvmonitor 0.0175 186 24 391 204
tvmonitor 0.0158 14 95 102 188
tvmonitor 0.0033 10 83 112 144
tvmonitor 0.0029 -18 84 137 247
tvmonitor 0.0019 316 40 490 188
tvmonitor 0.0014 9 58 105 123
tvmonitor 0.0012 353 75 455 152
tvmonitor 0.0011 -8 47 135 186
