cat 0.6834 177 153 309 325
cat 0.0088 82 85 340 343
cat 0.0050 151 78 289 305
cat 0.0027 205 123 352 312
cat 0.0013 300 304 450 364
cat 0.0011 174 153 261 278
chair 0.0013 344 32 406 180
person 0.0103 15 52 53 190
person 0.0079 344 48 458 322
person 0.0067 7 32 102 280
person 0.0035 167 57 230 184
person 0.0025 -1 54 22 216
person 0.0022 23 57 61 156
person 0.0022 329 26 419 285
person 0.0019 26 49 166 263
person 0.0016 186 63 211 95
person 0.0012 288 109 443 317
person 0.0012 -8 110 128 316
person 0.0011 376 64 502 306
person 0.0011 288 298 442 364
person 0.0010 239 33 490 337
person 0.0010 -30 52 75 259
pottedplant 0.0141 344 285 462 368
pottedplant 0.0010 349 271 517 384
