bottle 0.0017 237 47 287 94
bottle 0.0013 376 267 413 331
car 0.0057 -37 3 230 277
car 0.0044 9 21 179 210
car 0.0011 0 48 26 142
chair 0.0015 443 74 515 156
chair 0.0012 474 80 499 187
chair 0.0010 296 269 414 330
person 0.4073 241 12 488 321
person 0.0822 195 39 323 249
person 0.0404 108 11 392 321
person 0.0217 380 75 502 309
person 0.0144 408 263 498 334
person 0.0039 230 36 424 244
person 0.0037 139 36 289 243
person 0.0033 310 153 495 329
person 0.0026 199 88 371 292
person 0.0020 0 87 24 155
person 0.0020 -7 28 276 303
person 0.0017 320 54 563 329
person 0.0015 476 255 500 319
person 0.0014 433 141 522 343
person 0.0012 -1 79 23 215
person 0.0012 478 171 502 301
person 0.0011 2 94 116 287
person 0.0010 421 94 538 290
person 0.0010 306 21 499 213
pottedplant 0.0039 36 227 134 276
pottedplant 0.0038 56 232 120 269
tvmonitor 0.0024 2 0 188 179
tvmonitor 0.0023 0 218 25 330
