car 0.0063 184 0 258 12
car 0.0045 249 0 306 12
car 0.0040 229 0 288 12
chair 0.0587 112 90 310 298
chair 0.0151 61 108 215 273
chair 0.0100 99 122 179 206
chair 0.0085 133 38 286 242
chair 0.0079 162 158 329 318
chair 0.0054 239 115 338 322
chair 0.0028 90 72 191 214
chair 0.0026 82 150 185 230
chair 0.0026 109 180 240 254
chair 0.0023 209 142 290 239
chair 0.0018 251 161 316 270
chair 0.0017 80 166 265 315
chair 0.0011 8 143 184 289
chair 0.0011 203 173 298 261
diningtable 0.0382 58 107 362 325
diningtable 0.0017 78 12 343 267
person 0.0024 44 26 301 306
person 0.0014 92 2 407 279
tvmonitor 0.8160 163 51 254 135
tvmonitor 0.0542 168 68 233 122
tvmonitor 0.0192 146 49 218 127
tvmonitor 0.0109 150 26 263 199
tvmonitor 0.0017 190 59 246 109
tvmonitor 0.0012 178 82 224 107
