bottle 0.0104 323 59 349 110
car 0.0041 98 129 142 168
car 0.0013 94 131 123 158
chair 0.0011 215 200 368 341
person 0.0053 170 144 190 176
person 0.0018 381 150 441 170
person 0.0011 35 223 67 279
pottedplant 0.0190 3 64 102 275
pottedplant 0.0172 160 151 196 221
pottedplant 0.0144 -1 152 29 245
pottedplant 0.0136 26 114 163 273
pottedplant 0.0136 102 103 138 168
pottedplant 0.0107 20 139 92 246
pottedplant 0.0098 89 148 180 235
pottedplant 0.0047 53 148 138 237
pottedplant 0.0042 -8 143 59 240
pottedplant 0.0041 66 91 200 246
pottedplant 0.0036 20 48 171 233
pottedplant 0.0033 29 175 69 275
pottedplant 0.0032 -27 79 66 259
pottedplant 0.0024 121 172 163 225
pottedplant 0.0023 133 154 214 230
pottedplant 0.0021 150 145 185 228
pottedplant 0.0021 17 92 93 192
pottedplant 0.0018 302 173 328 198
pottedplant 0.0018 120 103 164 167
pottedplant 0.0017 0 129 24 218
pottedplant 0.0017 -21 93 58 189
pottedplant 0.0015 165 182 198 213
pottedplant 0.0014 110 116 132 155
pottedplant 0.0012 2 171 48 253
pottedplant 0.0012 94 75 156 171
pottedplant 0.0012 -21 177 61 261
pottedplant 0.0012 99 189 151 236
pottedplant 0.0012 98 140 145 176
pottedplant 0.0012 -38 44 231 289
pottedplant 0.0010 91 106 179 180
pottedplant 0.0010 51 99 140 181
train 0.7381 211 139 288 232
train 0.0214 185 132 264 217
train 0.0027 195 123 317 203
train 0.0020 204 103 364 236
train 0.0019 236 150 278 221
train 0.0011 201 150 243 221
train 0.0011 153 100 280 239
train 0.0011 233 151 328 226
