boat 0.0033 0 184 36 257
boat 0.0021 2 206 34 235
boat 0.0012 5 206 71 303
boat 0.0011 34 215 80 266
bottle 0.0367 33 297 61 373
bottle 0.0305 43 314 66 390
bottle 0.0176 0 243 14 390
bottle 0.0137 5 254 30 384
bottle 0.0096 87 311 104 358
bottle 0.0055 84 282 109 353
bottle 0.0035 38 305 53 368
bottle 0.0030 47 313 64 361
bottle 0.0030 11 281 79 389
bottle 0.0029 84 231 104 368
bottle 0.0029 106 274 133 365
bottle 0.0028 3 171 79 405
bottle 0.0018 87 296 104 342
bottle 0.0016 0 228 40 370
bottle 0.0015 242 241 262 357
bottle 0.0010 36 295 54 339
chair 0.0363 264 275 334 398
chair 0.0164 249 246 340 482
chair 0.0100 262 146 327 433
chair 0.0088 58 374 123 500
chair 0.0083 -3 311 123 486
chair 0.0050 27 381 99 498
chair 0.0039 1 385 70 488
chair 0.0038 30 361 151 513
chair 0.0029 110 233 168 352
chair 0.0024 77 383 151 495
chair 0.0022 -6 226 87 499
chair 0.0018 267 213 321 369
chair 0.0018 251 67 337 357
chair 0.0011 -22 346 97 519
chair 0.0011 56 365 225 519
diningtable 0.0050 2 352 122 513
diningtable 0.0031 -8 272 97 364
person 0.9032 165 104 258 467
person 0.0125 130 59 304 443
person 0.0045 55 161 277 489
person 0.0020 222 100 315 402
person 0.0016 256 445 331 513
person 0.0010 173 210 255 362
person 0.0010 -1 298 15 451
tvmonitor 0.0760 99 230 171 289
tvmonitor 0.0083 7 241 74 343
tvmonitor 0.0029 78 98 203 323
tvmonitor 0.0020 26 268 87 374
tvmonitor 0.0018 59 234 118 351
tvmonitor 0.0015 -6 231 87 429
tvmonitor 0.0014 43 242 73 270
tvmonitor 0.0014 105 165 175 268
tvmonitor 0.0014 1 215 31 305
tvmonitor 0.0013 114 245 153 274
