bottle 0.0188 134 141 163 205
bottle 0.0046 137 153 156 194
bottle 0.0010 137 141 155 179
chair 0.6707 29 207 106 317
chair 0.6274 130 212 209 326
chair 0.4081 57 204 128 327
chair 0.3041 365 235 513 344
chair 0.1296 92 211 178 320
chair 0.1247 -3 209 64 325
chair 0.1037 164 202 206 323
chair 0.0392 15 191 82 305
chair 0.0304 0 239 93 334
chair 0.0272 63 198 150 275
chair 0.0234 161 188 203 262
chair 0.0159 -1 199 31 325
chair 0.0154 344 262 485 325
chair 0.0102 356 234 462 312
chair 0.0100 140 197 185 301
chair 0.0086 67 178 107 271
chair 0.0083 106 189 178 284
chair 0.0074 432 234 504 318
chair 0.0073 4 163 44 259
chair 0.0068 0 240 46 333
chair 0.0064 0 170 26 279
chair 0.0059 153 180 214 295
chair 0.0045 124 193 160 254
chair 0.0043 102 198 151 247
chair 0.0042 31 213 70 313
chair 0.0041 28 177 66 247
chair 0.0039 20 176 94 266
chair 0.0038 -1 261 29 336
chair 0.0036 40 189 88 233
chair 0.0033 68 197 101 220
chair 0.0033 -19 187 39 312
chair 0.0030 -2 169 62 279
chair 0.0028 122 221 167 329
chair 0.0026 -9 113 66 322
chair 0.0026 41 186 88 288
chair 0.0022 83 193 166 254
chair 0.0022 62 191 108 231
chair 0.0020 443 260 497 312
chair 0.0020 350 289 398 334
chair 0.0019 0 288 54 333
chair 0.0018 16 230 173 340
chair 0.0018 105 206 147 319
chair 0.0017 4 148 113 296
chair 0.0015 473 241 500 311
chair 0.0015 82 201 124 298
chair 0.0015 50 197 81 223
chair 0.0014 351 291 482 332
chair 0.0014 144 188 176 257
chair 0.0012 93 196 123 221
chair 0.0011 112 208 140 235
chair 0.0010 163 218 239 318
chair 0.0010 178 195 217 303
chair 0.0010 442 293 501 332
chair 0.0010 150 195 172 228
chair 0.0010 130 207 157 236
diningtable 0.4645 56 188 215 307
diningtable 0.0075 75 203 171 270
diningtable 0.0056 -29 159 298 326
pottedplant 0.1725 109 175 144 223
pottedplant 0.1083 366 229 416 266
pottedplant 0.0936 124 166 159 230
pottedplant 0.0642 360 206 438 281
pottedplant 0.0552 374 235 409 261
pottedplant 0.0195 122 89 173 126
pottedplant 0.0191 145 93 175 117
pottedplant 0.0165 127 96 165 119
pottedplant 0.0119 96 157 182 227
pottedplant 0.0100 129 198 160 225
pottedplant 0.0085 134 166 156 201
pottedplant 0.0048 95 122 171 213
pottedplant 0.0041 130 179 156 217
pottedplant 0.0034 345 190 464 303
pottedplant 0.0032 141 151 174 220
pottedplant 0.0030 114 170 136 205
pottedplant 0.0028 104 99 177 184
pottedplant 0.0027 376 223 411 252
pottedplant 0.0027 119 94 168 147
pottedplant 0.0023 361 236 392 263
pottedplant 0.0022 380 246 403 272
pottedplant 0.0022 389 206 426 266
pottedplant 0.0017 150 144 171 176
pottedplant 0.0015 318 209 414 279
pottedplant 0.0012 72 128 196 259
pottedplant 0.0011 318 236 412 303
pottedplant 0.0010 144 134 173 186
pottedplant 0.0010 377 201 419 249
pottedplant 0.0010 131 138 159 160
sofa 0.0203 375 288 503 336
sofa 0.0012 352 264 521 373
