boat 0.1051 161 171 200 246
boat 0.0377 66 199 107 219
boat 0.0321 167 211 193 240
boat 0.0179 368 213 421 230
boat 0.0165 167 225 194 246
boat 0.0150 148 165 215 252
boat 0.0143 167 192 196 226
boat 0.0094 383 213 441 230
boat 0.0084 353 202 397 220
boat 0.0081 142 166 188 225
boat 0.0066 145 196 184 218
boat 0.0062 160 140 208 220
boat 0.0052 334 211 376 230
boat 0.0048 61 192 113 226
boat 0.0047 352 211 400 229
boat 0.0036 353 189 455 244
boat 0.0033 365 202 422 219
boat 0.0030 100 197 148 218
boat 0.0027 47 182 146 247
boat 0.0025 168 178 197 213
boat 0.0022 406 201 456 220
boat 0.0022 322 204 462 237
boat 0.0021 387 201 439 220
boat 0.0019 44 201 94 218
boat 0.0019 402 215 459 231
boat 0.0018 149 179 179 212
boat 0.0018 79 200 128 218
boat 0.0017 64 182 185 234
boat 0.0017 21 199 72 216
boat 0.0017 7 182 105 248
boat 0.0015 152 223 181 247
boat 0.0015 119 154 225 222
boat 0.0014 362 190 504 229
boat 0.0013 286 199 424 247
boat 0.0013 364 205 425 235
boat 0.0013 124 197 165 220
boat 0.0013 335 200 375 220
boat 0.0012 395 182 489 254
boat 0.0012 44 154 149 222
boat 0.0011 113 180 213 236
boat 0.0011 95 188 154 227
boat 0.0011 122 127 222 194
person 0.0737 397 174 499 382
person 0.0260 434 200 510 394
person 0.0050 476 211 499 379
person 0.0046 422 237 489 381
person 0.0016 439 270 503 382
person 0.0012 323 222 493 380
