bottle 0.0067 172 45 198 122
bottle 0.0044 184 43 213 123
bottle 0.0027 169 0 203 115
person 0.7778 378 216 415 305
person 0.1781 451 200 482 275
person 0.0620 91 199 113 228
person 0.0542 441 205 467 291
person 0.0424 392 199 424 299
person 0.0338 383 197 414 278
person 0.0273 477 194 499 279
person 0.0153 457 207 482 237
person 0.0124 455 218 479 252
person 0.0100 479 206 498 241
person 0.0093 366 194 427 296
person 0.0067 76 202 103 226
person 0.0063 444 216 465 256
person 0.0058 477 196 498 229
person 0.0044 481 213 498 259
person 0.0036 471 182 500 241
person 0.0034 417 213 452 284
person 0.0033 444 210 465 239
person 0.0033 459 202 487 226
person 0.0032 387 205 409 242
person 0.0029 382 239 408 285
person 0.0027 87 206 116 233
person 0.0022 393 195 424 253
person 0.0021 399 206 421 238
person 0.0021 440 194 497 301
person 0.0019 450 191 497 235
person 0.0015 192 195 210 229
person 0.0013 385 197 409 226
person 0.0013 324 161 349 187
person 0.0013 343 175 450 313
person 0.0012 320 158 352 210
person 0.0012 405 204 482 281
person 0.0012 362 210 394 291
person 0.0010 246 160 271 181
person 0.0010 0 278 25 346
train 0.0869 173 120 480 314
train 0.0188 212 190 270 229
train 0.0030 185 148 394 286
train 0.0020 247 190 406 253
train 0.0014 194 187 303 248
tvmonitor 0.0012 201 152 236 174
