aeroplane 0.0030 73 -5 426 264
bird 0.0020 339 -2 488 47
bottle 0.0041 265 276 290 349
chair 0.2712 410 285 492 372
chair 0.0639 426 252 508 369
chair 0.0510 402 156 502 384
chair 0.0171 0 256 90 363
chair 0.0103 5 325 91 376
chair 0.0097 437 202 503 341
chair 0.0063 472 251 499 366
chair 0.0051 -5 301 67 375
chair 0.0039 349 296 462 368
chair 0.0028 1 234 29 296
chair 0.0025 390 255 480 367
chair 0.0025 404 329 456 373
chair 0.0021 2 247 23 287
chair 0.0020 406 232 496 331
chair 0.0019 60 161 141 268
chair 0.0019 392 326 496 381
chair 0.0018 -4 326 30 374
chair 0.0018 445 338 494 373
chair 0.0017 447 296 497 380
chair 0.0016 449 254 497 339
chair 0.0016 477 293 500 381
chair 0.0016 0 263 24 293
chair 0.0015 354 263 457 345
chair 0.0014 324 186 484 360
chair 0.0012 0 306 133 374
chair 0.0012 423 269 478 354
chair 0.0012 307 294 423 367
chair 0.0011 451 171 496 301
chair 0.0011 435 171 466 298
chair 0.0011 321 320 346 350
person 0.0915 265 287 288 358
person 0.0425 92 151 116 182
person 0.0136 60 164 106 219
person 0.0090 450 353 492 375
person 0.0056 81 155 120 207
person 0.0044 473 342 501 370
person 0.0039 60 151 141 234
person 0.0034 247 194 271 229
person 0.0031 345 120 370 149
person 0.0031 249 288 275 359
person 0.0025 452 342 489 370
person 0.0020 148 153 176 178
person 0.0020 333 -3 476 42
person 0.0019 270 285 286 337
person 0.0013 280 291 312 355
person 0.0010 264 197 291 225
pottedplant 0.0661 439 157 470 231
pottedplant 0.0383 445 162 490 226
pottedplant 0.0180 436 154 505 278
pottedplant 0.0126 75 328 130 377
pottedplant 0.0085 441 165 468 197
pottedplant 0.0053 415 153 486 236
pottedplant 0.0048 441 172 464 213
pottedplant 0.0042 455 176 482 209
pottedplant 0.0042 452 164 482 194
pottedplant 0.0034 438 171 468 274
pottedplant 0.0030 0 217 24 287
pottedplant 0.0030 58 -3 207 39
pottedplant 0.0021 1 232 21 270
pottedplant 0.0018 55 207 87 267
pottedplant 0.0018 68 317 113 364
pottedplant 0.0016 440 188 466 226
pottedplant 0.0016 436 141 503 223
pottedplant 0.0015 115 -4 231 42
pottedplant 0.0014 429 101 532 281
pottedplant 0.0011 0 223 55 281
pottedplant 0.0010 87 324 120 356
train 0.3807 273 152 457 295
train 0.0257 232 156 355 214
train 0.0214 70 127 272 252
train 0.0213 34 94 464 278
train 0.0113 234 129 495 360
train 0.0096 113 126 384 244
train 0.0093 307 162 429 265
train 0.0061 69 154 176 234
train 0.0053 149 145 264 229
train 0.0049 117 145 229 240
train 0.0024 219 124 438 257
train 0.0023 179 153 321 229
train 0.0019 2 125 420 364
train 0.0018 310 199 415 296
train 0.0010 235 127 341 201
tvmonitor 0.0026 251 155 308 206
