aeroplane 0.3921 297 113 374 148
aeroplane 0.3127 164 131 263 175
aeroplane 0.2711 183 130 253 162
aeroplane 0.2192 99 148 178 222
aeroplane 0.1852 83 152 167 190
aeroplane 0.0821 96 160 152 179
aeroplane 0.0667 73 141 177 178
aeroplane 0.0385 194 143 247 165
aeroplane 0.0374 92 151 156 170
aeroplane 0.0373 200 126 378 166
aeroplane 0.0344 302 124 370 158
aeroplane 0.0306 333 118 371 146
aeroplane 0.0163 180 135 227 156
aeroplane 0.0077 123 152 167 169
aeroplane 0.0075 293 122 344 145
aeroplane 0.0070 122 158 167 179
aeroplane 0.0063 211 109 380 155
aeroplane 0.0059 269 117 370 165
aeroplane 0.0055 107 117 256 172
aeroplane 0.0045 263 93 373 144
aeroplane 0.0039 186 131 331 180
aeroplane 0.0032 77 131 203 233
aeroplane 0.0030 181 146 226 165
aeroplane 0.0030 111 74 464 282
aeroplane 0.0026 207 181 370 233
aeroplane 0.0025 297 103 433 154
aeroplane 0.0024 140 150 179 170
aeroplane 0.0023 218 134 254 158
aeroplane 0.0022 292 132 341 151
aeroplane 0.0019 87 137 237 183
aeroplane 0.0018 140 101 288 204
aeroplane 0.0017 59 177 159 221
aeroplane 0.0015 78 145 139 176
aeroplane 0.0015 251 76 418 179
aeroplane 0.0014 219 145 256 165
aeroplane 0.0014 145 149 273 209
aeroplane 0.0014 164 135 201 155
aeroplane 0.0014 172 139 239 171
aeroplane 0.0014 163 149 201 168
aeroplane 0.0013 250 130 382 182
aeroplane 0.0012 173 103 402 194
boat 0.4013 87 172 164 225
boat 0.0176 92 191 156 208
boat 0.0039 133 178 290 222
boat 0.0027 91 201 155 222
