bottle 0.0043 155 4 202 55
bottle 0.0025 417 -2 452 15
car 0.0020 174 4 301 35
cat 0.0724 144 244 435 344
cat 0.0060 179 39 400 242
cat 0.0049 269 255 457 336
cat 0.0015 180 228 549 360
cat 0.0012 210 253 365 337
chair 0.0041 442 111 503 219
chair 0.0037 439 72 499 171
chair 0.0027 426 51 520 232
chair 0.0012 4 19 42 146
dog 0.0932 150 22 502 257
dog 0.0045 219 42 433 234
horse 0.1036 166 -6 486 236
person 0.3879 9 9 259 323
person 0.0704 149 -13 428 244
person 0.0117 45 8 218 219
person 0.0116 164 9 331 62
person 0.0090 1 1 43 112
person 0.0063 53 91 211 293
person 0.0059 -6 51 123 283
person 0.0035 70 0 198 65
person 0.0034 102 43 235 238
person 0.0024 -19 32 63 249
person 0.0020 148 0 276 36
person 0.0018 44 -2 223 91
person 0.0018 151 32 352 197
person 0.0016 -58 20 174 312
person 0.0016 0 15 29 149
person 0.0012 132 10 291 172
person 0.0012 158 0 206 17
person 0.0012 133 3 232 57
person 0.0010 118 1 312 88
person 0.0010 153 0 208 40
person 0.0010 -14 -14 68 143
pottedplant 0.0011 475 53 498 82
tvmonitor 0.0013 407 2 495 84
tvmonitor 0.0010 425 0 471 14
