bottle 0.0030 193 175 238 242
bottle 0.0013 187 5 214 34
chair 0.0017 186 1 293 99
chair 0.0017 240 2 355 68
chair 0.0014 207 -3 311 47
chair 0.0013 230 0 288 40
dog 0.3374 198 26 454 348
dog 0.0861 232 49 420 219
dog 0.0015 266 24 463 181
dog 0.0010 265 116 461 316
person 0.4621 31 12 391 361
person 0.0452 86 30 260 339
person 0.0204 -9 17 202 357
person 0.0156 1 26 123 291
person 0.0071 80 105 495 382
person 0.0034 -1 214 21 375
person 0.0034 -25 -5 295 266
person 0.0028 150 72 351 302
person 0.0026 0 28 20 186
person 0.0019 19 -1 171 204
person 0.0011 7 197 415 405
person 0.0010 46 32 223 227
pottedplant 0.0011 212 94 269 146
tvmonitor 0.0015 255 0 303 20
