boat 0.0019 71 95 216 147
bottle 0.0028 63 99 105 139
bottle 0.0027 70 107 98 134
car 0.6685 64 111 511 273
car 0.0555 452 97 499 144
car 0.0084 445 143 500 201
car 0.0069 96 128 335 261
car 0.0056 150 102 209 135
car 0.0051 366 138 499 207
car 0.0046 361 126 509 268
car 0.0030 184 145 471 291
car 0.0029 438 141 500 244
car 0.0028 161 102 204 120
car 0.0027 438 109 519 176
car 0.0023 393 112 490 171
car 0.0014 473 206 500 268
car 0.0014 469 100 501 162
car 0.0012 477 222 500 252
car 0.0012 320 107 428 160
car 0.0011 6 39 417 294
car 0.0010 346 156 461 230
person 0.0092 201 150 242 193
person 0.0037 206 149 236 176
person 0.0036 225 148 253 172
person 0.0014 468 138 504 206
person 0.0013 265 159 292 185
person 0.0013 1 40 17 73
person 0.0010 219 137 258 185
tvmonitor 0.0014 95 142 157 180
