bicycle 0.0023 203 260 233 306
bicycle 0.0020 173 241 267 300
boat 0.0081 145 113 266 304
boat 0.0054 103 95 238 269
boat 0.0023 169 202 243 281
boat 0.0022 165 166 252 257
boat 0.0012 130 164 215 258
person 0.6408 204 234 236 287
person 0.2109 211 248 229 295
person 0.0253 210 233 235 263
person 0.0199 207 269 229 298
person 0.0069 166 228 242 291
person 0.0048 168 250 203 271
person 0.0044 222 247 251 272
person 0.0023 225 230 249 258
person 0.0018 184 246 223 268
person 0.0014 346 37 460 108
person 0.0013 176 240 234 279
person 0.0011 203 220 238 242
person 0.0011 169 257 199 281
pottedplant 0.0024 225 214 250 244
pottedplant 0.0012 220 204 253 255
sheep 0.2209 16 275 47 305
sheep 0.1619 31 276 56 305
sheep 0.0397 22 271 61 309
sheep 0.0105 9 275 56 318
sheep 0.0024 -14 265 73 311
sheep 0.0016 357 76 390 102
