bottle 0.0876 146 198 178 248
bottle 0.0309 167 198 199 245
bottle 0.0191 131 198 166 249
bottle 0.0113 186 210 212 242
bottle 0.0087 191 219 212 249
bottle 0.0071 210 218 230 254
bottle 0.0065 172 219 195 251
bottle 0.0037 152 192 172 231
bottle 0.0029 90 192 128 306
bottle 0.0026 88 129 171 217
bottle 0.0022 138 9 181 58
bottle 0.0021 205 164 236 258
bottle 0.0021 152 217 175 252
bottle 0.0018 178 176 220 246
bottle 0.0018 197 203 238 245
bottle 0.0016 205 211 232 241
bottle 0.0014 148 197 179 300
bottle 0.0012 103 105 139 162
bottle 0.0012 279 151 314 218
bottle 0.0011 134 192 157 231
bottle 0.0011 71 243 100 306
car 0.0119 99 -6 252 136
car 0.0062 140 4 176 83
car 0.0034 124 0 219 76
car 0.0014 160 10 261 70
car 0.0012 145 8 175 32
chair 0.0015 204 199 367 334
chair 0.0011 54 215 137 319
diningtable 0.0121 63 205 280 332
diningtable 0.0024 110 146 313 340
diningtable 0.0018 105 257 234 328
diningtable 0.0018 229 205 421 335
diningtable 0.0014 150 180 502 355
diningtable 0.0011 37 180 384 354
diningtable 0.0010 72 234 196 306
person 0.3891 281 27 448 305
person 0.3645 2 25 114 312
person 0.2562 200 67 302 215
person 0.1578 221 51 350 276
person 0.0516 90 141 161 238
person 0.0504 51 93 147 296
person 0.0292 69 127 188 309
person 0.0273 -8 42 72 289
person 0.0262 245 64 318 164
person 0.0250 436 21 509 260
person 0.0186 204 103 304 324
person 0.0171 66 139 141 247
person 0.0169 392 44 502 238
person 0.0164 147 103 281 278
person 0.0147 170 57 406 327
person 0.0144 215 97 281 235
person 0.0127 315 132 485 302
person 0.0123 258 37 393 242
person 0.0116 25 40 149 242
person 0.0090 277 63 316 129
person 0.0068 251 120 405 312
person 0.0066 432 145 462 300
person 0.0061 -27 104 296 330
person 0.0060 -43 38 159 345
person 0.0058 253 79 295 164
person 0.0057 97 82 253 250
person 0.0047 2 -4 121 185
person 0.0046 58 35 211 200
person 0.0043 460 66 493 201
person 0.0040 128 49 296 185
person 0.0032 262 81 303 212
person 0.0031 71 150 105 220
person 0.0025 203 142 368 342
person 0.0024 198 57 301 124
person 0.0024 145 133 222 238
person 0.0023 68 81 114 187
person 0.0023 175 144 250 243
person 0.0023 88 153 131 244
person 0.0022 278 58 319 186
person 0.0022 207 66 276 176
person 0.0021 431 167 464 233
person 0.0021 96 163 145 257
person 0.0018 82 104 132 164
person 0.0018 65 88 356 296
person 0.0017 178 145 223 225
person 0.0017 186 107 259 211
person 0.0016 329 41 470 236
person 0.0016 66 62 144 156
person 0.0016 255 67 297 124
person 0.0016 470 143 500 302
person 0.0016 206 133 243 237
person 0.0014 263 96 330 225
person 0.0014 53 105 121 214
person 0.0013 83 174 163 271
person 0.0013 390 122 494 312
person 0.0013 471 40 499 202
person 0.0012 207 162 296 265
person 0.0012 281 84 351 210
person 0.0012 -5 61 67 169
person 0.0011 122 72 225 152
person 0.0011 87 47 180 126
person 0.0010 418 171 452 302
person 0.0010 91 70 175 163
person 0.0010 259 61 332 133
person 0.0010 64 59 103 157
tvmonitor 0.0063 106 10 236 168
tvmonitor 0.0023 127 37 216 139
