aeroplane 0.0333 3 68 420 364
aeroplane 0.0012 199 125 530 365
bird 0.0073 311 95 350 175
bird 0.0049 428 154 464 236
bird 0.0029 416 163 490 253
bird 0.0024 113 64 539 367
boat 0.0013 274 177 458 325
boat 0.0010 399 180 491 255
bottle 0.0307 330 328 371 375
bottle 0.0023 338 122 368 209
bottle 0.0016 341 319 366 360
bottle 0.0015 327 323 348 358
bottle 0.0013 325 333 352 373
car 0.1175 9 120 413 369
car 0.0012 46 151 301 339
chair 0.0676 296 242 444 373
chair 0.0591 318 256 412 352
chair 0.0168 396 274 495 376
chair 0.0147 410 225 475 380
chair 0.0117 290 264 340 323
chair 0.0087 332 263 481 382
chair 0.0073 365 241 454 366
chair 0.0060 330 248 371 372
chair 0.0048 279 260 369 350
chair 0.0031 309 291 424 366
chair 0.0031 352 254 400 368
chair 0.0028 322 258 352 362
chair 0.0024 349 308 396 366
chair 0.0023 320 208 413 282
chair 0.0018 278 245 352 320
chair 0.0017 436 283 507 375
chair 0.0016 316 254 355 310
chair 0.0015 367 300 459 373
chair 0.0014 432 297 474 376
chair 0.0013 449 322 499 380
chair 0.0010 262 295 392 364
person 0.0633 390 204 478 395
person 0.0409 421 151 448 214
person 0.0196 363 124 393 206
person 0.0189 372 244 446 378
person 0.0053 319 192 490 364
person 0.0050 410 279 492 373
person 0.0049 0 225 24 338
person 0.0043 369 136 414 195
person 0.0037 -26 67 373 365
person 0.0027 478 234 499 386
person 0.0021 309 93 353 206
person 0.0016 440 249 502 362
person 0.0016 375 158 502 340
person 0.0014 426 212 524 394
person 0.0014 474 297 500 376
person 0.0014 429 272 471 350
person 0.0013 360 150 449 224
person 0.0012 423 162 452 250
person 0.0012 306 105 339 164
person 0.0011 283 124 371 195
person 0.0011 364 139 391 168
person 0.0010 248 296 272 324
train 0.0032 310 159 498 336
train 0.0031 32 163 466 381
train 0.0012 -16 198 138 352
