boat 0.0010 437 85 503 128
bottle 0.0038 309 129 328 166
bottle 0.0033 279 288 318 336
bottle 0.0030 385 297 436 334
bottle 0.0022 379 269 414 331
bottle 0.0021 304 125 338 193
bottle 0.0010 261 302 292 329
car 0.0017 443 71 496 119
chair 0.0022 331 158 378 216
chair 0.0010 0 291 110 337
person 0.9677 298 188 422 341
person 0.9508 49 153 211 336
person 0.9183 198 134 316 298
person 0.6231 209 236 286 340
person 0.1213 228 151 337 339
person 0.1021 54 204 289 327
person 0.0447 93 165 330 312
person 0.0424 0 219 61 335
person 0.0397 1 204 122 338
person 0.0205 249 198 309 329
person 0.0199 162 245 272 337
person 0.0195 291 203 365 335
person 0.0143 213 237 268 292
person 0.0139 13 193 36 224
person 0.0130 230 255 284 323
person 0.0123 228 244 328 332
person 0.0105 330 162 460 331
person 0.0099 2 197 28 302
person 0.0092 -9 236 210 336
person 0.0080 1 230 24 321
person 0.0075 305 195 327 228
person 0.0069 77 170 188 263
person 0.0067 196 192 534 347
person 0.0057 276 198 317 328
person 0.0055 7 173 40 276
person 0.0048 7 184 40 235
person 0.0043 234 136 318 252
person 0.0040 298 192 331 257
person 0.0039 2 193 21 228
person 0.0037 1 266 95 334
person 0.0034 -12 167 71 326
person 0.0033 1 168 26 253
person 0.0032 321 203 427 298
person 0.0026 258 172 299 304
person 0.0025 1 292 171 335
person 0.0023 366 317 422 334
person 0.0022 390 315 431 334
person 0.0020 385 61 500 273
person 0.0018 258 251 301 326
person 0.0018 98 254 247 334
person 0.0017 347 64 457 271
person 0.0016 220 191 300 308
person 0.0016 203 201 272 304
person 0.0016 279 187 317 261
person 0.0016 2 217 44 284
person 0.0016 18 259 177 326
person 0.0014 237 221 282 308
person 0.0014 28 185 394 352
person 0.0014 309 247 420 333
person 0.0014 292 293 434 337
person 0.0013 396 205 436 295
person 0.0013 264 185 333 292
person 0.0012 192 160 289 264
person 0.0012 2 231 23 269
person 0.0012 204 249 242 327
person 0.0012 69 150 97 223
person 0.0011 286 198 310 225
person 0.0011 83 172 121 277
person 0.0010 154 79 174 113
person 0.0010 107 22 136 42
person 0.0010 297 182 330 319
person 0.0010 415 192 444 255
person 0.0010 366 198 510 339
tvmonitor 0.0030 163 54 205 112
tvmonitor 0.0027 183 58 213 110
tvmonitor 0.0022 188 67 210 98
tvmonitor 0.0012 272 163 325 208
