cat 0.1477 -28 23 451 235
cat 0.0093 126 23 373 180
cat 0.0051 55 -21 444 166
cat 0.0013 195 5 453 149
cat 0.0013 100 66 323 247
cat 0.0011 225 49 414 202
chair 0.0011 34 9 154 75
dog 0.4041 27 22 471 352
dog 0.0092 159 108 493 380
dog 0.0062 240 144 414 343
dog 0.0037 193 187 382 355
dog 0.0028 148 105 350 328
dog 0.0019 281 77 448 300
person 0.1077 394 36 498 335
person 0.0072 345 69 477 304
person 0.0037 332 31 549 344
person 0.0014 477 98 500 233
person 0.0014 392 -8 495 211
person 0.0013 430 13 511 249
person 0.0010 473 165 500 309
tvmonitor 0.0024 34 -2 159 39
