bottle 0.0109 81 186 131 373
bottle 0.0071 96 177 120 265
bottle 0.0048 111 167 135 276
bottle 0.0039 95 178 121 341
bottle 0.0027 59 42 146 381
bottle 0.0019 117 327 147 415
bottle 0.0017 87 374 123 447
bottle 0.0015 137 201 163 280
bottle 0.0014 110 212 134 347
bottle 0.0014 69 145 135 433
bottle 0.0013 100 190 117 247
car 0.0010 124 207 250 277
chair 0.0068 263 235 334 325
chair 0.0058 299 241 369 322
chair 0.0033 252 260 283 330
chair 0.0028 305 266 340 328
chair 0.0028 217 209 252 272
chair 0.0024 334 281 375 344
chair 0.0022 293 227 329 333
diningtable 0.0239 148 441 283 503
diningtable 0.0071 203 440 345 502
diningtable 0.0057 137 365 350 508
diningtable 0.0019 160 406 329 549
diningtable 0.0012 2 369 199 508
diningtable 0.0010 39 443 164 506
person 0.9268 118 222 252 446
person 0.0248 215 243 263 418
person 0.0123 201 235 287 482
person 0.0101 127 301 248 494
person 0.0095 116 314 149 397
person 0.0089 119 260 185 405
person 0.0087 138 253 232 399
person 0.0052 98 199 166 446
person 0.0051 185 240 249 416
person 0.0043 103 296 162 426
person 0.0035 240 324 269 428
person 0.0032 -3 10 83 336
person 0.0024 158 302 332 502
person 0.0021 113 291 140 387
person 0.0016 130 476 172 499
person 0.0016 77 274 140 434
person 0.0014 12 73 131 352
person 0.0013 144 474 187 499
person 0.0010 214 227 273 349
pottedplant 0.0093 51 1 143 345
train 0.0062 116 168 259 425
tvmonitor 0.0015 252 32 356 313
