bird 0.0779 163 268 220 358
bird 0.0070 125 251 152 303
bird 0.0017 221 3 275 90
bird 0.0016 115 241 159 312
bird 0.0016 118 272 215 353
boat 0.0029 204 10 266 69
boat 0.0023 151 7 268 127
boat 0.0015 182 29 245 92
bottle 0.0051 43 0 75 37
cat 0.0018 20 105 266 353
chair 0.0027 170 279 235 350
cow 0.0062 103 26 229 150
cow 0.0028 137 50 190 134
horse 0.0026 41 7 290 179
person 0.0125 30 -5 123 147
person 0.0069 111 3 175 79
person 0.0067 183 19 203 44
person 0.0054 86 0 201 141
person 0.0051 13 40 37 82
person 0.0046 219 2 276 36
person 0.0041 192 22 216 44
person 0.0032 179 7 242 83
person 0.0032 200 -2 265 41
person 0.0031 91 57 151 128
person 0.0025 153 25 224 113
person 0.0025 119 -7 254 102
person 0.0024 128 -4 201 38
person 0.0020 150 11 225 70
person 0.0016 90 -2 164 42
person 0.0016 132 5 197 74
person 0.0015 49 17 104 118
person 0.0015 159 48 213 134
person 0.0015 227 1 278 70
person 0.0014 155 -4 220 43
person 0.0014 131 29 199 115
person 0.0013 22 7 86 68
person 0.0013 87 81 105 152
person 0.0012 9 36 28 85
person 0.0012 68 19 128 118
person 0.0012 149 43 171 135
person 0.0011 171 21 194 98
person 0.0011 187 18 220 52
pottedplant 0.0324 226 110 277 193
pottedplant 0.0233 171 273 237 359
pottedplant 0.0127 229 81 273 170
pottedplant 0.0106 58 90 81 139
pottedplant 0.0099 208 121 266 188
pottedplant 0.0080 11 98 25 131
pottedplant 0.0074 46 222 197 352
pottedplant 0.0071 13 94 37 134
pottedplant 0.0071 208 84 263 166
pottedplant 0.0061 234 134 264 174
pottedplant 0.0053 201 146 265 202
pottedplant 0.0053 260 130 278 181
pottedplant 0.0046 99 258 232 357
pottedplant 0.0045 45 79 77 124
pottedplant 0.0041 231 117 269 168
pottedplant 0.0036 227 61 279 131
pottedplant 0.0033 55 74 84 129
pottedplant 0.0031 104 274 181 352
pottedplant 0.0030 191 85 272 214
pottedplant 0.0027 244 133 276 177
pottedplant 0.0026 263 137 276 172
pottedplant 0.0025 47 66 96 137
pottedplant 0.0024 10 91 26 118
pottedplant 0.0022 220 133 257 177
pottedplant 0.0021 24 94 53 135
pottedplant 0.0021 238 142 259 167
pottedplant 0.0020 66 184 265 383
pottedplant 0.0019 11 68 67 134
pottedplant 0.0018 24 216 130 350
pottedplant 0.0017 36 88 61 141
pottedplant 0.0016 218 54 286 192
pottedplant 0.0015 223 80 255 120
pottedplant 0.0014 46 36 74 83
pottedplant 0.0014 28 101 48 127
pottedplant 0.0012 114 247 168 324
pottedplant 0.0011 49 89 72 115
pottedplant 0.0011 9 80 29 128
pottedplant 0.0010 63 272 135 348
pottedplant 0.0010 22 77 55 125
pottedplant 0.0010 219 149 257 188
pottedplant 0.0010 87 250 156 325
pottedplant 0.0010 55 95 70 132
train 0.0141 120 5 252 132
train 0.0017 91 -19 284 155
train 0.0010 16 -16 227 151
