car 0.2469 175 163 269 199
car 0.1454 187 150 256 227
car 0.0253 181 169 259 188
car 0.0076 165 168 307 218
car 0.0059 169 177 200 208
car 0.0051 109 158 208 231
car 0.0046 165 171 205 193
car 0.0046 165 170 207 216
car 0.0032 173 171 228 190
car 0.0015 173 125 270 261
car 0.0013 196 170 247 216
car 0.0012 180 179 219 206
car 0.0012 201 156 244 179
car 0.0011 168 136 265 190
motorbike 0.7401 226 183 418 295
motorbike 0.6187 101 192 188 283
motorbike 0.3715 12 182 93 240
motorbike 0.3425 212 166 359 278
motorbike 0.1110 203 160 293 273
motorbike 0.1057 0 177 58 237
motorbike 0.0658 60 171 126 267
motorbike 0.0557 179 197 258 295
motorbike 0.0290 320 180 411 267
motorbike 0.0267 108 161 223 285
motorbike 0.0183 265 180 391 259
motorbike 0.0169 147 184 291 296
motorbike 0.0114 43 195 100 245
motorbike 0.0114 166 175 239 271
motorbike 0.0095 -16 159 66 229
motorbike 0.0061 0 159 28 233
motorbike 0.0048 178 163 266 250
motorbike 0.0042 30 145 104 247
motorbike 0.0037 237 175 319 271
motorbike 0.0036 363 222 419 282
motorbike 0.0027 234 233 352 299
motorbike 0.0026 165 189 207 284
motorbike 0.0019 44 154 154 285
motorbike 0.0017 160 158 492 329
motorbike 0.0014 259 205 374 296
motorbike 0.0013 119 234 224 296
motorbike 0.0012 -1 151 113 272
motorbike 0.0012 84 233 185 297
motorbike 0.0010 138 201 192 272
motorbike 0.0010 313 238 419 296
person 0.8185 87 138 122 280
person 0.7812 112 154 176 291
person 0.2284 253 141 311 243
person 0.1403 271 134 315 222
person 0.1093 43 176 99 236
person 0.0910 204 148 297 238
person 0.0691 84 154 119 236
person 0.0471 58 159 81 197
person 0.0359 109 144 147 272
person 0.0332 55 153 90 238
person 0.0282 62 153 101 266
person 0.0258 73 149 98 187
person 0.0233 16 167 42 195
person 0.0218 262 142 305 192
person 0.0218 89 148 119 184
person 0.0190 121 143 166 246
person 0.0171 233 120 255 154
person 0.0111 53 155 82 184
person 0.0106 111 150 138 181
person 0.0099 105 133 185 230
person 0.0098 12 159 49 206
person 0.0082 284 148 368 229
person 0.0061 114 199 170 276
person 0.0053 30 156 61 181
person 0.0052 16 166 70 227
person 0.0049 231 112 259 165
person 0.0048 275 155 318 261
person 0.0044 91 159 115 198
person 0.0043 174 184 223 262
person 0.0042 128 149 160 181
person 0.0040 53 191 86 225
person 0.0039 12 156 47 177
person 0.0038 281 145 308 185
person 0.0037 307 187 366 232
person 0.0037 194 178 249 269
person 0.0037 53 154 140 234
person 0.0035 32 164 59 194
person 0.0031 64 159 102 204
person 0.0026 281 141 308 167
person 0.0026 168 181 205 239
person 0.0024 93 181 116 234
person 0.0021 45 150 89 189
person 0.0021 134 163 187 255
person 0.0020 145 152 175 178
person 0.0019 207 174 267 211
person 0.0018 2 164 23 197
person 0.0017 171 190 200 224
person 0.0017 10 190 43 224
person 0.0017 25 155 63 207
person 0.0016 232 132 252 166
person 0.0015 12 177 41 212
person 0.0015 90 142 120 166
person 0.0012 2 174 21 214
person 0.0012 220 180 258 206
person 0.0011 182 194 218 219
person 0.0011 129 202 158 242
person 0.0010 23 141 106 223
person 0.0010 111 163 137 195
pottedplant 0.0209 -2 174 30 239
pottedplant 0.0029 1 187 22 226
pottedplant 0.0010 368 171 415 219
