aeroplane 0.3753 7 73 415 243
aeroplane 0.0196 157 60 496 256
aeroplane 0.0071 5 132 271 247
aeroplane 0.0061 105 125 392 250
aeroplane 0.0019 217 127 441 246
aeroplane 0.0017 128 46 372 213
aeroplane 0.0013 301 43 504 218
aeroplane 0.0012 366 132 497 199
bus 0.0245 2 156 119 230
bus 0.0061 -7 131 198 241
bus 0.0015 1 170 50 221
bus 0.0013 17 189 75 229
car 0.0191 285 182 383 258
car 0.0087 383 185 442 200
car 0.0040 280 228 315 252
car 0.0019 475 182 502 205
car 0.0011 377 178 446 206
car 0.0011 371 183 420 202
car 0.0010 241 160 428 267
car 0.0010 5 183 46 207
car 0.0010 453 183 490 203
car 0.0010 276 216 321 257
person 0.6344 210 195 240 248
person 0.0484 218 192 252 251
person 0.0417 285 154 381 264
person 0.0105 212 218 232 252
person 0.0075 153 196 178 227
person 0.0071 166 198 192 225
person 0.0068 211 194 237 226
person 0.0052 224 193 250 223
person 0.0044 283 194 312 220
person 0.0039 182 193 257 250
person 0.0032 283 185 312 210
person 0.0032 470 51 500 134
person 0.0028 359 210 384 238
person 0.0026 301 182 333 207
person 0.0020 310 180 410 254
person 0.0019 42 -49 456 251
person 0.0015 210 183 233 211
person 0.0013 269 193 292 220
person 0.0013 306 165 333 197
person 0.0013 322 164 346 198
person 0.0012 321 180 349 207
person 0.0010 313 155 352 208
tvmonitor 0.0014 257 -1 473 148
