bicycle 0.6677 4 54 495 376
bicycle 0.1639 138 17 438 300
bicycle 0.1414 236 38 418 226
bicycle 0.0192 335 16 456 175
bicycle 0.0156 351 50 438 152
bicycle 0.0088 6 5 339 312
bicycle 0.0044 238 26 489 346
bicycle 0.0044 289 59 431 315
bicycle 0.0039 123 112 376 320
bicycle 0.0022 103 66 319 256
bicycle 0.0019 60 118 287 315
bicycle 0.0015 382 23 504 238
bicycle 0.0014 329 36 476 284
bicycle 0.0013 378 332 504 377
bicycle 0.0013 316 68 431 172
bicycle 0.0010 271 84 386 173
car 0.0029 387 -1 446 42
car 0.0020 326 0 383 15
car 0.0016 358 -2 467 48
car 0.0013 317 -3 434 49
chair 0.0214 117 60 217 139
chair 0.0050 122 17 205 129
chair 0.0038 100 30 233 174
person 0.6971 265 -13 394 167
person 0.2299 356 0 435 155
person 0.1105 258 6 339 198
person 0.0953 437 0 501 141
person 0.0675 467 6 501 150
person 0.0634 441 19 503 299
person 0.0455 297 5 430 188
person 0.0296 434 113 505 375
person 0.0293 327 16 409 132
person 0.0248 452 6 500 92
person 0.0133 399 34 496 342
person 0.0103 454 16 494 169
person 0.0079 477 37 501 206
person 0.0066 441 63 499 194
person 0.0065 273 -4 377 94
person 0.0053 368 -6 451 103
person 0.0037 478 1 498 37
person 0.0037 309 -2 362 48
person 0.0035 200 -13 453 215
person 0.0033 253 70 327 183
person 0.0032 230 -22 361 121
person 0.0029 478 191 500 340
person 0.0026 473 -8 500 55
person 0.0023 312 0 359 17
person 0.0020 473 89 499 242
person 0.0018 319 -8 386 108
person 0.0015 274 -1 322 18
person 0.0014 85 24 180 125
person 0.0013 373 0 504 205
person 0.0013 296 -5 433 42
person 0.0013 279 47 367 161
person 0.0012 410 -1 449 19
person 0.0012 66 3 206 146
person 0.0012 293 0 342 18
person 0.0011 261 -4 370 49
person 0.0010 90 50 127 137
person 0.0010 387 4 430 125
tvmonitor 0.0026 387 0 442 18
