aeroplane 0.0010 135 -2 170 17
bird 0.0018 177 36 209 59
boat 0.0035 146 -1 183 18
car 0.0726 1 292 75 372
car 0.0105 -1 287 44 349
car 0.0028 -7 250 97 419
car 0.0013 -1 277 48 431
car 0.0011 0 259 86 323
car 0.0010 2 298 36 333
chair 0.2050 160 320 333 494
chair 0.0329 126 318 253 485
chair 0.0144 280 301 381 511
chair 0.0116 169 344 258 464
chair 0.0112 297 333 369 473
chair 0.0100 96 367 283 501
chair 0.0089 134 392 244 493
chair 0.0057 147 438 286 506
chair 0.0049 351 277 375 431
chair 0.0044 190 389 301 492
chair 0.0038 10 388 128 490
chair 0.0033 -10 297 108 496
chair 0.0027 87 370 160 497
chair 0.0026 21 360 181 505
chair 0.0026 240 255 366 474
chair 0.0022 322 305 381 423
chair 0.0020 195 319 295 408
chair 0.0020 33 339 103 460
chair 0.0019 263 343 343 472
chair 0.0018 249 317 312 430
chair 0.0018 165 327 225 498
chair 0.0017 2 333 85 467
chair 0.0016 338 351 374 468
chair 0.0015 6 296 82 425
chair 0.0013 223 344 322 459
chair 0.0012 57 413 157 491
chair 0.0012 266 303 342 425
chair 0.0012 105 318 139 390
diningtable 0.0010 167 295 380 508
person 0.6309 13 253 137 491
person 0.0929 147 296 292 458
person 0.0680 59 257 124 415
person 0.0351 24 281 118 378
person 0.0147 171 306 262 424
person 0.0042 70 272 115 326
person 0.0036 150 300 225 436
person 0.0013 73 269 140 368
person 0.0012 77 244 185 485
person 0.0011 172 285 259 377
person 0.0010 78 276 107 314
pottedplant 0.1457 288 237 333 288
pottedplant 0.0901 275 239 348 315
pottedplant 0.0870 105 267 171 368
pottedplant 0.0691 114 306 158 367
pottedplant 0.0164 123 234 184 352
pottedplant 0.0144 291 231 367 343
pottedplant 0.0142 120 284 196 365
pottedplant 0.0131 300 249 344 305
pottedplant 0.0129 298 274 365 387
pottedplant 0.0125 116 256 158 338
pottedplant 0.0096 123 317 151 357
pottedplant 0.0059 275 250 317 302
pottedplant 0.0050 119 304 152 336
pottedplant 0.0050 296 204 367 300
pottedplant 0.0047 100 184 157 319
pottedplant 0.0035 67 247 133 341
pottedplant 0.0035 260 276 347 366
pottedplant 0.0033 111 302 136 333
pottedplant 0.0029 277 200 380 385
pottedplant 0.0027 326 257 347 296
pottedplant 0.0027 106 240 170 323
pottedplant 0.0026 107 267 141 328
pottedplant 0.0026 120 322 153 384
pottedplant 0.0024 282 243 310 277
pottedplant 0.0024 89 200 170 376
pottedplant 0.0023 106 286 142 351
pottedplant 0.0022 306 247 337 280
pottedplant 0.0021 120 265 153 294
pottedplant 0.0020 309 258 338 298
pottedplant 0.0019 112 314 135 355
pottedplant 0.0018 293 257 326 294
pottedplant 0.0017 235 235 371 420
pottedplant 0.0016 137 318 162 352
pottedplant 0.0016 125 330 148 373
pottedplant 0.0015 310 279 337 310
pottedplant 0.0013 321 245 351 311
pottedplant 0.0011 113 274 134 316
tvmonitor 0.0445 0 92 36 157
tvmonitor 0.0287 220 300 308 365
tvmonitor 0.0175 72 396 172 504
tvmonitor 0.0107 339 337 373 443
tvmonitor 0.0065 -2 80 23 172
tvmonitor 0.0020 236 294 294 346
tvmonitor 0.0015 293 301 372 428
tvmonitor 0.0014 7 193 74 310
tvmonitor 0.0012 349 3 376 87
tvmonitor 0.0011 255 306 306 358
