bottle 0.0155 296 197 343 246
bottle 0.0087 281 192 312 249
bottle 0.0074 308 14 330 45
bottle 0.0072 391 253 431 312
bottle 0.0027 266 64 290 94
bottle 0.0027 186 195 223 273
bottle 0.0026 181 215 223 302
bottle 0.0024 308 8 330 33
bottle 0.0022 159 227 198 291
bottle 0.0021 425 271 474 317
bottle 0.0019 325 231 346 261
bottle 0.0019 319 233 351 282
bottle 0.0019 303 243 329 272
bottle 0.0018 296 235 334 279
bottle 0.0017 148 110 180 164
bottle 0.0017 236 257 279 308
bottle 0.0016 165 199 201 269
bottle 0.0015 281 172 356 249
bottle 0.0014 270 221 317 271
bottle 0.0014 397 278 425 310
bottle 0.0014 356 254 393 311
bottle 0.0014 349 297 398 313
bottle 0.0013 213 182 300 261
bottle 0.0012 418 282 445 307
bottle 0.0011 407 246 495 317
bottle 0.0011 358 247 390 271
bottle 0.0011 330 109 376 167
bottle 0.0011 294 170 343 227
bottle 0.0011 258 55 293 100
bottle 0.0010 360 92 389 157
bottle 0.0010 325 241 347 275
chair 0.0397 456 57 497 144
chair 0.0102 471 55 501 126
chair 0.0034 13 179 184 315
chair 0.0032 441 39 500 120
chair 0.0011 460 62 486 93
chair 0.0011 427 63 473 116
chair 0.0011 460 99 486 126
chair 0.0011 -1 210 20 305
chair 0.0010 406 56 496 125
diningtable 0.1367 124 65 451 245
diningtable 0.0290 0 207 499 344
diningtable 0.0268 234 231 493 322
diningtable 0.0168 164 76 412 182
diningtable 0.0133 106 230 390 322
diningtable 0.0127 76 135 576 271
diningtable 0.0064 190 124 456 237
diningtable 0.0053 275 271 448 316
diningtable 0.0045 223 243 345 312
diningtable 0.0040 203 198 446 304
diningtable 0.0039 38 96 384 311
diningtable 0.0039 352 249 472 316
diningtable 0.0037 188 251 464 346
diningtable 0.0028 232 90 345 167
diningtable 0.0027 129 101 293 259
diningtable 0.0021 265 197 381 255
diningtable 0.0020 294 103 439 253
diningtable 0.0019 266 219 378 287
diningtable 0.0018 214 270 362 321
diningtable 0.0016 75 274 271 316
diningtable 0.0015 136 247 286 311
diningtable 0.0014 180 171 394 284
diningtable 0.0012 193 174 307 235
diningtable 0.0011 236 192 332 265
diningtable 0.0011 255 252 416 311
diningtable 0.0010 153 222 269 283
person 0.9109 221 19 300 92
person 0.8237 26 56 168 303
person 0.7739 330 25 404 104
person 0.7139 372 65 495 293
person 0.4088 73 21 195 143
person 0.2261 391 18 445 65
person 0.1668 0 47 110 311
person 0.1151 346 45 474 224
person 0.0667 38 19 162 203
person 0.0515 434 71 502 290
person 0.0449 389 0 428 39
person 0.0363 204 45 291 109
person 0.0336 382 3 410 32
person 0.0267 382 1 413 57
person 0.0249 415 28 444 59
person 0.0230 354 19 436 99
person 0.0196 292 44 514 269
person 0.0187 403 30 451 73
person 0.0183 332 10 416 77
person 0.0162 335 48 415 153
person 0.0131 470 62 499 190
person 0.0127 354 193 452 263
person 0.0108 90 16 176 109
person 0.0105 400 24 475 98
person 0.0103 355 49 442 120
person 0.0098 341 10 370 30
person 0.0088 91 57 178 153
person 0.0077 378 23 413 82
person 0.0074 394 0 429 18
person 0.0073 -26 60 81 253
person 0.0072 473 27 500 108
person 0.0071 329 178 422 267
person 0.0068 49 36 147 129
person 0.0065 316 5 351 101
person 0.0062 399 27 433 56
person 0.0061 443 56 498 169
person 0.0060 42 145 207 305
person 0.0051 303 65 429 243
person 0.0049 476 115 500 256
person 0.0048 159 50 339 168
person 0.0043 345 24 468 149
person 0.0039 193 27 313 134
person 0.0033 232 81 343 143
person 0.0032 -21 116 215 340
person 0.0029 334 165 479 286
person 0.0029 407 8 446 57
person 0.0028 351 17 395 69
person 0.0026 229 17 284 68
person 0.0026 301 7 374 101
person 0.0025 402 184 491 272
person 0.0025 402 36 431 66
person 0.0022 392 24 437 105
person 0.0021 60 11 113 50
person 0.0021 469 170 500 297
person 0.0019 62 15 150 94
person 0.0019 195 75 300 142
person 0.0019 383 9 407 46
person 0.0019 397 65 495 114
person 0.0019 304 18 341 91
person 0.0017 127 69 210 141
person 0.0017 352 0 439 61
person 0.0016 222 -3 336 124
person 0.0015 370 -3 460 45
person 0.0015 8 89 337 318
person 0.0015 44 131 149 226
person 0.0014 200 4 285 83
person 0.0014 340 10 379 51
person 0.0014 442 120 498 243
person 0.0013 220 34 268 96
person 0.0013 344 15 369 43
person 0.0012 380 -1 412 18
person 0.0011 395 11 487 69
person 0.0011 477 50 500 84
person 0.0010 0 180 21 288
person 0.0010 0 4 20 31
person 0.0010 413 19 445 44
person 0.0010 309 27 333 56
pottedplant 0.0119 223 43 292 110
pottedplant 0.0021 322 9 346 32
pottedplant 0.0019 320 15 346 41
pottedplant 0.0018 334 297 376 314
pottedplant 0.0014 310 298 362 313
pottedplant 0.0011 217 58 268 100
tvmonitor 0.0036 465 194 504 298
tvmonitor 0.0015 205 0 274 12
