bird 0.3105 180 150 319 279
bird 0.1209 152 164 291 252
bird 0.0411 227 176 332 248
bird 0.0024 200 120 372 257
bird 0.0014 187 208 311 273
bird 0.0010 101 61 398 313
car 0.2356 407 183 499 260
car 0.0095 395 144 504 289
chair 0.0018 269 272 387 340
chair 0.0012 385 -9 497 46
diningtable 0.0042 271 330 458 374
person 0.0038 475 192 501 220
person 0.0011 471 181 502 236
pottedplant 0.1523 449 331 501 376
pottedplant 0.0126 208 327 266 375
pottedplant 0.0096 115 301 229 366
pottedplant 0.0063 81 295 189 375
pottedplant 0.0060 7 290 105 376
pottedplant 0.0058 267 335 388 380
pottedplant 0.0046 45 288 144 376
pottedplant 0.0045 0 95 119 337
pottedplant 0.0043 440 88 499 216
pottedplant 0.0034 -24 259 139 403
pottedplant 0.0033 82 233 263 380
pottedplant 0.0031 111 331 232 386
pottedplant 0.0027 446 354 497 375
pottedplant 0.0027 154 302 266 371
pottedplant 0.0025 427 62 528 255
pottedplant 0.0025 195 326 302 395
pottedplant 0.0025 290 330 458 376
pottedplant 0.0024 42 269 226 394
pottedplant 0.0024 279 280 315 305
pottedplant 0.0021 297 279 334 305
pottedplant 0.0020 289 255 383 309
pottedplant 0.0019 400 328 503 378
pottedplant 0.0019 48 147 374 398
pottedplant 0.0018 287 271 344 315
pottedplant 0.0018 -3 11 120 247
pottedplant 0.0018 196 296 303 367
pottedplant 0.0017 439 297 501 383
pottedplant 0.0017 114 188 307 358
pottedplant 0.0016 122 257 221 353
pottedplant 0.0016 9 191 182 359
pottedplant 0.0016 83 258 183 349
pottedplant 0.0015 273 297 384 367
pottedplant 0.0015 195 313 248 365
pottedplant 0.0014 328 331 382 377
pottedplant 0.0013 179 329 224 375
pottedplant 0.0013 90 276 332 393
pottedplant 0.0013 229 332 349 385
pottedplant 0.0013 233 301 346 368
pottedplant 0.0012 457 327 487 356
pottedplant 0.0012 303 358 368 375
pottedplant 0.0012 219 336 258 366
pottedplant 0.0011 456 254 488 285
pottedplant 0.0010 150 222 350 380
pottedplant 0.0010 289 356 345 374
pottedplant 0.0010 345 357 401 375
pottedplant 0.0010 48 227 141 321
pottedplant 0.0010 446 247 497 288
