bottle 0.0430 421 192 443 230
bottle 0.0345 385 188 403 228
bottle 0.0188 462 204 479 245
bottle 0.0132 432 208 466 236
bottle 0.0103 382 181 403 214
bottle 0.0097 380 202 403 239
bottle 0.0095 417 205 443 238
bottle 0.0074 380 184 409 233
bottle 0.0072 436 195 463 228
bottle 0.0044 441 182 463 213
bottle 0.0040 456 194 484 249
bottle 0.0037 427 199 471 241
bottle 0.0036 459 194 481 229
bottle 0.0035 400 196 428 226
bottle 0.0034 402 207 428 237
bottle 0.0031 450 161 485 230
bottle 0.0027 434 165 467 226
bottle 0.0019 394 190 437 232
bottle 0.0010 421 183 447 211
bottle 0.0010 211 147 233 241
car 0.0038 478 208 500 242
chair 0.0022 139 274 230 374
chair 0.0013 478 220 502 248
chair 0.0011 157 294 262 369
person 0.8650 134 87 218 353
person 0.8555 267 83 377 357
person 0.7936 207 80 304 362
person 0.3925 250 100 324 381
person 0.2893 152 110 253 377
person 0.0723 318 121 399 366
person 0.0220 265 270 302 377
person 0.0170 288 67 375 256
person 0.0086 135 43 164 114
person 0.0077 140 89 358 345
person 0.0067 332 225 374 365
person 0.0049 145 94 210 219
person 0.0042 146 177 215 315
person 0.0040 61 109 212 323
person 0.0038 285 87 368 178
person 0.0038 239 73 288 144
person 0.0024 297 82 410 301
person 0.0024 276 79 328 136
person 0.0024 223 153 295 281
person 0.0021 288 155 367 281
person 0.0019 -8 84 118 349
person 0.0017 254 176 314 311
person 0.0013 304 151 337 266
person 0.0013 211 110 442 379
person 0.0011 211 97 290 220
person 0.0010 132 98 221 170
pottedplant 0.0530 439 89 501 213
pottedplant 0.0147 380 120 504 193
pottedplant 0.0115 445 70 489 174
pottedplant 0.0070 361 97 521 223
pottedplant 0.0058 422 75 529 241
pottedplant 0.0049 410 84 493 190
pottedplant 0.0044 360 182 396 239
pottedplant 0.0038 366 189 390 228
pottedplant 0.0028 432 101 479 201
pottedplant 0.0022 438 115 474 246
pottedplant 0.0020 450 125 485 237
pottedplant 0.0013 365 179 387 213
pottedplant 0.0010 403 142 485 234
pottedplant 0.0010 453 134 484 166
tvmonitor 0.7268 9 9 88 118
tvmonitor 0.1280 17 222 113 337
tvmonitor 0.0270 375 113 446 201
tvmonitor 0.0127 -11 -25 116 114
tvmonitor 0.0123 8 130 120 358
tvmonitor 0.0013 -5 235 184 369
tvmonitor 0.0011 -42 -9 94 158
