bicycle 0.0010 112 -12 312 115
bird 0.2663 22 33 401 340
bird 0.0122 313 7 488 255
bird 0.0075 284 -31 520 348
bird 0.0057 376 229 445 276
bird 0.0050 91 75 330 299
bird 0.0028 45 41 220 274
bird 0.0024 358 234 450 311
bird 0.0016 348 216 461 281
bird 0.0016 149 13 502 304
bird 0.0014 77 205 189 284
bird 0.0013 395 224 492 323
bird 0.0013 80 108 130 166
bird 0.0012 45 160 220 325
bird 0.0011 82 176 181 260
bird 0.0010 372 243 423 287
cat 0.0267 72 44 503 329
person 0.0025 7 0 50 20
person 0.0012 428 8 514 253
person 0.0011 -2 -1 26 23
pottedplant 0.0364 -5 63 119 314
pottedplant 0.0090 -19 106 68 325
pottedplant 0.0067 363 68 515 309
pottedplant 0.0050 -23 -37 294 297
pottedplant 0.0047 -12 -16 119 219
pottedplant 0.0045 427 122 512 369
pottedplant 0.0037 12 38 176 281
pottedplant 0.0036 32 -2 238 148
pottedplant 0.0030 -26 18 72 241
pottedplant 0.0024 284 18 520 356
pottedplant 0.0022 -19 24 60 118
pottedplant 0.0022 11 191 95 297
pottedplant 0.0020 -5 152 59 281
pottedplant 0.0020 -12 40 52 161
pottedplant 0.0020 371 185 512 357
pottedplant 0.0015 9 102 96 214
pottedplant 0.0014 -69 25 185 349
pottedplant 0.0010 471 12 499 146
pottedplant 0.0010 13 20 100 120
