aeroplane 0.0090 -6 100 115 165
aeroplane 0.0021 -4 85 62 176
aeroplane 0.0019 -27 69 147 190
aeroplane 0.0016 37 100 151 168
aeroplane 0.0012 -10 128 122 176
bus 0.0071 113 86 215 191
bus 0.0031 35 118 175 184
bus 0.0018 116 93 163 186
bus 0.0013 106 101 147 174
bus 0.0010 82 98 169 175
car 0.0472 188 164 221 189
car 0.0083 195 164 238 188
car 0.0023 27 141 65 158
car 0.0023 196 139 236 194
car 0.0021 11 138 43 158
car 0.0019 0 64 29 156
car 0.0018 184 148 225 188
car 0.0018 236 137 283 194
car 0.0014 0 123 23 154
car 0.0011 0 136 22 162
car 0.0010 189 138 291 191
car 0.0010 61 156 110 175
person 0.0063 111 164 139 188
person 0.0024 125 167 161 188
person 0.0021 92 156 119 182
person 0.0015 376 96 408 177
train 0.2321 137 69 439 191
train 0.0049 222 81 354 177
train 0.0046 128 88 238 187
train 0.0043 246 94 484 209
train 0.0042 261 77 392 185
train 0.0035 138 -4 515 206
train 0.0026 91 59 262 198
train 0.0024 189 90 308 178
train 0.0019 314 14 491 187
train 0.0011 296 123 433 196
