bottle 0.0345 61 247 106 313
bottle 0.0090 262 329 299 374
bottle 0.0082 52 233 90 298
bottle 0.0039 43 225 86 279
bottle 0.0039 78 266 121 326
bottle 0.0037 0 306 23 366
bottle 0.0029 66 278 107 311
bottle 0.0022 26 216 107 316
bottle 0.0016 56 247 81 285
bottle 0.0014 65 274 110 342
bottle 0.0014 68 261 101 298
bottle 0.0012 69 248 99 284
bottle 0.0010 21 206 66 270
bottle 0.0010 267 326 295 354
chair 0.0074 267 47 379 323
chair 0.0012 225 49 348 270
chair 0.0010 287 105 365 208
person 0.8905 -31 61 377 371
person 0.0124 53 93 294 336
person 0.0068 153 27 422 347
person 0.0038 2 173 112 372
person 0.0024 1 107 189 379
person 0.0019 -5 72 119 301
person 0.0016 12 222 87 331
person 0.0011 33 184 236 360
person 0.0010 0 211 25 349
person 0.0010 11 59 189 259
