bottle 0.0018 272 2 316 72
cat 0.7688 24 76 474 355
cat 0.0357 -16 -4 286 379
cat 0.0176 114 114 386 318
cat 0.0137 235 113 423 315
cat 0.0032 23 44 176 331
cat 0.0029 271 127 384 193
cat 0.0019 75 65 269 309
cat 0.0015 210 92 517 340
cat 0.0011 50 16 212 240
chair 0.0010 277 17 369 108
person 0.0378 269 3 363 72
person 0.0278 163 3 340 139
person 0.0077 42 23 456 294
person 0.0031 191 19 307 121
person 0.0021 201 -2 379 104
person 0.0020 361 38 514 219
person 0.0019 0 19 25 166
person 0.0011 3 -2 45 74
person 0.0011 257 17 397 187
tvmonitor 0.0018 325 15 488 189
