bottle 0.0099 72 298 98 380
bottle 0.0079 8 4 97 78
bottle 0.0052 42 6 155 72
bottle 0.0051 96 37 153 90
bottle 0.0036 -8 74 65 356
bottle 0.0032 -6 16 56 125
bottle 0.0027 8 -3 49 75
bottle 0.0024 68 0 101 72
bottle 0.0016 50 -5 87 78
bottle 0.0016 13 12 94 128
bottle 0.0016 -2 -8 24 108
bottle 0.0015 23 0 65 74
bottle 0.0014 82 16 165 87
bottle 0.0013 80 0 122 71
bottle 0.0012 -22 -11 72 160
bottle 0.0012 98 -4 150 47
bottle 0.0010 70 356 106 375
car 0.0030 359 -7 515 109
cat 0.7268 50 21 448 295
cat 0.0127 135 78 439 240
cat 0.0107 91 46 335 216
cat 0.0030 20 77 159 296
cat 0.0011 55 51 220 209
person 0.1854 8 318 86 382
person 0.0316 2 329 127 371
person 0.0193 298 -5 360 88
person 0.0094 364 -7 455 106
person 0.0063 -10 42 67 330
person 0.0054 10 75 489 354
person 0.0037 309 2 420 86
person 0.0034 -10 -22 62 227
person 0.0034 391 -2 486 95
person 0.0029 -1 92 112 342
person 0.0028 257 -7 340 81
person 0.0021 433 0 476 97
person 0.0021 277 -4 322 77
person 0.0018 0 -4 111 42
person 0.0018 123 -1 299 42
person 0.0017 65 0 105 20
person 0.0016 -13 -3 57 91
person 0.0015 -4 315 29 385
person 0.0015 0 53 25 190
person 0.0015 64 -6 184 53
person 0.0015 -28 319 69 389
person 0.0014 0 210 21 347
person 0.0014 -1 3 25 126
person 0.0012 275 -9 454 98
person 0.0011 127 13 239 86
person 0.0010 64 328 106 373
person 0.0010 476 -2 501 101
pottedplant 0.0079 96 0 251 43
pottedplant 0.0069 68 7 197 69
pottedplant 0.0041 157 -11 283 85
pottedplant 0.0026 194 8 304 82
pottedplant 0.0026 168 -1 232 15
pottedplant 0.0021 49 72 81 140
pottedplant 0.0017 144 -5 217 24
pottedplant 0.0016 96 -10 227 28
pottedplant 0.0013 132 -5 234 78
pottedplant 0.0011 296 -5 344 50
tvmonitor 0.0214 334 -10 491 106
