boat 0.3501 31 116 99 214
boat 0.3178 373 147 415 212
boat 0.1372 427 201 475 219
boat 0.1163 346 151 447 216
boat 0.1126 411 198 457 218
boat 0.1091 173 199 229 216
boat 0.0834 43 198 87 219
boat 0.0685 196 199 243 218
boat 0.0596 378 109 448 225
boat 0.0582 369 199 416 218
boat 0.0536 272 199 326 217
boat 0.0459 29 129 69 228
boat 0.0453 121 198 166 218
boat 0.0396 388 199 441 217
boat 0.0317 192 160 307 214
boat 0.0315 229 199 284 218
boat 0.0291 156 200 211 217
boat 0.0290 336 100 466 220
boat 0.0266 386 149 437 211
boat 0.0257 377 182 409 209
boat 0.0232 131 162 287 210
boat 0.0217 234 174 281 213
boat 0.0207 106 184 146 208
boat 0.0206 306 200 365 218
boat 0.0205 404 191 464 222
boat 0.0204 128 190 274 224
boat 0.0201 412 131 453 228
boat 0.0189 134 200 192 217
boat 0.0175 127 182 160 209
boat 0.0171 97 198 155 216
boat 0.0157 122 172 163 216
boat 0.0152 390 133 474 227
boat 0.0148 100 176 152 214
boat 0.0147 39 169 89 221
boat 0.0144 380 160 406 199
boat 0.0141 354 147 402 213
boat 0.0140 27 198 72 220
boat 0.0136 444 201 492 219
boat 0.0132 56 199 111 218
boat 0.0122 67 183 106 207
boat 0.0117 233 153 338 221
boat 0.0116 22 99 158 221
boat 0.0115 217 173 263 218
boat 0.0109 77 156 185 213
boat 0.0109 166 177 229 215
boat 0.0103 367 189 496 225
boat 0.0100 424 176 479 217
boat 0.0097 87 183 127 207
boat 0.0096 44 147 136 218
boat 0.0096 7 143 50 217
boat 0.0086 276 153 379 222
boat 0.0086 173 186 223 207
boat 0.0085 290 198 338 216
boat 0.0082 364 190 419 223
boat 0.0078 391 212 435 230
boat 0.0072 350 199 402 217
boat 0.0071 340 117 412 216
boat 0.0070 273 173 325 217
boat 0.0069 197 189 320 224
boat 0.0069 80 123 179 203
boat 0.0061 268 191 404 224
boat 0.0057 33 163 63 195
boat 0.0055 225 181 256 212
boat 0.0054 135 174 194 214
boat 0.0053 415 183 451 209
boat 0.0052 51 147 81 183
boat 0.0052 296 172 336 217
boat 0.0051 63 144 106 214
boat 0.0050 301 182 331 212
boat 0.0050 409 173 456 214
boat 0.0050 179 210 222 229
boat 0.0049 210 190 271 222
boat 0.0048 279 184 319 210
boat 0.0047 56 190 193 224
boat 0.0047 430 186 474 210
boat 0.0045 150 193 216 223
boat 0.0045 94 183 251 233
boat 0.0043 197 174 245 214
boat 0.0043 232 183 340 240
boat 0.0042 381 146 406 187
boat 0.0040 305 182 421 235
boat 0.0040 141 184 187 208
boat 0.0039 74 97 270 225
boat 0.0039 354 182 455 237
boat 0.0038 -14 123 74 209
boat 0.0036 161 125 261 204
boat 0.0036 385 127 495 193
boat 0.0036 143 149 184 214
boat 0.0035 307 175 365 214
boat 0.0034 47 113 83 193
boat 0.0033 75 199 134 216
boat 0.0032 120 124 225 204
boat 0.0030 -4 145 26 216
boat 0.0029 16 188 116 226
boat 0.0029 394 183 434 208
boat 0.0028 45 182 86 209
boat 0.0028 198 123 303 206
boat 0.0028 100 158 152 204
boat 0.0027 36 173 174 214
boat 0.0027 277 211 319 230
boat 0.0027 156 214 210 230
boat 0.0027 359 182 393 207
boat 0.0025 163 95 337 225
boat 0.0024 408 210 455 230
boat 0.0023 397 164 427 196
boat 0.0023 44 210 89 229
boat 0.0023 68 165 103 194
boat 0.0023 31 182 68 210
boat 0.0022 316 183 355 208
boat 0.0022 437 191 497 224
boat 0.0021 104 170 148 194
boat 0.0021 475 197 499 225
boat 0.0020 432 210 473 230
boat 0.0020 250 172 310 215
boat 0.0020 376 210 414 230
boat 0.0019 281 137 319 224
boat 0.0018 431 129 475 232
boat 0.0018 231 125 343 198
boat 0.0018 256 184 303 207
boat 0.0017 373 108 415 195
boat 0.0016 -1 179 24 210
boat 0.0015 321 192 385 223
boat 0.0014 302 170 409 217
boat 0.0014 123 211 163 230
boat 0.0014 139 211 186 229
boat 0.0013 284 125 446 239
boat 0.0013 119 119 169 212
boat 0.0013 204 120 371 248
boat 0.0013 344 202 481 240
boat 0.0012 3 199 54 219
boat 0.0012 359 165 392 197
boat 0.0012 256 212 302 230
boat 0.0012 -1 194 25 221
boat 0.0012 51 162 83 196
boat 0.0012 450 211 493 230
boat 0.0012 416 165 449 196
boat 0.0011 158 155 210 205
boat 0.0011 214 133 266 199
boat 0.0011 15 180 104 252
boat 0.0011 0 164 22 199
boat 0.0010 61 211 108 230
boat 0.0010 151 196 289 249
boat 0.0010 284 191 340 224
boat 0.0010 379 171 484 217
boat 0.0010 195 156 249 205
boat 0.0010 32 151 65 182
car 0.0025 479 209 502 235
