aeroplane 0.0015 19 9 480 225
bottle 0.0010 112 68 182 181
car 0.0033 441 128 500 146
cow 0.0184 17 78 194 214
cow 0.0013 44 93 125 180
person 0.8399 10 138 46 209
person 0.0323 9 122 45 182
person 0.0301 41 94 165 240
person 0.0238 27 135 57 191
person 0.0123 93 97 177 185
person 0.0105 0 156 18 192
person 0.0093 36 143 56 183
person 0.0084 0 148 21 178
person 0.0076 62 72 204 219
person 0.0076 -1 145 24 201
person 0.0075 1 126 59 203
person 0.0064 4 60 190 178
person 0.0053 15 138 40 187
person 0.0043 113 76 221 157
person 0.0022 33 136 56 168
person 0.0022 40 77 149 164
person 0.0020 42 101 130 197
person 0.0019 258 134 293 188
person 0.0017 82 71 260 174
person 0.0015 151 67 254 127
person 0.0012 84 123 175 218
person 0.0011 123 65 219 126
person 0.0010 11 106 101 188
pottedplant 0.0055 4 75 55 118
pottedplant 0.0046 -2 73 31 122
pottedplant 0.0031 -3 96 25 121
pottedplant 0.0027 119 65 169 130
train 0.7436 43 59 532 280
train 0.0301 366 103 511 239
train 0.0263 11 150 487 342
train 0.0212 0 68 347 321
train 0.0071 411 120 496 231
train 0.0054 156 90 419 247
train 0.0043 44 94 211 295
train 0.0043 96 105 328 284
train 0.0019 68 172 275 317
train 0.0015 -17 12 440 224
train 0.0011 266 97 461 242
train 0.0010 133 176 367 315
train 0.0010 246 77 559 262
