bottle 0.0228 33 6 72 127
bottle 0.0093 145 136 178 197
bottle 0.0078 72 17 100 140
bottle 0.0056 394 10 428 64
bottle 0.0050 47 19 82 138
bottle 0.0041 417 34 445 59
bottle 0.0029 400 20 423 58
bottle 0.0026 37 -2 95 136
bottle 0.0024 151 143 173 183
bottle 0.0024 77 86 94 130
bottle 0.0022 90 44 118 172
bottle 0.0013 18 87 35 132
bottle 0.0012 11 74 39 141
bottle 0.0012 73 74 98 139
bottle 0.0010 115 183 169 237
chair 0.3006 395 187 492 367
chair 0.1799 327 211 478 386
chair 0.1243 430 181 514 357
chair 0.0756 10 169 115 374
chair 0.0663 24 217 163 378
chair 0.0587 -4 153 63 269
chair 0.0584 0 188 49 257
chair 0.0440 8 234 255 365
chair 0.0228 -11 118 61 370
chair 0.0220 -1 197 23 335
chair 0.0168 -2 120 100 243
chair 0.0155 436 187 504 289
chair 0.0149 389 277 492 383
chair 0.0130 117 242 381 366
chair 0.0112 221 229 431 373
chair 0.0109 474 208 500 355
chair 0.0102 6 190 100 305
chair 0.0092 -1 136 32 254
chair 0.0082 0 195 59 338
chair 0.0078 362 222 454 326
chair 0.0075 45 175 123 242
chair 0.0067 470 185 501 291
chair 0.0061 476 263 501 383
chair 0.0061 437 243 498 375
chair 0.0057 1 101 21 139
chair 0.0053 1 74 26 139
chair 0.0044 276 155 455 335
chair 0.0040 29 273 314 378
chair 0.0034 57 245 140 362
chair 0.0033 474 176 500 242
chair 0.0032 18 180 115 264
chair 0.0031 46 138 139 237
chair 0.0027 17 101 35 139
chair 0.0026 15 107 169 267
chair 0.0022 186 260 314 350
chair 0.0020 351 200 459 285
chair 0.0020 1 21 117 236
chair 0.0020 54 197 142 294
chair 0.0019 6 281 96 378
chair 0.0019 316 250 418 357
chair 0.0018 143 297 279 372
chair 0.0017 -22 176 45 297
chair 0.0016 455 189 519 311
chair 0.0016 73 264 197 348
chair 0.0015 89 107 129 223
chair 0.0013 230 226 339 319
chair 0.0012 84 7 175 245
chair 0.0012 0 242 26 374
chair 0.0011 318 198 415 289
chair 0.0011 479 191 501 229
chair 0.0011 2 113 47 221
chair 0.0011 276 258 382 355
chair 0.0011 229 296 349 363
chair 0.0010 87 147 179 226
chair 0.0010 343 291 464 372
chair 0.0010 150 232 274 324
diningtable 0.0949 -15 194 437 352
diningtable 0.0027 10 227 488 433
diningtable 0.0023 52 167 294 330
diningtable 0.0018 208 111 521 377
person 0.0385 417 3 459 66
person 0.0055 43 0 167 202
person 0.0046 392 -3 425 50
person 0.0041 431 -3 465 49
person 0.0031 33 -3 70 102
person 0.0028 399 32 425 62
person 0.0026 342 20 365 55
person 0.0023 8 -11 121 215
person 0.0019 336 13 372 61
person 0.0016 412 -3 485 75
person 0.0016 32 3 90 138
person 0.0010 377 3 411 69
tvmonitor 0.7777 229 58 419 209
tvmonitor 0.0604 243 77 349 173
tvmonitor 0.0554 0 29 28 127
tvmonitor 0.0110 305 71 414 181
tvmonitor 0.0065 285 41 438 272
tvmonitor 0.0064 272 51 381 150
tvmonitor 0.0023 0 76 25 113
tvmonitor 0.0017 -1 58 24 98
tvmonitor 0.0014 4 10 46 122
tvmonitor 0.0013 0 45 25 84
tvmonitor 0.0012 162 17 414 242
