aeroplane 0.0011 321 27 354 45
car 0.8631 -22 71 445 303
car 0.0543 67 93 353 282
car 0.0139 -13 111 115 261
car 0.0128 436 101 500 201
car 0.0093 -2 124 62 233
car 0.0073 10 118 96 200
car 0.0051 121 99 530 330
car 0.0031 -5 137 60 192
car 0.0030 424 36 514 224
car 0.0026 231 84 420 241
car 0.0023 3 150 45 266
car 0.0022 167 122 410 308
car 0.0021 29 11 393 248
car 0.0020 39 102 238 274
car 0.0019 70 105 176 167
car 0.0018 279 107 391 165
car 0.0017 311 119 420 196
car 0.0015 437 90 500 154
car 0.0014 -2 99 101 173
car 0.0013 0 123 27 235
car 0.0012 314 90 413 167
car 0.0011 75 119 193 197
car 0.0011 310 111 363 159
car 0.0011 396 114 491 197
pottedplant 0.0150 435 7 504 123
pottedplant 0.0119 442 47 496 113
pottedplant 0.0025 470 55 501 129
pottedplant 0.0023 447 82 501 132
pottedplant 0.0014 441 78 466 107
tvmonitor 0.0211 9 57 93 147
tvmonitor 0.0079 2 98 106 157
tvmonitor 0.0038 7 37 107 110
tvmonitor 0.0031 433 -5 505 107
tvmonitor 0.0014 111 48 147 107
tvmonitor 0.0010 -21 3 136 143
