bicycle 0.3109 40 -3 342 501
bicycle 0.0060 -9 186 291 463
bicycle 0.0029 206 197 329 468
bicycle 0.0021 131 155 354 495
bicycle 0.0010 136 94 249 403
car 0.0026 126 -2 207 53
car 0.0016 87 5 181 91
car 0.0010 128 4 203 96
chair 0.0091 289 15 337 162
chair 0.0044 266 7 327 116
chair 0.0036 254 -1 336 199
chair 0.0024 220 101 317 395
chair 0.0016 314 12 333 159
chair 0.0011 262 187 330 308
chair 0.0010 244 135 338 359
motorbike 0.0395 24 161 359 488
person 0.0029 241 151 282 213
train 0.3283 0 -46 332 469
train 0.0109 -14 8 245 338
train 0.0010 100 68 232 349
tvmonitor 0.0099 171 -3 262 50
tvmonitor 0.0032 294 14 331 195
tvmonitor 0.0028 144 -12 252 35
tvmonitor 0.0013 315 30 333 177
tvmonitor 0.0013 116 2 228 58
tvmonitor 0.0012 198 -1 249 19
