bottle 0.0178 178 219 221 257
bottle 0.0099 229 223 251 256
bottle 0.0082 268 223 290 256
bottle 0.0048 223 216 258 260
bottle 0.0039 247 209 270 237
bottle 0.0027 242 199 275 252
bottle 0.0025 224 214 259 236
bottle 0.0020 207 224 233 254
bottle 0.0019 267 209 291 240
bottle 0.0019 186 236 217 259
bottle 0.0016 220 205 266 245
bottle 0.0015 265 200 295 252
bottle 0.0013 200 216 241 259
bottle 0.0012 299 275 345 332
bottle 0.0010 245 226 275 253
bottle 0.0010 236 218 284 257
cat 0.0014 141 62 360 115
chair 0.1980 315 192 472 333
chair 0.0052 227 297 423 334
chair 0.0047 309 255 421 333
chair 0.0041 321 199 425 287
chair 0.0036 201 214 449 328
chair 0.0033 269 261 379 333
chair 0.0033 290 217 345 259
chair 0.0026 270 216 323 258
chair 0.0022 348 218 451 319
chair 0.0022 183 296 316 336
chair 0.0022 324 192 463 255
chair 0.0021 237 211 340 281
chair 0.0017 338 275 447 327
chair 0.0017 183 265 393 328
chair 0.0015 478 224 500 329
chair 0.0014 266 210 378 284
chair 0.0012 213 239 355 309
chair 0.0012 22 241 149 312
chair 0.0010 379 171 500 314
chair 0.0010 366 268 424 314
diningtable 0.0167 139 249 433 330
diningtable 0.0035 166 216 335 272
diningtable 0.0031 192 296 381 336
diningtable 0.0029 146 185 355 306
diningtable 0.0027 104 158 472 328
diningtable 0.0014 183 236 317 303
diningtable 0.0013 98 208 324 330
diningtable 0.0012 168 264 333 328
diningtable 0.0011 264 296 411 331
person 0.0011 166 315 198 335
person 0.0010 93 44 337 139
pottedplant 0.0341 283 196 309 226
pottedplant 0.0190 246 199 270 228
pottedplant 0.0170 72 120 177 316
pottedplant 0.0111 265 200 292 227
pottedplant 0.0090 147 210 178 261
pottedplant 0.0065 230 198 256 225
pottedplant 0.0049 238 195 278 232
pottedplant 0.0039 256 195 299 232
pottedplant 0.0038 88 112 257 276
pottedplant 0.0035 93 144 173 239
pottedplant 0.0033 156 217 207 257
pottedplant 0.0030 148 235 174 262
pottedplant 0.0028 209 200 232 223
pottedplant 0.0027 280 213 312 237
pottedplant 0.0022 282 190 312 214
pottedplant 0.0019 178 191 224 235
pottedplant 0.0018 123 177 222 261
pottedplant 0.0017 272 205 318 247
pottedplant 0.0014 42 146 149 236
pottedplant 0.0013 38 181 65 242
pottedplant 0.0013 187 199 215 228
pottedplant 0.0013 225 194 265 231
pottedplant 0.0012 301 215 333 240
pottedplant 0.0012 27 61 319 325
pottedplant 0.0011 143 162 178 265
pottedplant 0.0010 252 185 341 240
sofa 0.0041 104 44 387 135
sofa 0.0019 62 9 435 169
sofa 0.0010 332 193 456 283
tvmonitor 0.0544 473 193 501 307
tvmonitor 0.0086 473 182 502 243
tvmonitor 0.0034 344 192 459 251
tvmonitor 0.0019 443 197 504 290
tvmonitor 0.0017 432 212 462 316
tvmonitor 0.0014 464 200 516 300
tvmonitor 0.0013 477 193 499 230
