bottle 0.0029 66 258 102 338
bottle 0.0011 230 321 263 388
car 0.0057 88 -14 205 25
car 0.0026 110 0 157 20
car 0.0024 150 0 194 19
car 0.0021 114 -4 217 51
car 0.0013 124 -3 168 18
chair 0.0017 128 348 198 460
chair 0.0016 203 397 284 470
chair 0.0012 254 52 296 116
diningtable 0.0799 63 192 321 458
diningtable 0.0058 133 268 300 458
diningtable 0.0040 4 282 174 448
diningtable 0.0039 -5 259 338 544
diningtable 0.0013 199 351 285 443
diningtable 0.0012 36 327 193 481
diningtable 0.0010 202 320 278 416
diningtable 0.0010 173 313 257 417
person 0.5614 249 -5 304 107
person 0.3911 -11 56 294 443
person 0.1797 120 16 265 241
person 0.1552 7 138 112 440
person 0.0927 317 15 332 159
person 0.0600 271 -3 300 133
person 0.0524 28 89 145 408
person 0.0261 16 64 214 359
person 0.0190 231 -1 266 22
person 0.0153 108 127 326 449
person 0.0143 80 42 302 303
person 0.0125 -3 75 91 352
person 0.0104 269 -2 331 101
person 0.0096 270 0 305 63
person 0.0090 256 -3 291 66
person 0.0087 58 46 222 233
person 0.0086 219 0 255 21
person 0.0086 208 0 239 21
person 0.0068 230 -1 270 57
person 0.0068 245 1 281 91
person 0.0068 302 0 331 128
person 0.0068 244 0 281 23
person 0.0066 259 0 291 27
person 0.0060 -5 123 42 457
person 0.0058 208 8 285 100
person 0.0047 294 0 334 62
person 0.0038 0 181 16 374
person 0.0037 274 0 302 28
person 0.0035 215 -2 309 65
person 0.0034 83 119 249 369
person 0.0032 318 56 332 119
person 0.0030 0 155 41 326
person 0.0030 0 140 20 298
person 0.0027 243 33 300 131
person 0.0026 313 77 332 171
person 0.0023 184 44 263 165
person 0.0023 287 0 314 24
person 0.0021 319 20 332 74
person 0.0021 166 14 271 112
person 0.0021 318 4 331 55
person 0.0021 133 98 296 254
person 0.0020 314 -11 333 73
person 0.0020 283 0 317 60
person 0.0020 319 37 332 98
person 0.0019 155 161 280 242
person 0.0018 148 169 288 406
person 0.0017 20 221 101 356
person 0.0017 53 -43 279 235
person 0.0016 43 278 187 453
person 0.0015 146 -8 287 140
person 0.0014 126 138 254 213
person 0.0014 -6 241 84 475
person 0.0012 234 20 267 106
person 0.0012 258 -9 322 65
person 0.0011 283 14 316 116
person 0.0011 191 0 231 20
person 0.0011 260 40 325 137
person 0.0011 81 124 199 219
person 0.0010 0 56 16 230
person 0.0010 40 91 126 195
person 0.0010 215 33 283 136
person 0.0010 236 5 264 45
person 0.0010 235 -14 314 40
person 0.0010 -34 9 162 338
tvmonitor 0.0023 194 398 282 462
