horse 0.6729 125 23 451 295
horse 0.3304 -1 79 347 288
horse 0.0806 13 75 180 294
horse 0.0325 209 43 442 229
horse 0.0059 137 68 362 255
horse 0.0029 91 70 250 259
horse 0.0012 66 129 284 279
person 0.0384 213 18 374 151
person 0.0190 230 23 343 97
person 0.0143 146 -14 430 236
person 0.0141 217 16 294 110
person 0.0079 179 36 331 186
person 0.0077 225 28 423 203
person 0.0071 275 19 364 103
person 0.0030 287 27 342 81
person 0.0024 269 45 332 86
person 0.0012 177 89 253 178
person 0.0010 206 64 294 158
person 0.0010 437 116 464 138
