bottle 0.0118 342 234 413 355
bottle 0.0010 352 222 393 311
car 0.0013 437 87 501 218
chair 0.0332 412 116 471 252
chair 0.0277 450 134 499 224
chair 0.0174 6 173 101 366
chair 0.0097 437 99 503 233
chair 0.0078 345 129 443 358
chair 0.0060 13 34 84 165
chair 0.0051 442 57 499 105
chair 0.0048 401 149 461 267
chair 0.0047 356 243 438 356
chair 0.0045 86 55 185 139
chair 0.0042 249 184 407 361
chair 0.0037 474 169 499 243
chair 0.0033 259 329 392 375
chair 0.0032 -3 0 108 153
chair 0.0028 277 252 365 355
chair 0.0026 425 155 477 234
chair 0.0024 425 73 475 115
chair 0.0023 394 109 473 318
chair 0.0023 365 155 446 272
chair 0.0021 232 348 365 377
chair 0.0021 264 295 382 370
chair 0.0016 257 332 307 378
chair 0.0012 209 335 266 372
chair 0.0011 341 214 414 339
chair 0.0011 63 27 210 171
chair 0.0011 434 81 465 110
chair 0.0010 308 219 436 374
chair 0.0010 -1 199 23 331
diningtable 0.0025 350 219 458 372
person 0.9073 94 71 235 360
person 0.7432 238 68 424 362
person 0.5650 211 83 302 355
person 0.1668 411 102 450 230
person 0.0914 168 112 262 367
person 0.0733 473 137 498 226
person 0.0508 401 64 478 262
person 0.0427 0 9 97 307
person 0.0419 269 54 405 269
person 0.0352 339 103 451 330
person 0.0077 400 131 461 258
person 0.0066 131 74 367 359
person 0.0065 205 86 370 295
person 0.0059 35 44 156 329
person 0.0059 70 49 211 267
person 0.0051 366 137 452 242
person 0.0048 477 170 499 218
person 0.0045 -25 30 217 344
person 0.0041 226 131 258 315
person 0.0038 136 73 279 309
person 0.0033 10 30 84 154
person 0.0031 244 151 273 324
person 0.0030 -12 89 70 344
person 0.0026 221 148 287 282
person 0.0024 0 14 21 171
person 0.0023 0 160 24 313
person 0.0021 474 80 500 197
person 0.0020 454 93 496 211
person 0.0020 0 15 63 137
person 0.0020 7 137 105 347
person 0.0018 208 81 278 178
person 0.0015 132 53 224 145
person 0.0015 167 63 246 140
person 0.0015 -17 -4 75 204
person 0.0015 407 79 484 188
person 0.0014 57 152 213 388
person 0.0014 479 142 499 189
person 0.0014 207 141 236 276
person 0.0014 221 171 345 364
person 0.0013 427 121 475 209
person 0.0012 171 85 251 173
person 0.0010 112 161 222 272
pottedplant 0.0043 320 34 348 95
sofa 0.0025 427 78 514 247
