car 0.8368 61 70 437 305
car 0.6958 -7 81 67 160
car 0.3655 106 34 221 69
car 0.2500 369 5 506 196
car 0.1523 74 54 103 78
car 0.0638 105 43 236 87
car 0.0613 -19 30 74 183
car 0.0401 -2 54 31 105
car 0.0292 72 43 193 93
car 0.0233 2 59 89 140
car 0.0165 253 52 345 139
car 0.0130 274 39 359 116
car 0.0122 357 19 465 127
car 0.0116 92 24 196 77
car 0.0115 -15 47 72 111
car 0.0099 324 92 423 150
car 0.0096 69 42 110 84
car 0.0092 285 28 521 229
car 0.0090 283 26 388 101
car 0.0079 127 73 375 250
car 0.0077 57 120 84 150
car 0.0071 354 -13 515 119
car 0.0062 148 42 276 96
car 0.0049 126 40 199 62
car 0.0045 54 108 89 163
car 0.0045 -1 88 27 181
car 0.0045 197 41 248 60
car 0.0045 57 89 76 124
car 0.0040 130 36 270 65
car 0.0039 314 91 351 150
car 0.0038 197 52 242 71
car 0.0036 348 88 460 171
car 0.0034 -1 110 48 187
car 0.0032 238 67 412 255
car 0.0031 54 67 78 145
car 0.0030 57 107 83 140
car 0.0029 320 105 347 140
car 0.0026 -3 76 25 105
car 0.0026 122 45 199 77
car 0.0026 398 10 504 94
car 0.0025 172 41 231 61
car 0.0025 150 63 269 136
car 0.0025 117 33 306 173
car 0.0024 74 88 275 288
car 0.0021 387 47 492 151
car 0.0020 -2 57 51 131
car 0.0019 213 41 380 167
car 0.0019 291 84 419 134
car 0.0019 60 94 103 149
car 0.0017 192 46 307 103
car 0.0016 64 109 101 134
car 0.0014 -34 32 55 101
car 0.0012 71 60 99 89
car 0.0011 217 51 261 71
car 0.0011 1 88 91 181
car 0.0011 336 93 413 127
car 0.0011 287 44 383 141
car 0.0010 311 8 420 82
car 0.0010 -154 -21 191 223
car 0.0010 392 98 495 217
car 0.0010 80 19 266 123
car 0.0010 435 50 507 152
person 0.3595 55 40 77 118
person 0.3046 258 41 333 109
person 0.1974 268 26 316 100
person 0.0843 0 34 29 99
person 0.0481 1 44 23 82
person 0.0368 33 50 59 80
person 0.0270 263 37 304 119
person 0.0153 56 48 76 88
person 0.0125 14 46 41 79
person 0.0125 6 45 50 88
person 0.0101 273 42 321 140
person 0.0093 26 44 64 88
person 0.0077 38 57 59 94
person 0.0075 88 49 116 77
person 0.0060 244 37 272 63
person 0.0059 91 39 115 68
person 0.0059 280 29 308 67
person 0.0039 8 40 43 64
person 0.0033 264 29 303 77
person 0.0033 268 35 296 68
person 0.0028 32 40 61 65
person 0.0025 8 60 44 92
person 0.0025 281 26 314 49
person 0.0019 275 24 378 77
person 0.0018 253 54 377 132
person 0.0018 217 40 260 61
person 0.0018 294 51 341 109
person 0.0017 76 38 102 70
person 0.0016 247 21 341 84
person 0.0014 278 60 312 94
person 0.0013 302 67 335 94
person 0.0011 476 50 502 135
person 0.0011 298 76 347 140
person 0.0011 276 43 313 80
person 0.0010 0 21 21 57
pottedplant 0.0077 0 176 29 240
pottedplant 0.0022 0 189 24 226
