bottle 0.0091 140 330 189 377
bottle 0.0019 146 338 180 372
bottle 0.0010 188 272 220 346
chair 0.0048 2 326 171 374
chair 0.0037 -6 218 136 378
chair 0.0030 41 260 147 347
chair 0.0029 9 230 101 309
chair 0.0025 150 335 345 377
chair 0.0021 9 256 107 353
chair 0.0021 9 299 115 369
chair 0.0020 0 356 50 375
chair 0.0015 -8 200 101 273
diningtable 0.0022 5 238 185 360
diningtable 0.0011 195 330 382 379
person 0.9074 71 76 505 413
person 0.7397 76 0 424 317
person 0.0786 55 149 369 397
person 0.0195 174 123 403 367
person 0.0110 110 228 392 375
person 0.0096 236 6 491 310
person 0.0057 180 30 395 283
person 0.0044 104 36 317 278
person 0.0041 142 244 214 362
person 0.0016 227 325 406 376
person 0.0016 105 187 254 363
person 0.0016 295 51 434 317
person 0.0015 125 335 297 377
person 0.0014 0 269 21 378
person 0.0011 478 259 502 389
pottedplant 0.0108 -11 103 117 275
pottedplant 0.0091 13 171 98 266
pottedplant 0.0077 5 206 95 285
pottedplant 0.0067 6 142 101 236
pottedplant 0.0058 0 338 23 372
pottedplant 0.0056 1 330 45 375
pottedplant 0.0051 28 327 65 349
pottedplant 0.0046 1 295 27 383
pottedplant 0.0042 7 311 167 368
pottedplant 0.0024 -18 140 58 236
pottedplant 0.0021 7 329 47 351
pottedplant 0.0020 86 314 125 339
pottedplant 0.0020 20 321 73 357
pottedplant 0.0020 -3 319 57 359
pottedplant 0.0017 8 338 40 369
pottedplant 0.0015 21 243 73 292
pottedplant 0.0014 83 328 128 347
pottedplant 0.0013 31 255 63 283
pottedplant 0.0013 77 308 132 345
pottedplant 0.0013 1 320 21 360
pottedplant 0.0012 43 328 87 348
pottedplant 0.0011 39 302 93 349
pottedplant 0.0011 16 296 117 353
pottedplant 0.0010 -1 133 24 228
pottedplant 0.0010 -1 168 109 324
pottedplant 0.0010 -53 129 91 304
sofa 0.0046 131 219 521 383
