aeroplane 0.0030 442 246 497 266
aeroplane 0.0027 436 234 500 273
bird 0.0081 35 243 64 267
car 0.0056 46 0 89 16
car 0.0052 427 246 478 264
car 0.0036 450 254 496 273
car 0.0025 471 253 502 273
car 0.0022 58 0 114 16
car 0.0011 -7 -2 145 44
cat 0.1137 240 80 487 353
person 0.2194 96 0 141 49
person 0.1601 143 7 276 309
person 0.0676 107 -22 392 340
person 0.0219 89 0 158 67
person 0.0175 130 0 191 43
person 0.0130 67 0 200 43
person 0.0119 305 142 488 345
person 0.0084 159 -3 202 42
person 0.0066 106 4 135 41
person 0.0057 264 68 541 364
person 0.0054 33 -4 159 49
person 0.0037 115 -4 228 40
person 0.0025 160 0 206 21
person 0.0023 120 3 204 63
person 0.0022 93 5 125 39
person 0.0020 157 33 340 227
person 0.0015 108 14 133 55
person 0.0015 200 50 382 267
person 0.0012 140 0 186 21
person 0.0011 165 1 256 82
