aeroplane 0.0011 38 136 190 287
aeroplane 0.0011 62 149 129 257
bicycle 0.0113 112 363 271 507
bicycle 0.0030 1 388 61 491
bicycle 0.0022 10 397 115 483
bicycle 0.0016 0 436 74 504
bicycle 0.0014 -10 359 138 502
bicycle 0.0010 149 436 232 504
bottle 0.0048 298 321 323 382
bottle 0.0031 39 381 77 441
bottle 0.0020 30 373 58 452
bottle 0.0012 18 354 69 513
bottle 0.0011 204 293 220 340
car 0.0500 298 266 329 293
car 0.0198 279 265 322 291
car 0.0057 316 261 332 299
car 0.0037 5 400 60 504
car 0.0015 0 440 35 498
car 0.0015 271 254 329 299
car 0.0010 269 267 307 288
person 0.9513 12 239 123 481
person 0.9419 136 188 245 529
person 0.1451 160 141 225 272
person 0.1184 132 143 248 300
person 0.1005 115 222 318 508
person 0.0405 203 252 271 484
person 0.0115 183 157 248 264
person 0.0079 153 293 281 502
person 0.0075 96 220 116 256
person 0.0071 0 326 14 498
person 0.0064 302 330 321 374
person 0.0058 155 148 188 222
person 0.0054 261 263 288 288
person 0.0050 20 287 107 441
person 0.0045 6 338 59 480
person 0.0043 254 259 273 289
person 0.0042 113 115 270 463
person 0.0039 -3 227 83 435
person 0.0038 53 146 228 296
person 0.0035 0 405 33 500
person 0.0032 112 168 221 411
person 0.0028 84 222 109 255
person 0.0027 153 194 229 307
person 0.0024 -4 305 44 433
person 0.0022 128 153 201 270
person 0.0022 185 193 249 297
person 0.0020 78 210 115 264
person 0.0020 66 247 148 476
person 0.0019 -19 244 53 486
person 0.0018 161 146 269 351
person 0.0017 5 260 67 396
person 0.0016 48 229 70 258
person 0.0014 146 138 200 233
person 0.0014 211 253 257 417
person 0.0013 -37 185 166 469
person 0.0013 148 287 236 441
person 0.0012 195 166 223 276
person 0.0012 0 352 42 513
person 0.0011 13 75 268 425
person 0.0011 74 89 309 334
person 0.0010 84 267 130 443
