bicycle 0.6509 62 156 227 328
bicycle 0.0060 88 216 194 326
bicycle 0.0012 13 98 256 334
chair 0.0036 361 0 427 31
chair 0.0027 339 -7 457 34
chair 0.0016 82 244 171 329
chair 0.0013 347 -1 402 32
chair 0.0010 -3 290 98 336
person 0.8428 112 25 230 312
person 0.0300 150 35 248 204
person 0.0099 341 -1 369 21
person 0.0064 351 0 396 17
person 0.0019 87 31 334 301
person 0.0019 126 -1 228 186
person 0.0016 13 48 256 335
person 0.0012 355 1 390 29
person 0.0011 0 0 56 15
pottedplant 0.0111 180 8 232 53
pottedplant 0.0011 186 15 221 43
