car 0.8288 121 84 455 300
car 0.1553 118 17 380 156
car 0.0464 -3 -5 99 191
car 0.0331 309 68 423 120
car 0.0090 147 -2 429 233
car 0.0049 209 34 444 145
car 0.0018 193 53 383 126
car 0.0017 181 24 295 88
car 0.0013 148 54 276 123
chair 0.0026 -15 11 77 214
person 0.0051 379 146 403 170
person 0.0044 360 146 388 171
person 0.0034 342 146 370 172
person 0.0015 475 56 501 186
person 0.0014 -14 -13 77 197
tvmonitor 0.0673 -3 97 95 182
tvmonitor 0.0114 -11 79 108 255
tvmonitor 0.0035 -22 60 78 210
tvmonitor 0.0010 21 104 72 188
