car 0.4723 -5 0 504 317
car 0.1388 -35 44 306 330
car 0.0098 289 86 512 216
car 0.0081 6 99 416 388
car 0.0077 397 103 501 146
car 0.0052 170 44 558 273
car 0.0039 475 105 501 138
car 0.0038 93 79 329 294
car 0.0033 472 91 502 151
car 0.0027 0 60 191 312
car 0.0019 404 99 459 116
car 0.0019 386 107 501 201
car 0.0018 280 86 320 105
car 0.0014 429 100 474 118
car 0.0013 475 118 500 153
car 0.0012 339 85 487 157
car 0.0011 360 91 503 129
car 0.0011 440 111 503 160
car 0.0010 200 178 300 256
chair 0.0018 18 224 174 382
motorbike 0.1988 28 21 470 353
person 0.1492 351 355 393 376
person 0.0273 335 356 382 375
person 0.0035 357 359 429 374
person 0.0035 306 349 442 382
person 0.0013 304 358 367 375
person 0.0011 352 345 392 368
