chair 0.0013 25 89 91 225
horse 0.4304 114 34 194 144
horse 0.4228 109 66 204 177
horse 0.0246 81 62 238 218
horse 0.0047 116 70 168 146
horse 0.0033 122 89 187 159
person 0.8509 122 18 191 137
person 0.0138 18 206 42 216
person 0.0132 120 40 164 111
person 0.0081 109 9 171 111
person 0.0052 127 25 149 115
person 0.0043 152 22 174 102
person 0.0040 106 72 127 120
person 0.0038 131 14 175 93
person 0.0030 0 68 13 154
person 0.0029 5 206 32 216
person 0.0029 135 2 225 115
person 0.0028 -9 91 79 225
person 0.0022 23 72 95 212
person 0.0014 83 2 236 148
person 0.0014 24 207 61 216
person 0.0013 0 49 13 125
person 0.0011 113 4 206 84
