bird 0.6042 128 119 315 257
bird 0.5300 44 147 165 299
bird 0.3498 244 140 398 281
bird 0.1252 164 113 406 266
bird 0.0449 87 170 154 304
bird 0.0365 183 125 296 235
bird 0.0260 258 163 377 252
bird 0.0251 356 144 403 188
bird 0.0165 61 122 277 306
bird 0.0125 309 149 403 267
bird 0.0122 146 124 285 194
bird 0.0094 312 228 358 273
bird 0.0062 359 151 396 178
bird 0.0055 279 139 392 221
bird 0.0043 -25 91 372 284
bird 0.0031 113 155 164 203
bird 0.0026 52 91 290 233
bird 0.0023 320 140 429 192
bird 0.0018 254 120 296 181
bird 0.0017 44 144 141 229
bird 0.0014 224 123 352 194
bird 0.0013 310 150 362 210
bird 0.0013 85 224 167 316
bird 0.0013 52 223 142 315
bird 0.0011 361 142 462 192
