bird 0.0022 261 276 327 312
bottle 0.0129 37 110 60 141
bottle 0.0126 76 101 96 141
bottle 0.0103 192 90 212 129
bottle 0.0058 56 107 76 142
bottle 0.0040 73 81 103 140
bottle 0.0029 0 1 18 43
bottle 0.0028 188 105 211 133
bottle 0.0019 32 102 68 145
bottle 0.0012 48 101 83 143
chair 0.0213 0 183 31 320
chair 0.0115 403 163 469 265
chair 0.0075 -10 158 66 388
chair 0.0044 -4 210 58 339
chair 0.0041 0 249 28 369
chair 0.0024 0 154 26 265
chair 0.0021 395 128 492 300
chair 0.0019 3 232 42 360
chair 0.0019 -9 216 119 379
chair 0.0016 382 157 449 259
chair 0.0015 35 119 58 147
chair 0.0014 3 191 42 286
chair 0.0013 232 267 344 329
chair 0.0011 273 266 382 341
diningtable 0.0013 222 212 432 340
person 0.0015 403 60 489 134
person 0.0010 0 -4 21 26
pottedplant 0.1030 119 103 166 140
pottedplant 0.0848 94 23 182 116
pottedplant 0.0641 419 105 443 136
pottedplant 0.0453 108 106 137 139
pottedplant 0.0250 93 105 117 139
pottedplant 0.0189 83 54 189 142
pottedplant 0.0181 413 99 449 142
pottedplant 0.0136 65 12 183 88
pottedplant 0.0114 59 30 208 175
pottedplant 0.0074 115 90 172 131
pottedplant 0.0068 148 106 176 132
pottedplant 0.0052 89 96 119 127
pottedplant 0.0049 83 89 125 133
pottedplant 0.0039 170 107 198 133
pottedplant 0.0037 144 22 176 49
pottedplant 0.0034 99 99 188 144
pottedplant 0.0030 125 98 161 124
pottedplant 0.0028 376 82 411 106
pottedplant 0.0023 169 81 202 136
pottedplant 0.0022 107 98 144 124
pottedplant 0.0021 139 13 179 58
pottedplant 0.0018 175 90 196 130
pottedplant 0.0017 400 61 423 94
pottedplant 0.0012 415 65 446 154
pottedplant 0.0011 403 105 427 137
pottedplant 0.0011 397 48 426 109
tvmonitor 0.6947 100 158 183 277
tvmonitor 0.0153 176 144 223 189
tvmonitor 0.0075 96 147 228 298
tvmonitor 0.0071 183 185 227 258
tvmonitor 0.0066 114 169 171 249
tvmonitor 0.0053 24 133 172 306
tvmonitor 0.0038 -9 94 279 338
tvmonitor 0.0020 166 169 232 275
tvmonitor 0.0020 52 164 144 267
tvmonitor 0.0019 4 47 42 111
tvmonitor 0.0018 67 108 207 273
tvmonitor 0.0017 117 201 212 289
tvmonitor 0.0012 99 180 153 240
tvmonitor 0.0010 186 143 221 243
tvmonitor 0.0010 84 230 178 316
