car 0.9007 55 173 376 318
car 0.0067 188 136 386 304
car 0.0061 98 139 326 247
car 0.0052 76 142 497 346
car 0.0044 121 204 301 289
car 0.0020 4 97 418 278
car 0.0014 119 185 303 252
car 0.0011 141 151 280 224
person 0.0280 242 167 273 196
person 0.0083 225 164 253 198
person 0.0045 222 155 258 206
person 0.0043 0 112 21 191
person 0.0039 0 159 18 196
person 0.0036 204 168 238 192
person 0.0020 223 179 257 205
person 0.0012 453 0 491 19
person 0.0012 0 145 20 210
person 0.0011 243 179 275 206
person 0.0010 472 -1 503 20
