bottle 0.0375 -13 -5 118 150
bottle 0.0348 12 -1 87 89
bottle 0.0177 -4 23 104 109
bottle 0.0114 0 -15 24 116
bottle 0.0020 0 -20 59 123
chair 0.0169 -12 35 137 221
chair 0.0053 -16 327 151 378
chair 0.0042 51 330 216 374
chair 0.0022 31 191 245 353
chair 0.0020 437 168 505 267
chair 0.0017 6 296 106 372
chair 0.0016 45 253 149 352
chair 0.0014 19 231 174 370
chair 0.0014 133 103 365 269
chair 0.0012 23 67 169 248
chair 0.0011 51 108 224 267
diningtable 0.0036 0 334 188 376
person 0.2700 -19 98 518 333
person 0.0086 89 153 332 338
person 0.0015 427 169 534 376
person 0.0013 -1 -7 22 53
person 0.0013 129 -99 524 186
person 0.0012 185 238 314 312
person 0.0010 223 204 352 282
sofa 0.4838 -5 169 505 377
sofa 0.1469 22 69 554 304
sofa 0.0275 183 144 545 345
sofa 0.0226 55 189 292 359
sofa 0.0058 199 180 458 312
sofa 0.0034 299 163 500 322
sofa 0.0015 175 107 403 266
sofa 0.0012 288 178 442 261
sofa 0.0011 134 232 367 367
sofa 0.0010 145 48 353 212
tvmonitor 0.0017 6 82 118 176
tvmonitor 0.0014 11 -10 104 47
