bus 0.0223 63 7 309 123
bus 0.0025 23 -30 350 146
bus 0.0013 75 21 237 109
bus 0.0012 -8 41 211 459
bus 0.0010 82 -4 234 51
car 0.4176 -1 104 376 471
car 0.3928 307 26 372 93
car 0.1142 327 19 377 78
car 0.1110 -42 -22 360 367
car 0.0702 331 7 372 124
car 0.0540 356 1 375 133
car 0.0288 305 43 368 132
car 0.0278 337 41 374 169
car 0.0247 274 4 313 49
car 0.0155 12 -5 362 198
car 0.0155 308 70 340 102
car 0.0139 292 -3 377 55
car 0.0108 360 38 374 93
car 0.0091 198 -6 292 53
car 0.0085 305 28 343 104
car 0.0082 275 0 373 100
car 0.0080 334 29 371 63
car 0.0061 260 26 342 97
car 0.0059 87 4 343 117
car 0.0051 6 3 259 123
car 0.0048 10 16 133 86
car 0.0046 357 7 374 51
car 0.0046 189 15 300 90
car 0.0042 352 85 375 159
car 0.0041 359 21 375 71
car 0.0037 329 78 375 247
car 0.0036 -8 -3 211 426
car 0.0034 336 11 370 45
car 0.0034 301 57 376 192
car 0.0030 322 -10 390 67
car 0.0023 257 1 335 53
car 0.0023 -3 104 47 246
car 0.0023 233 15 316 101
car 0.0020 354 -10 375 72
car 0.0016 53 -3 203 47
car 0.0016 282 50 378 298
car 0.0015 356 82 375 132
car 0.0014 152 230 180 256
car 0.0014 26 30 159 102
car 0.0014 0 37 83 131
car 0.0013 359 56 376 113
car 0.0012 275 32 315 101
car 0.0011 354 71 375 213
car 0.0011 299 111 368 232
car 0.0010 133 157 299 421
car 0.0010 144 27 402 395
car 0.0010 32 470 129 503
car 0.0010 264 52 342 139
car 0.0010 317 48 359 80
car 0.0010 311 26 336 65
chair 0.0016 -2 24 47 184
person 0.0704 0 0 76 101
person 0.0423 33 7 73 59
person 0.0235 270 5 288 44
person 0.0092 14 -5 126 53
person 0.0078 0 -3 21 96
person 0.0076 12 2 85 62
person 0.0072 311 10 336 44
person 0.0069 0 0 43 64
person 0.0068 221 0 253 24
person 0.0067 253 7 282 40
person 0.0044 252 0 281 26
person 0.0041 63 0 95 26
person 0.0039 206 -2 240 21
person 0.0039 -2 30 49 153
person 0.0035 62 12 93 42
person 0.0032 48 476 108 499
person 0.0031 133 -1 168 20
person 0.0030 2 4 38 121
person 0.0028 118 -1 155 21
person 0.0028 73 0 112 20
person 0.0027 12 21 118 106
person 0.0027 147 -2 183 20
person 0.0024 311 -1 337 28
person 0.0023 268 -2 295 32
person 0.0023 44 12 84 45
person 0.0023 11 12 51 80
person 0.0022 230 0 276 23
person 0.0021 300 11 323 45
person 0.0020 337 0 370 23
person 0.0019 1 19 16 74
person 0.0017 102 0 142 20
person 0.0013 33 0 69 25
person 0.0013 263 2 295 53
person 0.0011 -8 -25 52 72
person 0.0011 36 28 65 61
person 0.0010 0 1 17 53
person 0.0010 297 -1 322 30
person 0.0010 41 14 81 74
person 0.0010 111 33 134 66
