chair 0.0010 50 216 84 226
horse 0.5353 116 22 196 207
horse 0.0162 78 49 241 210
horse 0.0157 135 65 221 193
horse 0.0126 101 73 179 219
horse 0.0023 114 116 254 210
horse 0.0011 150 100 212 159
horse 0.0011 131 97 189 161
horse 0.0010 111 93 164 165
person 0.7879 119 11 191 146
person 0.0134 94 0 225 191
person 0.0051 139 12 189 82
person 0.0028 129 38 182 115
person 0.0024 52 0 82 10
person 0.0017 114 39 164 120
person 0.0017 121 60 193 129
person 0.0017 27 51 91 213
person 0.0017 132 29 154 118
person 0.0015 35 0 75 9
person 0.0014 165 161 184 212
pottedplant 0.0161 19 71 98 224
pottedplant 0.0063 304 173 321 218
pottedplant 0.0017 3 94 67 236
pottedplant 0.0010 41 86 132 210
