bicycle 0.1065 0 206 183 336
bicycle 0.0062 6 219 104 321
bicycle 0.0035 -43 197 311 341
bottle 0.0263 311 125 352 165
bottle 0.0070 321 119 348 155
bottle 0.0057 343 129 369 165
bottle 0.0031 169 71 190 101
bottle 0.0029 168 81 190 110
bottle 0.0019 362 122 383 153
bottle 0.0016 319 113 350 137
bottle 0.0015 305 123 335 151
bottle 0.0014 332 115 375 158
bottle 0.0012 307 130 332 163
bottle 0.0010 300 115 342 156
chair 0.2655 23 106 111 159
chair 0.0376 0 211 266 331
chair 0.0113 267 264 381 341
chair 0.0081 243 215 411 325
chair 0.0064 21 119 168 164
chair 0.0055 231 207 329 269
chair 0.0043 2 248 116 336
chair 0.0032 345 195 479 338
chair 0.0031 108 260 237 331
chair 0.0028 14 112 78 154
chair 0.0026 149 61 182 109
chair 0.0025 51 243 153 337
chair 0.0019 334 196 405 293
chair 0.0018 14 161 178 338
chair 0.0018 274 214 377 280
chair 0.0017 196 297 384 337
chair 0.0015 356 254 458 337
chair 0.0014 114 205 303 330
chair 0.0013 156 229 259 305
chair 0.0012 111 240 388 340
chair 0.0012 324 117 417 319
chair 0.0010 113 121 140 150
chair 0.0010 298 271 451 333
diningtable 0.0050 -7 143 353 344
person 0.6996 362 7 461 327
person 0.2301 300 8 506 327
person 0.0844 373 1 499 238
person 0.0601 432 16 504 265
person 0.0097 363 141 500 343
person 0.0049 295 49 439 287
person 0.0015 365 112 455 224
person 0.0013 400 -2 482 77
person 0.0012 382 142 495 240
person 0.0010 52 146 217 293
person 0.0010 341 8 471 179
person 0.0010 475 49 501 168
pottedplant 0.2736 244 170 319 267
pottedplant 0.1379 171 172 264 260
pottedplant 0.1133 267 188 317 238
pottedplant 0.0719 147 147 279 286
pottedplant 0.0475 214 143 264 180
pottedplant 0.0405 214 152 303 249
pottedplant 0.0335 259 179 334 249
pottedplant 0.0290 176 141 262 233
pottedplant 0.0242 149 95 180 119
pottedplant 0.0214 257 175 306 228
pottedplant 0.0148 182 128 306 271
pottedplant 0.0131 196 211 250 264
pottedplant 0.0114 158 208 266 275
pottedplant 0.0073 263 196 298 224
pottedplant 0.0066 278 195 309 227
pottedplant 0.0056 151 71 182 117
pottedplant 0.0054 144 90 189 125
pottedplant 0.0049 232 183 289 240
pottedplant 0.0046 278 190 310 214
pottedplant 0.0042 42 140 380 347
pottedplant 0.0039 195 150 252 197
pottedplant 0.0038 265 188 297 215
pottedplant 0.0035 127 178 217 256
pottedplant 0.0035 198 140 300 201
pottedplant 0.0027 166 163 326 320
pottedplant 0.0025 244 134 331 203
pottedplant 0.0023 203 148 240 171
pottedplant 0.0021 221 159 264 239
pottedplant 0.0020 182 151 220 171
pottedplant 0.0019 194 144 249 178
pottedplant 0.0016 194 163 247 236
pottedplant 0.0016 219 139 259 161
pottedplant 0.0012 203 204 300 281
pottedplant 0.0011 220 157 256 185
pottedplant 0.0011 165 96 193 119
pottedplant 0.0010 233 146 284 227
pottedplant 0.0010 276 211 313 235
pottedplant 0.0010 260 210 295 235
tvmonitor 0.0187 239 267 391 337
tvmonitor 0.0157 261 293 376 335
tvmonitor 0.0073 137 117 194 151
tvmonitor 0.0046 110 119 176 151
tvmonitor 0.0023 321 295 381 336
tvmonitor 0.0023 122 124 165 147
