bottle 0.0120 269 63 388 141
bottle 0.0028 310 55 412 146
bottle 0.0028 233 49 425 159
bottle 0.0021 43 244 85 318
bottle 0.0021 53 247 77 282
bottle 0.0014 391 5 439 96
bottle 0.0013 391 119 441 177
bottle 0.0012 324 56 379 105
bottle 0.0011 268 44 383 108
bottle 0.0010 55 245 88 374
cat 0.0019 284 53 388 107
chair 0.0160 363 265 501 354
chair 0.0033 353 278 462 376
chair 0.0025 473 250 500 367
chair 0.0024 454 280 496 366
chair 0.0024 0 268 23 378
chair 0.0022 330 236 489 375
chair 0.0011 358 229 452 319
chair 0.0011 1 292 94 381
diningtable 0.0211 362 231 502 380
person 0.9329 45 105 208 384
person 0.0834 163 61 489 370
person 0.0342 -3 120 61 367
person 0.0199 -9 119 127 364
person 0.0191 0 137 25 308
person 0.0181 0 117 22 242
person 0.0106 291 27 439 176
person 0.0088 283 55 387 161
person 0.0073 97 84 241 350
person 0.0058 3 168 56 316
person 0.0054 8 275 84 379
person 0.0043 184 176 396 372
person 0.0039 14 116 175 273
person 0.0036 217 63 435 252
person 0.0032 0 138 45 280
person 0.0029 43 36 379 338
person 0.0027 45 307 96 365
person 0.0025 0 238 58 366
person 0.0020 0 238 22 348
person 0.0016 -3 216 100 378
person 0.0015 72 194 190 297
person 0.0013 -33 99 83 279
person 0.0010 0 78 21 195
person 0.0010 357 7 452 86
pottedplant 0.0010 304 57 367 101
