bicycle 0.0714 276 180 319 229
bicycle 0.0325 149 170 189 212
bicycle 0.0026 109 165 216 218
boat 0.0014 9 82 44 192
car 0.0011 8 167 43 189
motorbike 0.2543 276 162 317 220
person 0.8183 280 149 321 210
person 0.1836 166 168 191 197
person 0.1274 154 167 179 198
person 0.1272 134 162 156 191
person 0.0510 130 154 152 183
person 0.0176 279 173 312 211
person 0.0175 148 161 188 202
person 0.0091 264 157 304 202
person 0.0086 285 150 318 185
person 0.0075 299 158 327 200
person 0.0070 0 144 24 243
person 0.0068 245 155 335 207
person 0.0058 129 157 162 197
person 0.0045 268 176 293 205
person 0.0035 297 153 329 180
person 0.0033 187 139 211 162
person 0.0027 0 158 21 197
person 0.0019 122 147 158 187
person 0.0019 0 175 21 211
person 0.0018 133 177 161 204
person 0.0015 265 154 297 180
person 0.0014 2 150 23 185
person 0.0011 291 166 332 215
person 0.0010 146 156 177 181
