bird 0.0142 197 63 376 204
bird 0.0070 241 77 408 300
bird 0.0037 27 76 472 354
bird 0.0034 262 68 373 175
bird 0.0018 196 124 307 196
bird 0.0018 180 24 471 293
bird 0.0018 228 111 347 198
bird 0.0014 211 152 300 224
bird 0.0011 190 174 301 247
chair 0.0033 53 280 145 379
chair 0.0014 16 261 177 392
person 0.2686 -42 -6 312 381
person 0.0307 32 99 467 390
person 0.0071 154 33 421 341
person 0.0059 -5 9 113 253
person 0.0056 10 38 181 335
person 0.0050 27 -2 395 262
person 0.0030 -6 -21 64 229
person 0.0015 -32 68 71 308
person 0.0012 7 108 113 322
person 0.0011 114 41 310 216
person 0.0010 386 57 507 261
pottedplant 0.0041 73 52 273 321
