bottle 0.0109 15 219 123 435
bottle 0.0056 101 214 116 265
bottle 0.0046 98 216 119 300
bottle 0.0045 130 293 166 381
bottle 0.0035 128 270 153 404
bottle 0.0030 101 229 116 284
bottle 0.0027 263 288 294 424
bottle 0.0026 125 265 154 329
bottle 0.0025 129 328 171 418
bottle 0.0023 136 399 166 431
bottle 0.0022 257 244 304 430
bottle 0.0016 149 398 178 432
bottle 0.0016 142 234 158 283
bottle 0.0011 137 203 161 313
bus 0.0119 80 21 352 324
bus 0.0018 143 78 288 269
bus 0.0011 4 58 254 442
chair 0.0234 283 212 376 514
chair 0.0068 325 386 377 512
chair 0.0058 68 252 121 405
chair 0.0056 301 341 378 483
chair 0.0040 -4 325 43 488
chair 0.0032 124 317 178 431
chair 0.0032 -3 225 93 505
chair 0.0030 1 372 71 492
chair 0.0025 -1 349 16 481
chair 0.0022 301 296 369 429
chair 0.0020 247 275 360 517
chair 0.0017 330 283 376 443
chair 0.0011 11 139 129 443
chair 0.0011 0 379 36 483
chair 0.0011 238 207 318 516
chair 0.0010 317 292 389 506
chair 0.0010 272 287 331 443
person 0.8308 154 203 263 464
person 0.6856 235 150 292 292
person 0.4425 180 181 236 298
person 0.2532 234 133 294 231
person 0.0774 237 105 297 400
person 0.0754 173 272 249 440
person 0.0704 227 146 279 214
person 0.0650 224 157 276 328
person 0.0297 179 133 252 226
person 0.0233 240 138 289 194
person 0.0182 176 167 211 235
person 0.0167 169 170 214 318
person 0.0165 179 158 235 245
person 0.0145 64 73 310 504
person 0.0143 155 164 221 262
person 0.0123 179 167 304 481
person 0.0112 167 163 255 342
person 0.0092 180 180 205 219
person 0.0083 125 313 188 426
person 0.0072 182 152 213 219
person 0.0054 171 227 247 325
person 0.0049 253 125 354 455
person 0.0042 125 193 189 306
person 0.0037 157 38 389 462
person 0.0033 269 159 292 201
person 0.0032 147 125 226 221
person 0.0029 263 151 296 211
person 0.0026 194 176 283 269
person 0.0024 226 186 251 217
person 0.0024 124 158 190 261
person 0.0021 186 148 207 187
person 0.0020 192 149 224 179
person 0.0020 202 168 241 242
person 0.0018 157 290 231 417
person 0.0018 147 342 215 448
person 0.0017 98 197 161 305
person 0.0016 220 192 256 284
person 0.0016 124 277 185 389
person 0.0015 186 137 229 193
person 0.0014 156 235 224 341
person 0.0013 111 214 207 450
person 0.0012 268 146 293 183
person 0.0012 194 160 221 200
person 0.0011 226 169 252 201
person 0.0011 124 178 152 301
person 0.0011 203 198 241 318
person 0.0011 210 184 235 221
person 0.0011 152 180 179 301
person 0.0011 107 236 324 493
person 0.0010 0 302 16 445
person 0.0010 84 161 102 205
person 0.0010 181 194 204 242
person 0.0010 186 80 311 272
person 0.0010 319 142 401 433
pottedplant 0.0387 288 112 375 384
pottedplant 0.0148 146 307 284 483
pottedplant 0.0120 186 381 224 443
pottedplant 0.0106 163 358 226 469
pottedplant 0.0067 131 257 163 336
pottedplant 0.0054 302 174 365 326
pottedplant 0.0047 272 185 334 314
pottedplant 0.0041 122 363 153 425
pottedplant 0.0040 129 392 149 432
pottedplant 0.0031 118 352 192 449
pottedplant 0.0027 138 272 159 320
pottedplant 0.0026 246 134 359 366
pottedplant 0.0019 329 177 387 325
pottedplant 0.0016 194 389 218 433
pottedplant 0.0016 139 396 235 474
pottedplant 0.0014 177 326 241 464
pottedplant 0.0014 109 403 207 473
pottedplant 0.0014 84 369 105 413
pottedplant 0.0011 157 380 200 448
pottedplant 0.0011 176 351 214 439
pottedplant 0.0011 123 244 177 350
train 0.0011 12 -1 305 348
tvmonitor 0.0049 163 12 269 91
tvmonitor 0.0046 153 -5 276 55
tvmonitor 0.0041 -11 201 101 450
tvmonitor 0.0029 142 34 289 233
tvmonitor 0.0028 41 255 108 392
tvmonitor 0.0027 130 -15 299 137
tvmonitor 0.0025 60 262 125 407
tvmonitor 0.0013 170 83 259 187
