horse 0.5697 116 125 259 424
horse 0.4600 154 90 259 303
horse 0.0055 60 211 314 486
horse 0.0023 107 68 325 335
horse 0.0010 150 242 224 375
person 0.8428 164 69 256 281
person 0.0334 153 95 230 239
person 0.0067 136 102 189 232
person 0.0038 189 106 251 246
person 0.0030 110 92 215 319
person 0.0022 168 283 190 320
person 0.0021 164 102 197 214
person 0.0017 177 81 237 199
person 0.0017 147 104 176 214
person 0.0013 128 208 203 320
person 0.0013 143 100 167 175
person 0.0011 194 90 228 225
person 0.0010 163 272 194 329
