bicycle 0.7273 14 32 485 341
bicycle 0.0172 -17 126 365 361
bicycle 0.0070 132 84 366 295
bicycle 0.0067 321 33 485 288
bicycle 0.0044 183 80 545 350
bicycle 0.0036 61 121 284 311
bicycle 0.0012 232 66 420 256
bottle 0.0076 303 5 337 69
bottle 0.0020 307 2 331 40
bottle 0.0013 221 74 253 143
bottle 0.0012 318 8 353 67
car 0.0010 476 207 499 237
chair 0.3807 404 22 500 136
chair 0.3292 331 9 482 142
chair 0.0261 345 -3 445 107
chair 0.0247 332 12 416 129
chair 0.0234 370 2 457 66
chair 0.0232 382 -6 481 109
chair 0.0145 394 1 467 40
chair 0.0136 237 53 341 147
chair 0.0133 252 16 336 125
chair 0.0126 216 17 357 182
chair 0.0119 327 -4 421 76
chair 0.0111 445 -3 495 41
chair 0.0108 351 52 436 136
chair 0.0101 437 -10 500 111
chair 0.0090 450 0 492 20
chair 0.0087 424 0 476 41
chair 0.0085 372 13 501 243
chair 0.0080 329 0 377 73
chair 0.0075 476 -17 501 117
chair 0.0064 474 34 501 148
chair 0.0059 47 -2 230 131
chair 0.0052 334 58 410 151
chair 0.0047 122 61 222 141
chair 0.0042 381 0 442 18
chair 0.0036 423 33 477 127
chair 0.0034 349 -5 457 41
chair 0.0033 400 11 465 55
chair 0.0031 402 -3 497 47
chair 0.0025 448 56 499 127
chair 0.0024 242 7 407 137
chair 0.0023 424 0 481 18
chair 0.0021 337 7 377 121
chair 0.0020 75 64 194 134
chair 0.0020 351 66 397 144
chair 0.0018 292 -1 372 87
chair 0.0018 85 23 190 118
chair 0.0016 133 78 190 140
chair 0.0015 1 -5 61 104
chair 0.0015 349 0 400 73
chair 0.0014 316 26 433 164
chair 0.0014 400 0 461 17
chair 0.0013 406 7 456 32
chair 0.0013 320 8 352 87
chair 0.0013 366 2 417 100
chair 0.0011 362 75 416 135
chair 0.0011 330 63 381 124
chair 0.0011 4 0 92 76
chair 0.0011 367 -8 501 24
chair 0.0010 95 28 254 170
person 0.0024 251 -3 343 104
person 0.0011 472 -1 502 23
pottedplant 0.0065 177 -3 217 48
pottedplant 0.0023 179 -2 219 17
pottedplant 0.0015 186 1 212 41
tvmonitor 0.0238 28 7 157 75
tvmonitor 0.0233 74 -2 212 76
tvmonitor 0.0150 51 -14 228 115
tvmonitor 0.0021 112 6 248 64
tvmonitor 0.0021 62 8 112 69
tvmonitor 0.0019 108 0 178 15
tvmonitor 0.0018 80 3 212 43
tvmonitor 0.0015 37 -6 150 50
