bottle 0.0041 450 0 490 20
bottle 0.0012 432 -1 478 18
car 0.0012 176 -2 322 40
car 0.0011 1 31 21 66
chair 0.0024 125 0 168 47
chair 0.0023 136 0 188 45
chair 0.0016 384 -8 501 39
chair 0.0011 347 -5 460 41
person 0.5036 229 150 262 239
person 0.2216 240 130 269 234
person 0.0310 230 130 260 203
person 0.0166 232 144 255 183
person 0.0117 211 122 270 242
person 0.0086 228 135 287 249
person 0.0066 233 156 253 205
person 0.0021 245 146 267 183
person 0.0019 347 0 401 21
person 0.0018 249 151 266 208
pottedplant 0.2900 395 142 435 192
pottedplant 0.1051 281 180 316 234
pottedplant 0.0995 127 141 165 185
pottedplant 0.0760 131 137 161 168
pottedplant 0.0195 283 204 308 239
pottedplant 0.0180 146 146 174 180
pottedplant 0.0162 281 128 316 233
pottedplant 0.0152 397 160 427 196
pottedplant 0.0143 393 200 491 288
pottedplant 0.0136 257 133 293 229
pottedplant 0.0123 347 206 463 276
pottedplant 0.0104 256 119 293 184
pottedplant 0.0101 49 153 82 181
pottedplant 0.0097 222 132 284 242
pottedplant 0.0087 307 188 425 243
pottedplant 0.0081 341 194 466 242
pottedplant 0.0080 292 158 333 231
pottedplant 0.0080 414 150 444 181
pottedplant 0.0077 51 165 83 189
pottedplant 0.0076 239 124 277 183
pottedplant 0.0074 319 186 492 311
pottedplant 0.0073 394 125 432 147
pottedplant 0.0071 378 135 449 199
pottedplant 0.0070 179 181 227 232
pottedplant 0.0066 144 189 190 230
pottedplant 0.0053 241 124 334 202
pottedplant 0.0046 268 119 329 243
pottedplant 0.0044 245 138 270 170
pottedplant 0.0044 163 191 195 220
pottedplant 0.0043 261 121 289 153
pottedplant 0.0040 139 129 178 177
pottedplant 0.0039 244 148 332 227
pottedplant 0.0034 200 177 234 241
pottedplant 0.0033 285 174 310 215
pottedplant 0.0032 329 202 381 244
pottedplant 0.0032 261 179 305 238
pottedplant 0.0029 355 150 454 226
pottedplant 0.0028 473 202 500 273
pottedplant 0.0028 400 135 430 169
pottedplant 0.0026 130 160 157 193
pottedplant 0.0025 341 194 372 221
pottedplant 0.0022 355 194 392 220
pottedplant 0.0020 263 133 288 168
pottedplant 0.0020 446 206 498 268
pottedplant 0.0020 263 208 299 233
pottedplant 0.0019 389 115 440 158
pottedplant 0.0019 320 208 412 283
pottedplant 0.0019 322 152 345 182
pottedplant 0.0018 436 187 502 288
pottedplant 0.0016 346 191 400 228
pottedplant 0.0015 335 187 380 229
pottedplant 0.0015 407 152 451 203
pottedplant 0.0015 264 145 287 183
pottedplant 0.0015 319 110 489 263
pottedplant 0.0014 193 106 311 271
pottedplant 0.0014 185 191 219 223
pottedplant 0.0014 338 207 372 237
pottedplant 0.0013 46 156 89 197
pottedplant 0.0013 110 121 177 183
pottedplant 0.0013 383 174 438 211
pottedplant 0.0012 201 139 237 221
pottedplant 0.0012 248 121 274 154
pottedplant 0.0012 318 195 353 220
pottedplant 0.0012 277 156 375 225
pottedplant 0.0012 170 147 252 228
pottedplant 0.0011 286 161 310 197
pottedplant 0.0011 314 167 355 223
pottedplant 0.0011 208 165 232 196
pottedplant 0.0010 373 184 414 204
pottedplant 0.0010 139 171 187 221
pottedplant 0.0010 162 172 201 221
train 0.0013 243 -3 406 37
tvmonitor 0.0014 266 0 331 39
