chair 0.4909 219 122 285 219
chair 0.4895 307 95 345 143
chair 0.2351 351 81 400 166
chair 0.2109 354 107 401 202
chair 0.1591 243 124 354 271
chair 0.1473 158 185 367 295
chair 0.1363 169 257 275 304
chair 0.1015 227 101 291 162
chair 0.0953 150 238 253 299
chair 0.0797 263 93 307 125
chair 0.0646 346 73 409 221
chair 0.0574 236 107 296 201
chair 0.0546 211 137 326 302
chair 0.0525 299 87 337 135
chair 0.0454 226 110 298 279
chair 0.0438 199 103 273 199
chair 0.0399 233 90 275 125
chair 0.0359 278 95 320 143
chair 0.0345 5 122 151 279
chair 0.0289 381 91 400 173
chair 0.0279 153 220 300 307
chair 0.0279 380 126 399 229
chair 0.0231 238 87 267 109
chair 0.0212 325 97 363 144
chair 0.0189 377 69 400 149
chair 0.0181 260 180 337 268
chair 0.0160 261 104 319 195
chair 0.0140 264 96 300 167
chair 0.0134 358 70 401 123
chair 0.0129 296 107 337 152
chair 0.0129 -6 148 101 290
chair 0.0126 287 104 345 190
chair 0.0121 83 57 123 96
chair 0.0110 344 87 377 154
chair 0.0110 89 65 135 106
chair 0.0103 317 103 340 138
chair 0.0101 219 80 258 118
chair 0.0099 228 153 282 249
chair 0.0099 305 75 357 145
chair 0.0091 243 89 336 216
chair 0.0085 -5 102 43 185
chair 0.0079 297 131 399 305
chair 0.0076 152 215 252 278
chair 0.0065 173 106 241 182
chair 0.0064 229 79 291 132
chair 0.0064 284 149 358 241
chair 0.0063 270 94 328 168
chair 0.0063 246 90 290 124
chair 0.0062 334 109 390 186
chair 0.0059 347 145 400 232
chair 0.0053 161 139 241 204
chair 0.0051 160 100 236 155
chair 0.0045 200 160 270 224
chair 0.0042 319 233 399 299
chair 0.0042 183 242 336 296
chair 0.0040 320 147 381 236
chair 0.0040 222 87 253 111
chair 0.0040 322 97 395 150
chair 0.0039 248 116 289 174
chair 0.0039 384 114 399 149
chair 0.0038 278 84 363 216
chair 0.0037 181 102 227 140
chair 0.0034 315 203 394 283
chair 0.0033 167 74 234 130
chair 0.0031 5 179 86 257
chair 0.0031 133 115 207 177
chair 0.0030 67 161 144 231
chair 0.0029 236 262 347 303
chair 0.0027 65 217 272 302
chair 0.0026 134 114 264 230
chair 0.0026 236 109 276 179
chair 0.0026 339 135 423 302
chair 0.0026 161 257 196 304
chair 0.0026 255 241 374 298
chair 0.0025 129 242 279 331
chair 0.0025 60 188 154 244
chair 0.0025 0 64 21 176
chair 0.0024 189 79 265 131
chair 0.0023 256 81 334 131
chair 0.0022 250 132 319 224
chair 0.0022 173 128 292 259
chair 0.0022 279 205 369 281
chair 0.0022 111 236 228 293
chair 0.0022 303 103 328 139
chair 0.0021 187 85 220 132
chair 0.0021 252 92 285 149
chair 0.0020 219 98 256 141
chair 0.0020 229 219 415 298
chair 0.0020 385 126 399 161
chair 0.0019 305 96 329 126
chair 0.0019 318 97 397 244
chair 0.0019 -16 110 49 283
chair 0.0018 383 93 399 125
chair 0.0018 313 109 343 176
chair 0.0017 286 63 341 135
chair 0.0017 334 89 362 107
chair 0.0017 267 89 302 108
chair 0.0016 350 112 376 173
chair 0.0016 234 174 303 257
chair 0.0015 13 149 73 242
chair 0.0015 349 85 370 107
chair 0.0015 0 193 47 292
chair 0.0015 128 148 272 288
chair 0.0014 255 172 370 229
chair 0.0014 36 158 119 229
chair 0.0014 367 94 391 122
chair 0.0014 352 176 414 262
chair 0.0013 330 63 394 134
chair 0.0013 367 106 390 137
chair 0.0013 226 115 254 220
chair 0.0012 303 86 332 107
chair 0.0012 383 104 398 138
chair 0.0012 174 65 283 196
chair 0.0012 161 165 241 228
chair 0.0011 281 98 313 119
chair 0.0011 118 72 139 98
chair 0.0011 341 70 376 125
chair 0.0011 147 278 267 304
chair 0.0011 -8 146 43 247
chair 0.0011 0 116 18 192
chair 0.0011 191 182 271 254
chair 0.0010 347 213 401 305
chair 0.0010 183 248 227 294
chair 0.0010 207 209 314 279
chair 0.0010 35 179 180 301
chair 0.0010 313 179 393 251
chair 0.0010 159 53 239 110
diningtable 0.0046 120 179 402 303
diningtable 0.0025 192 102 392 288
diningtable 0.0013 261 91 339 129
person 0.0010 118 -5 147 88
tvmonitor 0.8098 47 106 120 179
tvmonitor 0.5916 254 57 289 93
tvmonitor 0.4063 308 57 346 92
tvmonitor 0.3271 60 101 137 161
tvmonitor 0.3049 363 58 396 93
tvmonitor 0.1861 304 63 332 86
tvmonitor 0.1498 79 109 122 158
tvmonitor 0.1323 33 69 79 103
tvmonitor 0.0836 144 98 180 141
tvmonitor 0.0309 49 93 152 199
tvmonitor 0.0220 208 57 242 91
tvmonitor 0.0208 133 95 189 164
tvmonitor 0.0207 123 98 167 144
tvmonitor 0.0184 6 -4 69 83
tvmonitor 0.0129 241 59 271 92
tvmonitor 0.0108 365 71 391 98
tvmonitor 0.0098 0 10 38 72
tvmonitor 0.0097 161 54 187 76
tvmonitor 0.0097 158 53 189 94
tvmonitor 0.0081 52 113 117 153
tvmonitor 0.0079 157 89 189 132
tvmonitor 0.0072 -2 11 20 69
tvmonitor 0.0069 372 56 403 115
tvmonitor 0.0065 87 119 115 145
tvmonitor 0.0055 151 105 175 135
tvmonitor 0.0049 346 56 404 96
tvmonitor 0.0049 267 63 296 87
tvmonitor 0.0045 124 65 162 106
tvmonitor 0.0044 301 63 336 104
tvmonitor 0.0044 67 73 150 138
tvmonitor 0.0044 285 66 313 87
tvmonitor 0.0044 117 96 147 144
tvmonitor 0.0042 1 52 82 111
tvmonitor 0.0040 63 62 146 104
tvmonitor 0.0037 324 57 359 94
tvmonitor 0.0035 136 71 199 143
tvmonitor 0.0034 0 59 25 137
tvmonitor 0.0031 0 0 91 117
tvmonitor 0.0030 231 47 288 115
tvmonitor 0.0029 108 73 174 140
tvmonitor 0.0026 130 54 157 73
tvmonitor 0.0026 23 57 130 105
tvmonitor 0.0026 316 71 341 98
tvmonitor 0.0024 101 98 181 156
tvmonitor 0.0024 -6 52 160 162
tvmonitor 0.0021 330 65 357 87
tvmonitor 0.0021 220 63 251 82
tvmonitor 0.0020 29 78 122 138
tvmonitor 0.0019 192 65 223 85
tvmonitor 0.0018 -1 29 20 96
tvmonitor 0.0017 10 71 74 141
tvmonitor 0.0016 303 72 330 95
tvmonitor 0.0016 3 98 89 160
tvmonitor 0.0016 142 4 186 33
tvmonitor 0.0014 126 44 158 84
tvmonitor 0.0014 3 29 41 97
tvmonitor 0.0013 332 77 361 96
tvmonitor 0.0013 188 57 226 94
tvmonitor 0.0013 208 57 240 74
tvmonitor 0.0013 257 54 283 76
tvmonitor 0.0013 330 67 363 105
tvmonitor 0.0012 -12 19 53 93
tvmonitor 0.0011 0 24 17 55
tvmonitor 0.0010 110 65 144 104
tvmonitor 0.0010 305 56 354 116
tvmonitor 0.0010 377 74 402 98
