bottle 0.1094 277 238 366 369
bottle 0.0399 360 305 393 370
bottle 0.0308 373 252 403 365
bottle 0.0045 361 218 396 344
bottle 0.0029 341 246 372 345
bottle 0.0028 364 302 389 345
bottle 0.0026 261 232 387 324
bottle 0.0018 306 256 419 354
bottle 0.0017 341 188 370 286
bottle 0.0015 364 331 389 374
bottle 0.0015 340 269 407 378
chair 0.0149 474 192 501 312
chair 0.0045 0 280 28 393
chair 0.0036 0 297 44 377
chair 0.0028 452 196 492 306
chair 0.0025 476 278 500 369
chair 0.0020 286 332 446 379
chair 0.0013 453 136 495 252
chair 0.0012 186 332 314 381
chair 0.0010 388 296 494 366
diningtable 0.0075 240 267 490 381
diningtable 0.0039 128 329 295 383
diningtable 0.0024 281 291 449 367
person 0.8962 324 101 487 381
person 0.7975 113 233 295 368
person 0.7509 16 57 187 373
person 0.5563 192 90 293 293
person 0.4307 241 78 333 301
person 0.3546 150 39 215 173
person 0.1749 265 232 381 373
person 0.0839 370 176 510 360
person 0.0627 245 84 402 349
person 0.0597 13 156 332 391
person 0.0557 154 103 273 387
person 0.0542 471 64 501 208
person 0.0272 431 79 509 348
person 0.0257 153 50 261 206
person 0.0252 259 75 338 191
person 0.0234 14 221 258 372
person 0.0194 443 14 510 245
person 0.0176 131 26 213 285
person 0.0171 476 152 500 293
person 0.0154 459 82 494 220
person 0.0127 7 80 111 349
person 0.0120 86 209 489 394
person 0.0119 62 37 201 217
person 0.0113 223 262 428 384
person 0.0112 87 132 259 357
person 0.0097 282 93 455 280
person 0.0090 290 175 451 365
person 0.0084 478 215 503 375
person 0.0067 184 98 469 390
person 0.0064 475 122 500 237
person 0.0055 225 221 292 369
person 0.0053 206 90 282 223
person 0.0052 173 184 321 361
person 0.0032 142 69 187 146
person 0.0028 -21 103 72 330
person 0.0028 37 167 153 269
person 0.0025 441 114 498 260
person 0.0021 152 242 250 347
person 0.0021 382 85 504 298
person 0.0020 206 232 296 321
person 0.0020 199 254 311 354
person 0.0019 156 54 245 134
person 0.0019 184 115 257 245
person 0.0018 474 17 500 142
person 0.0018 0 22 267 295
person 0.0018 123 262 371 387
person 0.0016 239 106 280 169
person 0.0016 1 205 29 355
person 0.0015 144 96 209 221
person 0.0013 172 90 271 186
person 0.0013 147 104 185 198
person 0.0013 244 154 320 275
person 0.0013 173 64 226 151
person 0.0013 231 237 278 324
person 0.0011 392 212 495 335
person 0.0011 397 116 487 201
person 0.0011 258 81 374 244
person 0.0010 168 154 262 277
person 0.0010 209 98 308 177
person 0.0010 367 46 510 214
person 0.0010 125 47 206 143
pottedplant 0.0141 -7 20 65 123
pottedplant 0.0123 448 -3 516 210
pottedplant 0.0051 -23 -5 77 153
pottedplant 0.0047 474 19 499 168
pottedplant 0.0021 12 -3 91 93
tvmonitor 0.0053 421 168 447 194
tvmonitor 0.0024 412 120 448 183
tvmonitor 0.0021 433 167 465 194
tvmonitor 0.0020 -4 3 64 125
tvmonitor 0.0010 452 146 495 210
