bottle 0.0282 228 288 283 332
bottle 0.0120 239 293 274 327
bottle 0.0040 230 293 255 331
bottle 0.0024 214 275 301 344
bottle 0.0021 247 279 273 313
bottle 0.0017 241 272 279 323
car 0.0592 469 115 500 214
car 0.0052 475 145 499 186
car 0.0050 461 111 493 195
car 0.0034 475 133 499 172
car 0.0023 475 160 499 199
car 0.0016 463 133 485 171
car 0.0016 475 121 499 156
chair 0.0010 4 292 109 373
person 0.8823 45 48 300 384
person 0.6335 260 73 394 359
person 0.4535 175 162 312 378
person 0.0575 99 107 398 384
person 0.0534 169 6 335 188
person 0.0233 234 41 362 270
person 0.0231 473 159 499 228
person 0.0204 62 48 216 274
person 0.0076 46 -14 376 216
person 0.0037 157 106 343 327
person 0.0036 63 175 283 368
person 0.0034 235 293 333 370
person 0.0030 200 162 283 256
person 0.0026 300 299 343 377
person 0.0024 287 110 428 322
person 0.0023 122 36 300 222
person 0.0022 254 103 338 227
person 0.0018 227 82 259 164
person 0.0017 245 43 332 163
person 0.0016 264 161 387 271
person 0.0016 156 8 419 310
person 0.0015 213 283 305 363
person 0.0013 481 188 500 224
person 0.0013 202 18 299 123
person 0.0011 164 331 334 376
pottedplant 0.0010 2 39 47 116
