bus 0.6841 56 113 365 232
bus 0.0408 136 127 440 245
bus 0.0085 278 101 442 234
bus 0.0028 181 134 319 201
bus 0.0021 51 124 223 250
bus 0.0015 47 42 452 239
bus 0.0012 159 159 340 221
bus 0.0012 77 132 192 205
car 0.0047 0 174 23 199
car 0.0019 12 173 39 199
person 0.0120 265 147 292 171
person 0.0035 92 148 120 170
person 0.0034 322 135 350 159
person 0.0033 110 147 138 170
person 0.0030 401 146 423 175
person 0.0026 129 148 159 169
person 0.0021 283 174 313 196
person 0.0019 188 148 215 170
person 0.0018 423 182 441 218
person 0.0017 303 148 330 170
person 0.0016 361 148 386 172
person 0.0015 418 194 443 223
person 0.0011 303 133 329 160
person 0.0011 302 174 331 196
person 0.0011 189 135 214 161
person 0.0011 17 145 41 171
person 0.0010 380 148 408 173
