bottle 0.0089 0 126 23 234
car 0.0367 335 26 374 43
car 0.0165 220 27 259 44
car 0.0133 199 28 243 44
car 0.0100 168 27 197 47
car 0.0084 265 19 299 112
car 0.0081 445 1 499 17
car 0.0048 476 0 501 73
car 0.0041 318 25 360 43
car 0.0036 474 3 500 34
car 0.0032 385 -8 500 39
car 0.0030 446 2 500 42
car 0.0027 179 28 222 44
car 0.0023 146 27 180 45
car 0.0018 419 0 482 15
car 0.0017 403 0 501 70
car 0.0016 468 -1 505 20
car 0.0014 480 15 500 58
car 0.0010 407 0 457 15
cat 0.0087 77 82 216 291
cat 0.0019 -9 48 280 326
dog 0.5516 70 86 428 345
dog 0.4091 252 226 416 372
dog 0.0999 371 159 451 232
dog 0.0944 108 78 314 304
dog 0.0381 314 227 492 361
dog 0.0296 271 113 370 212
dog 0.0257 331 162 484 332
dog 0.0228 277 137 453 353
dog 0.0146 351 108 469 262
dog 0.0093 242 114 398 261
dog 0.0071 359 188 454 289
dog 0.0071 356 249 465 348
dog 0.0066 145 166 507 380
dog 0.0040 337 242 407 347
dog 0.0030 398 226 478 333
dog 0.0027 346 252 397 313
dog 0.0024 305 118 414 207
dog 0.0021 281 82 450 236
dog 0.0013 181 187 400 359
person 0.7174 375 3 492 193
person 0.1111 90 91 485 398
person 0.0381 426 1 483 157
person 0.0304 378 10 415 176
person 0.0183 477 -2 500 130
person 0.0092 235 153 418 339
person 0.0063 89 49 128 138
person 0.0036 366 5 439 138
person 0.0031 -18 18 68 242
person 0.0031 339 73 472 236
person 0.0018 446 1 489 130
person 0.0016 32 31 161 230
person 0.0014 432 22 508 122
person 0.0011 480 40 499 87
person 0.0011 266 -5 294 106
person 0.0010 4 131 41 230
person 0.0010 394 72 486 186
pottedplant 0.0178 13 14 99 125
pottedplant 0.0104 2 -1 107 202
pottedplant 0.0034 22 4 110 69
pottedplant 0.0022 -17 20 57 121
pottedplant 0.0019 33 23 98 73
pottedplant 0.0017 23 6 75 92
pottedplant 0.0016 6 76 40 199
pottedplant 0.0014 -27 3 65 80
pottedplant 0.0013 -5 -29 115 118
pottedplant 0.0013 7 7 45 94
pottedplant 0.0011 -39 -12 84 158
