bottle 0.0090 341 262 378 328
bottle 0.0042 342 334 403 375
bottle 0.0016 373 0 403 74
bottle 0.0016 364 4 394 69
bottle 0.0016 420 164 449 196
bottle 0.0013 50 165 86 251
bottle 0.0013 235 172 279 243
bottle 0.0011 84 206 116 271
bottle 0.0010 146 305 187 374
car 0.0253 8 235 112 319
car 0.0192 0 195 127 342
car 0.0015 1 232 25 329
chair 0.0466 290 37 383 120
chair 0.0251 454 86 498 184
chair 0.0205 374 71 421 114
chair 0.0130 245 115 328 203
chair 0.0076 264 52 303 102
chair 0.0055 140 64 178 125
chair 0.0046 474 137 499 163
chair 0.0041 469 106 500 193
chair 0.0033 234 70 272 115
chair 0.0033 244 63 269 99
chair 0.0032 331 37 373 120
chair 0.0031 450 83 500 135
chair 0.0029 189 71 255 113
chair 0.0025 306 64 417 129
chair 0.0023 321 331 431 376
chair 0.0019 268 47 296 84
chair 0.0019 237 96 342 165
chair 0.0019 165 76 207 133
chair 0.0017 170 90 198 120
chair 0.0016 312 90 420 168
chair 0.0015 148 77 174 111
chair 0.0013 291 42 349 85
chair 0.0013 145 89 176 122
chair 0.0012 415 181 448 202
chair 0.0011 439 109 503 205
person 0.8236 54 43 129 272
person 0.7950 121 120 292 376
person 0.7512 -9 61 65 248
person 0.7082 280 211 443 379
person 0.6438 368 148 407 214
person 0.4725 425 132 475 195
person 0.1756 3 79 97 284
person 0.1623 167 58 209 125
person 0.1041 65 46 194 274
person 0.0480 368 230 451 367
person 0.0289 61 50 361 325
person 0.0264 331 143 408 228
person 0.0252 65 41 138 160
person 0.0222 176 57 216 105
person 0.0137 156 56 246 125
person 0.0133 75 64 140 210
person 0.0115 272 51 312 101
person 0.0106 113 147 462 399
person 0.0104 -2 51 51 158
person 0.0102 231 97 342 336
person 0.0094 286 332 447 376
person 0.0091 62 51 115 106
person 0.0086 107 69 313 247
person 0.0083 265 39 303 92
person 0.0082 148 107 353 272
person 0.0080 0 78 23 252
person 0.0069 31 92 148 329
person 0.0069 364 157 392 204
person 0.0063 362 142 438 229
person 0.0062 318 243 413 358
person 0.0059 83 131 197 356
person 0.0056 12 110 79 251
person 0.0047 478 184 499 290
person 0.0044 -3 65 272 367
person 0.0042 359 121 449 199
person 0.0040 -14 105 73 322
person 0.0037 241 132 413 356
person 0.0037 81 53 180 147
person 0.0035 279 49 309 80
person 0.0035 0 168 23 306
person 0.0034 193 68 308 134
person 0.0032 435 143 466 185
person 0.0032 325 159 482 332
person 0.0032 399 131 473 228
person 0.0032 15 65 90 197
person 0.0031 427 148 464 206
person 0.0029 318 206 413 289
person 0.0027 74 43 124 91
person 0.0026 51 38 207 175
person 0.0024 50 94 83 207
person 0.0023 478 150 503 238
person 0.0023 0 53 29 130
person 0.0022 171 61 201 98
person 0.0021 353 230 442 316
person 0.0020 282 36 309 65
person 0.0020 359 207 451 287
person 0.0019 33 92 63 238
person 0.0018 319 125 414 194
person 0.0017 254 154 323 277
person 0.0017 82 112 161 246
person 0.0017 -3 143 59 272
person 0.0016 47 105 124 225
person 0.0016 1 43 46 115
person 0.0015 356 179 449 254
person 0.0014 131 65 222 133
person 0.0014 268 37 295 66
person 0.0014 374 154 406 181
person 0.0012 476 220 501 340
person 0.0011 316 176 409 259
person 0.0011 253 46 343 107
person 0.0011 395 207 489 286
person 0.0011 71 61 103 94
person 0.0011 330 110 476 270
person 0.0010 185 54 211 83
person 0.0010 159 38 341 159
person 0.0010 2 205 45 300
person 0.0010 284 138 445 296
sofa 0.0014 277 60 450 199
sofa 0.0010 235 34 417 161
tvmonitor 0.0716 451 92 501 149
tvmonitor 0.0026 295 40 340 64
tvmonitor 0.0023 455 103 491 137
tvmonitor 0.0015 54 106 80 139
tvmonitor 0.0014 126 81 168 132
tvmonitor 0.0014 469 65 499 152
