chair 0.1447 33 220 182 438
chair 0.0154 188 179 300 472
chair 0.0092 61 213 150 285
chair 0.0078 274 239 378 488
chair 0.0051 242 150 363 432
chair 0.0035 151 215 279 440
chair 0.0021 307 169 346 233
chair 0.0019 206 230 283 346
chair 0.0016 69 170 247 405
chair 0.0016 294 337 368 470
chair 0.0015 179 270 257 385
chair 0.0014 211 260 281 393
chair 0.0013 182 228 252 342
chair 0.0012 289 163 363 239
chair 0.0012 150 234 225 342
chair 0.0011 42 216 88 270
diningtable 0.0687 228 197 380 454
diningtable 0.0118 26 127 290 447
diningtable 0.0068 130 155 359 495
diningtable 0.0017 251 273 361 382
person 0.0017 207 96 397 480
pottedplant 0.2941 116 130 193 231
pottedplant 0.0287 85 158 172 254
pottedplant 0.0283 61 130 200 296
pottedplant 0.0204 102 95 202 260
pottedplant 0.0070 103 150 144 209
pottedplant 0.0049 94 140 218 365
pottedplant 0.0047 147 133 186 229
pottedplant 0.0038 117 203 198 289
pottedplant 0.0035 78 144 164 218
pottedplant 0.0029 114 145 155 216
pottedplant 0.0029 148 202 186 276
pottedplant 0.0025 69 220 181 288
pottedplant 0.0019 109 158 136 201
pottedplant 0.0018 118 98 198 182
pottedplant 0.0017 159 150 193 211
pottedplant 0.0016 129 156 172 245
pottedplant 0.0014 153 157 209 267
pottedplant 0.0014 132 114 174 175
sofa 0.0135 65 206 183 389
sofa 0.0016 3 187 199 464
tvmonitor 0.0023 301 353 375 473
