bottle 0.0016 325 235 354 285
bottle 0.0014 314 257 425 333
bottle 0.0010 245 107 271 134
chair 0.0038 1 77 90 151
chair 0.0032 -3 89 63 193
chair 0.0030 1 267 47 332
chair 0.0028 -10 47 70 237
chair 0.0025 133 193 285 336
chair 0.0012 -1 245 27 328
chair 0.0012 -1 41 21 148
person 0.9386 29 62 159 324
person 0.9232 337 108 491 321
person 0.8679 147 93 261 337
person 0.7837 213 37 290 150
person 0.6376 264 104 378 334
person 0.4456 84 -5 257 135
person 0.2424 194 43 309 183
person 0.0567 86 98 336 335
person 0.0553 238 107 333 289
person 0.0494 241 138 489 345
person 0.0476 -12 82 62 298
person 0.0240 275 120 321 170
person 0.0219 22 83 246 349
person 0.0201 280 104 354 191
person 0.0130 135 8 286 169
person 0.0123 63 61 192 275
person 0.0116 291 112 335 182
person 0.0103 221 63 347 219
person 0.0101 194 81 305 260
person 0.0092 228 23 334 165
person 0.0091 0 110 20 259
person 0.0071 245 113 318 217
person 0.0058 149 113 428 321
person 0.0057 381 179 506 348
person 0.0054 -11 81 128 253
person 0.0052 -2 135 58 249
person 0.0051 373 86 495 256
person 0.0046 431 100 515 337
person 0.0045 100 49 247 130
person 0.0039 166 3 258 74
person 0.0037 187 0 306 141
person 0.0036 39 144 149 240
person 0.0032 0 164 24 305
person 0.0032 288 100 445 287
person 0.0031 -16 143 129 331
person 0.0027 41 -10 304 241
person 0.0027 165 105 254 183
person 0.0027 182 112 223 181
person 0.0027 141 62 285 222
person 0.0026 113 71 241 270
person 0.0025 220 115 290 221
person 0.0025 -1 63 23 202
person 0.0024 209 187 367 340
person 0.0024 -14 18 70 213
person 0.0024 41 36 227 192
person 0.0023 340 101 410 192
person 0.0022 478 133 503 261
person 0.0022 168 23 259 108
person 0.0020 404 253 494 332
person 0.0020 4 86 48 206
person 0.0020 308 119 357 176
person 0.0019 355 102 400 163
person 0.0017 267 78 383 203
person 0.0016 147 160 259 269
person 0.0015 259 107 340 164
person 0.0014 48 79 142 149
person 0.0014 216 43 263 125
person 0.0014 253 119 304 175
person 0.0013 285 163 361 270
person 0.0013 272 93 377 150
person 0.0011 217 73 339 141
person 0.0011 356 165 463 270
person 0.0011 201 95 317 169
person 0.0010 175 2 230 61
person 0.0010 17 140 101 241
person 0.0010 310 235 498 345
person 0.0010 241 231 416 341
person 0.0010 357 116 453 212
sofa 0.0636 15 143 169 333
sofa 0.0037 100 150 258 325
sofa 0.0019 37 196 222 328
sofa 0.0016 -21 146 291 335
tvmonitor 0.0017 412 123 463 168
