chair 0.0506 -2 344 37 407
chair 0.0395 3 321 118 503
chair 0.0313 21 317 106 411
chair 0.0166 97 323 186 417
chair 0.0113 71 306 260 438
chair 0.0091 20 297 109 367
chair 0.0076 19 354 102 455
chair 0.0072 3 324 78 402
chair 0.0062 7 335 70 479
chair 0.0060 2 294 110 337
chair 0.0055 179 231 218 293
chair 0.0052 215 236 255 289
chair 0.0051 1 387 79 494
chair 0.0046 256 282 331 381
chair 0.0040 237 258 261 291
chair 0.0038 0 294 33 380
chair 0.0038 221 259 251 290
chair 0.0036 155 290 234 373
chair 0.0035 228 310 308 403
chair 0.0035 126 294 204 363
chair 0.0033 88 275 152 357
chair 0.0033 76 286 139 385
chair 0.0032 0 327 21 419
chair 0.0032 47 286 133 358
chair 0.0031 28 325 200 475
chair 0.0030 251 259 275 295
chair 0.0028 149 320 281 401
chair 0.0023 100 292 181 369
chair 0.0022 216 260 320 327
chair 0.0021 258 246 286 303
chair 0.0019 139 268 181 334
chair 0.0019 177 269 298 330
chair 0.0019 111 339 233 407
chair 0.0018 0 358 16 504
chair 0.0016 123 254 262 412
chair 0.0016 141 282 254 348
chair 0.0016 151 257 232 323
chair 0.0016 49 304 141 404
chair 0.0016 67 353 163 450
chair 0.0016 208 222 290 297
chair 0.0015 0 353 42 509
chair 0.0013 236 244 348 405
chair 0.0013 230 232 268 290
chair 0.0013 -2 335 17 371
chair 0.0013 224 244 248 283
chair 0.0013 43 263 148 334
chair 0.0012 100 284 143 344
chair 0.0012 4 356 32 397
chair 0.0012 242 232 284 292
chair 0.0011 85 312 156 399
chair 0.0011 38 305 76 331
chair 0.0011 -5 358 68 425
chair 0.0011 107 283 138 313
chair 0.0011 -1 372 18 410
chair 0.0011 183 257 214 293
chair 0.0011 25 303 62 331
chair 0.0010 3 291 72 377
chair 0.0010 98 301 141 372
chair 0.0010 2 375 34 412
chair 0.0010 12 299 167 438
diningtable 0.0389 -2 361 130 509
diningtable 0.0218 124 326 309 482
diningtable 0.0126 98 295 286 438
diningtable 0.0102 15 393 110 496
diningtable 0.0071 31 301 301 502
diningtable 0.0019 95 351 224 432
diningtable 0.0011 167 353 262 459
diningtable 0.0011 131 267 355 537
person 0.0040 0 253 14 301
person 0.0016 0 243 18 392
person 0.0011 5 265 27 294
pottedplant 0.0131 134 197 182 322
pottedplant 0.0071 141 225 173 333
pottedplant 0.0060 42 205 75 276
pottedplant 0.0041 0 191 17 292
pottedplant 0.0033 140 241 200 335
pottedplant 0.0028 1 235 14 286
pottedplant 0.0021 43 267 71 292
pottedplant 0.0020 111 240 169 343
pottedplant 0.0017 137 -4 210 59
pottedplant 0.0014 57 71 83 98
pottedplant 0.0010 31 197 82 287
sofa 0.4916 175 270 312 392
sofa 0.0210 116 297 316 425
sofa 0.0136 149 288 287 370
sofa 0.0061 185 262 302 329
sofa 0.0018 138 212 295 369
tvmonitor 0.0011 89 204 126 278
