bicycle 0.2167 14 192 369 459
bicycle 0.0214 61 221 220 430
bicycle 0.0048 108 235 275 429
bicycle 0.0013 102 270 179 389
bicycle 0.0013 125 316 207 424
bicycle 0.0013 -5 203 236 523
bicycle 0.0012 130 269 202 385
bicycle 0.0010 154 272 230 381
car 0.0893 4 151 379 426
car 0.0516 139 185 345 466
car 0.0028 152 211 191 235
car 0.0026 217 233 326 486
car 0.0011 166 212 203 235
car 0.0010 147 202 194 245
motorbike 0.1989 80 178 355 472
motorbike 0.0198 -40 128 271 448
motorbike 0.0024 133 213 301 441
person 0.0564 66 137 369 438
person 0.0086 251 153 293 215
person 0.0046 6 90 275 409
person 0.0042 166 155 318 348
person 0.0038 234 128 303 222
person 0.0033 107 191 276 392
person 0.0023 133 236 199 349
