bottle 0.0040 208 306 271 372
bottle 0.0031 133 47 154 78
bottle 0.0022 188 34 215 63
bottle 0.0020 166 49 191 77
bottle 0.0020 1 87 16 129
bottle 0.0013 135 34 152 72
bottle 0.0012 -1 63 20 152
car 0.0087 391 55 432 72
car 0.0068 375 56 414 72
car 0.0021 54 79 85 103
chair 0.0106 273 131 380 193
chair 0.0019 92 209 186 270
chair 0.0016 260 102 469 219
chair 0.0014 305 124 426 201
chair 0.0012 261 151 391 211
chair 0.0010 160 128 200 203
person 0.7087 225 209 257 291
person 0.6283 173 154 258 285
person 0.3212 201 124 277 302
person 0.3094 177 213 219 288
person 0.2113 457 33 479 70
person 0.1770 345 46 372 77
person 0.0615 444 34 465 70
person 0.0500 359 37 383 70
person 0.0474 322 49 349 76
person 0.0457 339 46 380 108
person 0.0428 151 142 178 215
person 0.0359 301 49 333 76
person 0.0340 211 127 262 260
person 0.0339 206 197 273 284
person 0.0310 354 48 387 74
person 0.0202 301 38 329 70
person 0.0131 200 121 271 215
person 0.0105 435 49 466 72
person 0.0098 478 33 497 70
person 0.0088 203 121 242 268
person 0.0079 288 48 313 78
person 0.0072 147 113 174 193
person 0.0062 159 147 202 214
person 0.0057 339 33 378 71
person 0.0054 313 49 354 109
person 0.0048 222 189 266 262
person 0.0044 401 40 425 68
person 0.0041 296 42 341 114
person 0.0034 289 35 312 68
person 0.0033 142 162 177 222
person 0.0032 381 39 409 68
person 0.0029 420 39 446 67
person 0.0028 194 209 247 289
person 0.0025 182 174 223 278
person 0.0025 274 39 379 99
person 0.0023 312 45 395 111
person 0.0019 174 131 255 199
person 0.0019 127 194 241 282
person 0.0019 272 63 380 139
person 0.0018 149 143 171 190
person 0.0017 240 199 272 222
person 0.0016 316 43 356 83
person 0.0016 478 48 498 79
person 0.0013 471 25 502 73
person 0.0012 167 201 206 276
person 0.0012 327 39 483 94
person 0.0012 306 69 425 137
person 0.0011 283 29 319 76
person 0.0011 168 92 254 167
person 0.0011 144 131 212 228
person 0.0010 183 228 213 274
person 0.0010 230 213 255 265
pottedplant 0.0152 71 50 96 84
pottedplant 0.0095 326 0 378 39
pottedplant 0.0092 316 0 357 20
pottedplant 0.0090 150 51 176 77
pottedplant 0.0082 65 40 99 91
pottedplant 0.0069 335 6 370 34
pottedplant 0.0041 350 3 399 42
pottedplant 0.0032 357 8 390 35
pottedplant 0.0028 56 62 83 94
pottedplant 0.0014 332 0 375 21
pottedplant 0.0014 310 -7 366 26
pottedplant 0.0013 367 -3 415 47
pottedplant 0.0012 317 8 357 32
pottedplant 0.0010 222 41 257 62
