bicycle 0.3644 221 228 378 487
bicycle 0.0468 197 148 354 438
bicycle 0.0029 107 187 382 463
bicycle 0.0016 149 211 283 426
bird 0.1923 92 278 121 359
bird 0.0038 95 282 120 321
bird 0.0013 95 308 118 358
car 0.0088 152 188 180 222
car 0.0065 153 206 183 238
car 0.0049 163 208 193 238
car 0.0033 150 197 187 248
car 0.0027 149 177 186 230
chair 0.1045 228 161 372 495
chair 0.0021 170 178 264 258
chair 0.0020 231 117 300 251
chair 0.0013 272 220 336 359
chair 0.0011 335 257 384 398
person 0.3940 160 198 265 377
person 0.0157 168 173 321 405
person 0.0087 170 208 260 303
person 0.0033 163 212 226 350
person 0.0022 150 205 188 268
person 0.0014 144 213 219 303
pottedplant 0.1340 240 115 309 235
pottedplant 0.0676 221 76 327 271
pottedplant 0.0576 238 164 312 259
pottedplant 0.0296 238 111 367 389
pottedplant 0.0246 235 85 302 193
pottedplant 0.0138 212 0 334 198
pottedplant 0.0134 239 37 309 159
pottedplant 0.0110 69 -18 184 213
pottedplant 0.0102 32 7 169 263
pottedplant 0.0099 211 42 279 151
pottedplant 0.0087 295 160 367 267
pottedplant 0.0081 269 115 331 238
pottedplant 0.0080 205 55 399 445
pottedplant 0.0065 92 35 169 153
pottedplant 0.0060 287 196 358 324
pottedplant 0.0040 196 36 293 232
pottedplant 0.0034 274 181 333 310
pottedplant 0.0034 241 33 363 242
pottedplant 0.0033 94 -2 164 114
pottedplant 0.0033 145 83 214 205
pottedplant 0.0032 240 180 309 318
pottedplant 0.0030 -6 -8 88 282
pottedplant 0.0028 206 7 282 107
pottedplant 0.0025 271 113 383 315
pottedplant 0.0023 62 33 140 155
pottedplant 0.0023 95 74 166 188
pottedplant 0.0022 11 -29 131 224
pottedplant 0.0019 266 78 338 195
pottedplant 0.0018 87 -4 185 63
pottedplant 0.0016 211 121 284 218
pottedplant 0.0016 148 105 183 223
pottedplant 0.0014 236 5 310 111
pottedplant 0.0012 -1 102 18 222
pottedplant 0.0012 181 -33 307 154
pottedplant 0.0011 6 36 80 151
pottedplant 0.0011 98 -51 218 168
pottedplant 0.0010 228 111 275 178
