car 0.0024 246 452 359 505
chair 0.0084 289 454 372 509
chair 0.0031 136 96 197 187
chair 0.0022 132 101 176 149
chair 0.0018 -12 191 102 379
chair 0.0017 5 225 81 349
chair 0.0016 14 193 83 297
chair 0.0014 24 240 122 347
chair 0.0011 133 164 243 262
person 0.0135 337 472 370 500
person 0.0068 355 469 375 501
person 0.0057 303 475 346 500
person 0.0048 287 479 332 500
person 0.0042 317 472 361 501
person 0.0010 259 479 303 499
pottedplant 0.0015 331 222 373 297
sofa 0.2952 -5 138 380 359
sofa 0.0976 70 163 302 325
sofa 0.0226 173 178 368 320
sofa 0.0078 10 170 193 344
sofa 0.0040 128 198 248 295
sofa 0.0023 52 210 267 360
sofa 0.0021 196 243 350 321
sofa 0.0014 170 207 318 303
sofa 0.0013 212 206 390 355
sofa 0.0010 129 241 246 319
tvmonitor 0.0221 97 36 139 98
tvmonitor 0.0020 168 50 197 84
tvmonitor 0.0018 173 40 208 97
