bottle 0.0122 0 170 30 309
bottle 0.0030 1 211 43 301
car 0.6638 78 53 498 346
car 0.0594 439 123 503 169
car 0.0300 34 25 312 376
car 0.0136 254 140 472 323
car 0.0068 438 171 502 300
car 0.0063 471 105 500 185
car 0.0062 446 134 497 160
car 0.0055 367 139 504 321
car 0.0043 453 117 498 206
car 0.0043 434 144 510 256
car 0.0040 475 130 501 163
car 0.0038 168 95 409 308
car 0.0032 421 113 525 292
car 0.0030 473 210 500 327
car 0.0023 -10 64 125 336
car 0.0022 77 114 261 348
car 0.0013 397 177 495 282
car 0.0013 440 239 506 342
car 0.0010 447 105 496 158
chair 0.0381 0 23 27 149
chair 0.0362 -2 16 97 84
chair 0.0061 0 56 101 149
chair 0.0053 -4 -2 69 109
chair 0.0051 0 58 25 201
chair 0.0048 0 35 47 133
chair 0.0048 -5 121 125 341
chair 0.0031 0 202 31 335
chair 0.0029 -7 173 58 290
chair 0.0027 -7 35 117 185
chair 0.0026 84 85 124 147
chair 0.0017 2 15 53 92
chair 0.0016 45 -2 85 83
chair 0.0012 0 59 21 110
chair 0.0010 14 21 114 110
person 0.0106 106 18 178 138
person 0.0074 83 64 247 341
person 0.0031 479 98 499 134
person 0.0017 90 32 195 244
person 0.0017 475 92 502 169
person 0.0014 -1 67 22 223
person 0.0014 -9 6 279 334
person 0.0011 377 117 407 151
person 0.0011 100 6 234 150
person 0.0010 -21 76 73 324
person 0.0010 97 5 179 90
person 0.0010 3 72 188 267
pottedplant 0.0014 128 11 169 66
