aeroplane 0.0037 174 -4 304 52
car 0.0098 190 2 313 47
car 0.0017 97 0 232 52
car 0.0014 67 -5 192 60
chair 0.6990 59 218 97 295
chair 0.6068 108 211 163 302
chair 0.4371 71 220 115 294
chair 0.3041 51 204 106 312
chair 0.2076 102 215 139 301
chair 0.0971 136 214 164 302
chair 0.0787 165 247 266 333
chair 0.0748 150 278 282 357
chair 0.0745 89 219 123 297
chair 0.0563 296 149 367 433
chair 0.0472 270 212 329 363
chair 0.0416 120 174 176 305
chair 0.0342 65 232 91 284
chair 0.0276 255 113 340 385
chair 0.0207 123 182 150 216
chair 0.0192 23 227 74 332
chair 0.0182 66 254 93 298
chair 0.0176 81 235 108 284
chair 0.0165 214 269 289 360
chair 0.0162 67 206 94 238
chair 0.0141 153 204 173 310
chair 0.0138 96 253 117 298
chair 0.0136 116 182 158 260
chair 0.0126 69 218 90 266
chair 0.0100 81 255 107 293
chair 0.0085 304 193 402 459
chair 0.0085 55 203 81 281
chair 0.0077 60 191 156 294
chair 0.0064 277 300 378 501
chair 0.0055 267 188 350 452
chair 0.0051 150 219 340 357
chair 0.0049 292 196 356 359
chair 0.0045 121 236 152 285
chair 0.0043 95 203 117 235
chair 0.0040 96 235 118 285
chair 0.0040 132 180 169 262
chair 0.0035 247 277 288 353
chair 0.0033 158 191 225 298
chair 0.0031 306 236 358 419
chair 0.0030 234 236 315 339
chair 0.0028 188 203 303 301
chair 0.0028 31 212 67 311
chair 0.0027 162 215 229 343
chair 0.0026 143 230 161 289
chair 0.0025 50 233 83 316
chair 0.0025 142 256 161 301
chair 0.0024 218 -2 329 51
chair 0.0024 0 292 47 455
chair 0.0024 108 233 134 288
chair 0.0021 271 298 340 425
chair 0.0021 229 278 273 351
chair 0.0020 295 381 367 498
chair 0.0020 137 180 160 217
chair 0.0019 255 214 336 306
chair 0.0018 324 185 378 370
chair 0.0018 116 243 156 306
chair 0.0018 235 271 315 370
chair 0.0017 313 296 363 451
chair 0.0016 157 229 171 290
chair 0.0015 220 274 254 355
chair 0.0015 91 194 120 252
chair 0.0015 103 186 140 257
chair 0.0013 49 207 77 234
chair 0.0013 105 170 165 240
chair 0.0013 108 188 136 219
chair 0.0013 338 279 366 394
chair 0.0013 108 202 133 234
chair 0.0012 134 170 162 233
chair 0.0012 86 239 172 328
chair 0.0011 279 337 338 471
chair 0.0011 323 257 386 393
chair 0.0011 78 221 108 261
chair 0.0011 14 186 90 297
chair 0.0010 321 84 385 418
chair 0.0010 253 236 280 272
diningtable 0.2807 56 216 125 296
diningtable 0.1944 94 213 155 300
diningtable 0.0066 50 188 155 313
diningtable 0.0011 66 241 150 308
person 0.0053 202 -2 288 55
person 0.0046 201 0 244 47
person 0.0018 203 -1 241 24
person 0.0013 221 -2 255 25
person 0.0010 234 0 270 25
pottedplant 0.0010 274 110 291 149
tvmonitor 0.0445 151 131 237 271
tvmonitor 0.0325 81 203 103 237
tvmonitor 0.0062 75 198 107 247
tvmonitor 0.0031 175 203 246 296
tvmonitor 0.0018 235 149 271 175
tvmonitor 0.0017 327 89 375 236
tvmonitor 0.0014 94 186 120 222
tvmonitor 0.0014 317 42 397 304
tvmonitor 0.0013 90 175 124 232
tvmonitor 0.0010 250 149 279 176
