bicycle 0.0301 100 22 398 310
bicycle 0.0031 131 91 298 296
bottle 0.0018 188 64 214 127
chair 0.0032 133 157 294 321
chair 0.0013 359 3 433 84
chair 0.0010 156 231 266 310
motorbike 0.5640 329 49 489 284
motorbike 0.0572 322 128 494 349
motorbike 0.0092 165 41 487 291
motorbike 0.0048 235 81 416 256
motorbike 0.0017 213 87 356 299
motorbike 0.0014 197 124 533 359
person 0.1270 33 0 312 333
person 0.0289 341 24 476 264
person 0.0051 83 48 262 285
person 0.0043 313 15 417 222
person 0.0023 -21 15 215 316
person 0.0014 355 2 449 75
person 0.0014 262 51 397 233
person 0.0010 319 13 402 112
pottedplant 0.0059 293 1 371 89
pottedplant 0.0029 314 4 356 84
pottedplant 0.0019 320 -1 411 79
pottedplant 0.0015 289 12 344 77
