aeroplane 0.6801 4 92 495 291
aeroplane 0.0057 120 114 379 270
aeroplane 0.0024 101 148 474 337
aeroplane 0.0022 193 70 535 261
bottle 0.0046 182 313 222 333
bottle 0.0036 187 306 220 327
bus 0.0041 437 192 500 233
car 0.0117 276 235 327 266
car 0.0099 86 265 120 290
car 0.0077 88 274 125 296
car 0.0027 280 249 317 268
car 0.0023 227 299 427 336
car 0.0015 290 226 333 272
car 0.0015 73 262 106 286
car 0.0010 224 266 351 328
chair 0.0060 351 64 433 177
chair 0.0046 315 64 489 206
chair 0.0035 320 75 413 163
person 0.0256 150 263 174 285
person 0.0070 166 261 196 282
person 0.0061 190 250 210 278
person 0.0029 189 261 215 283
person 0.0024 0 117 52 179
person 0.0023 174 250 196 279
tvmonitor 0.0032 340 293 467 334
