bird 0.0010 84 101 167 167
cat 0.6648 24 55 475 329
cat 0.0032 126 94 374 292
cat 0.0026 80 -9 419 241
cat 0.0016 129 132 524 353
dog 0.0107 35 104 387 330
dog 0.0039 21 125 167 313
dog 0.0033 10 86 183 248
dog 0.0016 49 167 221 320
dog 0.0014 -76 36 270 298
dog 0.0012 82 96 265 289
person 0.0094 300 1 441 71
person 0.0063 236 -7 416 130
person 0.0024 249 10 405 76
person 0.0019 215 0 295 78
person 0.0019 0 117 110 320
person 0.0017 318 -3 488 92
person 0.0016 -9 27 126 203
person 0.0010 278 -2 432 41
person 0.0010 0 108 22 237
