bird 0.0011 127 25 290 163
bottle 0.3098 141 36 269 247
bottle 0.0033 166 116 253 214
bottle 0.0011 370 264 418 311
car 0.0021 296 248 513 338
car 0.0020 346 261 469 331
car 0.0012 396 269 496 325
cat 0.0342 363 19 461 263
cat 0.0175 349 46 449 122
cat 0.0082 329 22 467 154
cat 0.0020 389 3 504 235
cat 0.0013 286 -17 520 248
cat 0.0013 372 66 449 162
chair 0.0023 325 282 383 318
chair 0.0022 294 271 454 328
chair 0.0010 323 157 490 320
diningtable 0.0044 78 45 343 285
dog 0.0533 381 61 490 263
dog 0.0350 52 42 216 243
dog 0.0251 -3 15 273 265
person 0.0689 367 88 455 283
person 0.0365 389 105 442 240
person 0.0112 421 20 514 262
person 0.0065 284 98 451 284
person 0.0057 107 3 177 110
person 0.0031 439 15 508 111
person 0.0027 88 25 333 255
person 0.0024 380 120 498 313
person 0.0023 394 1 486 77
person 0.0023 358 4 457 75
person 0.0018 417 -10 538 138
person 0.0016 -11 53 136 228
person 0.0016 0 41 24 174
person 0.0015 229 64 500 318
person 0.0013 478 171 501 274
person 0.0012 317 21 411 104
person 0.0010 384 5 437 58
person 0.0010 370 -1 502 126
pottedplant 0.0057 171 181 259 257
pottedplant 0.0014 147 144 277 287
