aeroplane 0.0777 71 24 427 350
aeroplane 0.0116 316 84 349 109
aeroplane 0.0053 302 31 375 126
aeroplane 0.0044 271 45 383 105
aeroplane 0.0037 310 47 361 113
aeroplane 0.0037 310 72 354 117
aeroplane 0.0032 141 130 183 147
aeroplane 0.0029 365 62 384 96
aeroplane 0.0020 331 53 384 107
aeroplane 0.0014 303 82 338 107
aeroplane 0.0011 114 123 213 177
aeroplane 0.0011 361 43 387 113
aeroplane 0.0011 179 63 550 310
bicycle 0.0010 335 217 413 314
bird 0.0023 149 92 250 154
boat 0.0239 48 22 451 294
boat 0.0104 99 69 327 249
boat 0.0025 182 89 392 285
boat 0.0025 162 58 412 199
boat 0.0021 112 127 307 303
boat 0.0019 71 134 195 185
boat 0.0017 153 81 260 168
boat 0.0016 158 178 257 257
boat 0.0015 78 156 188 223
boat 0.0015 183 95 312 171
boat 0.0014 272 54 456 206
boat 0.0012 195 146 302 228
boat 0.0011 -23 139 138 296
car 0.1064 65 132 434 356
car 0.0010 320 179 412 260
chair 0.0058 430 285 508 376
chair 0.0022 450 306 500 370
chair 0.0015 470 290 501 385
motorbike 0.0020 329 178 478 369
motorbike 0.0014 333 210 411 293
person 0.2171 397 176 422 241
person 0.0569 386 177 413 243
person 0.0405 483 187 497 229
person 0.0299 401 180 420 215
person 0.0114 480 178 498 214
person 0.0093 201 108 234 160
person 0.0086 359 192 395 255
person 0.0069 437 177 461 205
person 0.0052 130 92 223 167
person 0.0051 364 202 387 240
person 0.0044 479 179 501 240
person 0.0044 298 197 337 249
person 0.0032 388 178 407 216
person 0.0028 359 38 385 62
person 0.0022 358 36 386 96
person 0.0020 362 45 382 81
person 0.0020 0 144 17 186
person 0.0013 321 211 412 287
person 0.0013 380 197 413 276
person 0.0013 343 39 372 62
person 0.0012 349 223 401 281
person 0.0010 -1 103 19 200
person 0.0010 478 178 499 296
pottedplant 0.0050 421 177 448 205
pottedplant 0.0011 416 170 455 215
