bicycle 0.0023 399 262 504 336
bottle 0.0793 124 74 157 166
bottle 0.0687 107 290 143 334
bottle 0.0046 1 295 19 332
bottle 0.0038 114 69 173 170
bottle 0.0030 109 287 135 318
bottle 0.0024 185 133 213 159
bottle 0.0018 121 42 157 124
bottle 0.0011 177 126 220 166
chair 0.0298 -14 269 134 330
chair 0.0210 17 291 68 333
chair 0.0139 7 264 49 339
chair 0.0082 0 268 24 333
chair 0.0068 365 227 512 347
chair 0.0061 0 271 22 301
chair 0.0050 11 290 120 334
chair 0.0048 38 294 98 332
chair 0.0038 -6 256 64 330
chair 0.0036 378 292 501 333
chair 0.0035 350 255 464 333
chair 0.0022 62 274 113 327
chair 0.0020 323 252 410 335
chair 0.0018 400 214 484 324
chair 0.0016 80 294 137 332
chair 0.0014 29 298 61 331
chair 0.0014 241 206 408 332
chair 0.0010 -2 265 25 290
diningtable 0.0037 10 255 126 321
person 0.9107 5 47 178 335
person 0.8992 124 99 376 336
person 0.8646 389 125 497 352
person 0.1027 -23 81 292 351
person 0.0467 344 88 477 346
person 0.0418 423 106 515 329
person 0.0102 0 120 20 152
person 0.0072 -1 50 138 237
person 0.0059 367 94 508 247
person 0.0049 16 34 407 298
person 0.0025 475 170 501 302
person 0.0024 324 84 558 302
person 0.0021 392 100 490 181
person 0.0021 0 119 24 173
person 0.0020 239 124 413 312
person 0.0020 178 64 472 320
person 0.0017 156 96 346 236
person 0.0014 477 119 501 226
person 0.0014 103 98 248 285
person 0.0012 6 203 184 324
person 0.0012 0 38 24 153
person 0.0010 -9 147 136 335
tvmonitor 0.0019 195 79 301 150
tvmonitor 0.0012 9 51 104 125
tvmonitor 0.0012 163 58 335 181
