bird 0.0089 19 173 79 296
bottle 0.0030 56 271 106 329
bottle 0.0030 -1 169 23 251
bottle 0.0013 0 -6 23 95
cat 0.1068 37 284 147 336
cat 0.0093 18 267 114 333
cat 0.0012 23 272 178 364
cat 0.0010 77 -2 264 133
cow 0.3252 76 45 276 286
cow 0.0253 20 16 250 211
cow 0.0119 -3 23 117 254
cow 0.0037 127 130 282 293
cow 0.0025 11 59 183 268
cow 0.0021 9 90 99 290
cow 0.0011 11 148 84 239
dog 0.4293 39 35 306 295
dog 0.3171 249 122 391 302
dog 0.0264 206 71 447 311
dog 0.0099 53 279 112 340
dog 0.0056 214 86 307 150
dog 0.0045 17 170 80 267
dog 0.0042 232 104 332 163
dog 0.0020 441 114 502 218
dog 0.0019 -36 -25 230 255
dog 0.0016 167 80 330 251
dog 0.0014 79 120 419 310
dog 0.0014 121 56 291 233
dog 0.0012 151 141 349 287
dog 0.0011 155 25 497 254
horse 0.3459 2 24 267 305
horse 0.0023 93 126 268 298
person 0.0103 12 199 84 271
person 0.0051 448 135 503 251
person 0.0031 434 106 511 275
person 0.0028 14 2 254 127
person 0.0028 0 125 23 243
person 0.0027 469 148 499 246
person 0.0020 0 -2 21 68
person 0.0017 0 -4 24 143
person 0.0013 1 0 17 40
person 0.0012 -17 48 68 282
person 0.0011 468 122 500 196
pottedplant 0.0137 51 -1 218 33
pottedplant 0.0085 38 -4 153 37
pottedplant 0.0051 47 0 144 67
pottedplant 0.0035 64 10 207 62
pottedplant 0.0025 15 -5 255 91
pottedplant 0.0014 90 0 160 37
sheep 0.3514 260 90 386 300
sheep 0.1211 455 127 497 240
sheep 0.0458 236 81 320 155
sheep 0.0033 283 139 370 242
sheep 0.0024 221 99 299 175
sheep 0.0021 287 80 437 258
sheep 0.0015 476 167 499 252
sheep 0.0011 459 167 487 200
sheep 0.0010 273 92 322 147
