aeroplane 0.0186 39 77 461 254
aeroplane 0.0010 251 60 298 76
bird 0.4045 109 73 313 161
bird 0.0503 129 69 236 150
bird 0.0352 163 88 324 150
bird 0.0106 226 94 292 147
bird 0.0058 115 85 376 198
bird 0.0029 179 95 396 247
bird 0.0024 65 29 284 161
bird 0.0022 65 89 200 146
bird 0.0020 219 99 293 196
bird 0.0012 142 61 274 125
boat 0.0154 193 164 311 231
boat 0.0122 21 104 478 278
boat 0.0081 136 135 373 245
boat 0.0058 109 96 315 236
boat 0.0035 120 86 248 152
boat 0.0022 149 137 274 193
boat 0.0017 116 158 231 225
boat 0.0016 140 138 180 155
boat 0.0016 71 141 197 186
boat 0.0014 104 135 242 187
car 0.0147 234 59 289 76
car 0.0019 0 52 31 113
diningtable 0.0022 -85 88 354 294
motorbike 0.0415 114 86 462 297
motorbike 0.0345 178 125 400 264
person 0.0870 229 129 408 265
person 0.0047 234 161 339 231
person 0.0031 265 153 384 236
person 0.0024 318 150 411 235
person 0.0018 204 183 300 249
person 0.0013 262 132 388 205
person 0.0012 178 95 472 289
person 0.0011 317 135 400 204
