bottle 0.0159 182 253 222 307
bottle 0.0113 171 193 196 222
bottle 0.0043 203 156 242 260
bottle 0.0043 151 193 177 222
bottle 0.0034 164 183 205 234
bottle 0.0033 189 176 212 212
bottle 0.0033 188 262 216 299
bottle 0.0026 168 178 193 210
bottle 0.0019 226 175 248 212
bottle 0.0017 190 248 216 285
bottle 0.0016 183 166 218 221
bottle 0.0015 160 199 209 248
bottle 0.0014 154 245 248 315
bottle 0.0014 168 210 199 239
bottle 0.0012 0 78 21 195
bottle 0.0012 186 194 217 223
bottle 0.0011 151 177 179 209
bottle 0.0011 188 240 218 268
bottle 0.0010 226 233 249 265
bottle 0.0010 199 218 244 281
chair 0.2853 193 127 283 196
chair 0.1736 259 116 335 216
chair 0.1253 239 122 284 206
chair 0.0938 319 220 483 379
chair 0.0808 319 117 357 185
chair 0.0723 292 138 377 237
chair 0.0694 244 123 312 234
chair 0.0547 395 140 497 353
chair 0.0489 295 110 334 193
chair 0.0409 398 180 434 241
chair 0.0322 192 128 251 230
chair 0.0304 329 120 373 183
chair 0.0268 252 117 293 188
chair 0.0239 274 119 326 187
chair 0.0221 320 130 390 202
chair 0.0137 443 135 502 196
chair 0.0137 316 156 394 276
chair 0.0126 359 127 397 180
chair 0.0100 280 127 317 231
chair 0.0098 275 110 357 194
chair 0.0085 241 107 285 169
chair 0.0082 415 138 491 235
chair 0.0080 472 129 499 226
chair 0.0080 270 288 378 374
chair 0.0075 437 236 503 371
chair 0.0074 213 124 259 205
chair 0.0069 298 121 413 267
chair 0.0063 320 123 355 152
chair 0.0060 222 111 298 195
chair 0.0052 310 288 420 371
chair 0.0049 404 277 494 377
chair 0.0044 412 188 493 302
chair 0.0043 435 155 501 274
chair 0.0042 335 129 409 232
chair 0.0041 270 264 460 384
chair 0.0037 239 222 413 376
chair 0.0034 442 159 499 224
chair 0.0031 370 131 409 198
chair 0.0028 290 129 335 229
chair 0.0028 324 129 350 172
chair 0.0027 428 139 475 193
chair 0.0027 286 146 314 185
chair 0.0025 402 118 493 200
chair 0.0025 265 105 292 134
chair 0.0023 243 80 274 107
chair 0.0023 321 130 487 303
chair 0.0021 245 121 278 152
chair 0.0019 236 285 341 375
chair 0.0018 259 157 297 230
chair 0.0018 246 106 277 135
chair 0.0018 472 123 501 183
chair 0.0017 238 165 282 221
chair 0.0016 96 298 248 373
chair 0.0016 295 95 334 148
chair 0.0015 245 144 274 184
chair 0.0015 246 92 274 120
chair 0.0014 277 92 322 147
chair 0.0014 360 171 449 256
chair 0.0014 157 155 199 206
chair 0.0013 262 120 291 151
chair 0.0013 358 249 448 360
chair 0.0013 166 168 194 198
chair 0.0013 477 135 499 171
chair 0.0013 369 180 419 237
chair 0.0012 402 187 427 231
chair 0.0012 301 104 330 135
chair 0.0012 218 162 253 222
chair 0.0012 301 120 330 153
chair 0.0012 355 187 450 306
chair 0.0011 251 167 340 250
chair 0.0011 435 80 511 292
chair 0.0010 431 83 506 189
chair 0.0010 216 100 259 172
chair 0.0010 259 93 296 148
diningtable 0.1115 142 183 359 374
diningtable 0.0490 -6 224 429 377
diningtable 0.0296 255 113 341 193
diningtable 0.0164 65 273 358 387
diningtable 0.0133 164 161 252 269
diningtable 0.0059 46 131 375 358
diningtable 0.0042 216 113 364 207
diningtable 0.0035 182 286 310 371
diningtable 0.0034 271 98 361 178
diningtable 0.0034 166 138 335 295
diningtable 0.0024 182 235 320 321
diningtable 0.0012 199 171 301 257
diningtable 0.0011 236 219 342 327
diningtable 0.0010 164 113 319 204
person 0.8047 43 152 215 388
person 0.7468 119 113 207 194
person 0.6097 301 104 419 384
person 0.3895 185 114 256 206
person 0.2770 111 100 181 175
person 0.2459 193 99 247 171
person 0.2196 279 142 391 345
person 0.2015 106 133 241 311
person 0.1446 398 155 489 387
person 0.1365 324 162 481 382
person 0.1306 207 46 245 169
person 0.1077 218 53 251 132
person 0.0990 0 174 344 372
person 0.0816 224 61 251 94
person 0.0679 -1 174 131 373
person 0.0278 124 161 225 275
person 0.0268 112 116 143 184
person 0.0181 206 54 246 102
person 0.0164 0 247 59 362
person 0.0161 138 101 182 149
person 0.0158 292 176 373 306
person 0.0127 212 49 237 85
person 0.0125 204 84 282 190
person 0.0110 430 267 503 377
person 0.0107 89 102 198 213
person 0.0095 186 52 223 105
person 0.0092 8 249 103 361
person 0.0085 166 101 239 227
person 0.0085 97 178 183 309
person 0.0077 204 53 271 135
person 0.0075 -14 173 72 381
person 0.0074 123 144 222 216
person 0.0069 107 131 183 225
person 0.0066 122 102 170 147
person 0.0066 179 161 473 385
person 0.0065 314 153 397 261
person 0.0050 67 105 208 272
person 0.0050 187 48 214 80
person 0.0046 0 221 22 371
person 0.0043 181 106 229 167
person 0.0043 113 119 137 156
person 0.0040 9 131 188 305
person 0.0040 137 105 185 221
person 0.0037 165 39 200 63
person 0.0036 -3 281 65 393
person 0.0035 242 67 271 90
person 0.0032 186 65 255 148
person 0.0030 194 55 214 98
person 0.0028 474 250 500 371
person 0.0028 161 195 253 295
person 0.0027 173 58 269 205
person 0.0026 167 25 201 50
person 0.0026 145 105 176 139
person 0.0025 130 210 215 331
person 0.0024 182 111 220 216
person 0.0023 167 46 198 77
person 0.0023 144 169 182 246
person 0.0022 162 44 203 111
person 0.0021 36 219 156 326
person 0.0019 90 114 167 186
person 0.0018 24 268 245 384
person 0.0018 270 122 535 368
person 0.0017 98 70 243 195
person 0.0017 145 99 178 120
person 0.0016 126 117 160 151
person 0.0015 167 114 205 216
person 0.0015 4 207 43 354
person 0.0014 0 116 24 242
person 0.0014 112 148 137 180
person 0.0013 224 71 250 112
person 0.0012 153 36 177 69
person 0.0012 316 169 359 246
person 0.0012 211 72 234 111
person 0.0012 155 104 211 145
person 0.0011 476 166 501 306
person 0.0010 201 116 238 153
person 0.0010 -48 149 86 341
pottedplant 0.0263 284 94 317 121
pottedplant 0.0068 297 97 331 119
pottedplant 0.0039 162 42 205 87
pottedplant 0.0031 278 84 320 106
pottedplant 0.0026 152 49 177 77
pottedplant 0.0020 282 50 312 76
pottedplant 0.0014 273 75 326 116
pottedplant 0.0013 289 90 334 129
pottedplant 0.0013 178 40 217 64
pottedplant 0.0012 206 41 237 64
pottedplant 0.0010 158 31 209 72
tvmonitor 0.0100 -2 179 24 241
tvmonitor 0.0031 1 172 47 244
tvmonitor 0.0018 233 17 288 57
tvmonitor 0.0016 227 33 289 70
tvmonitor 0.0010 234 41 282 61
