bottle 0.5844 103 181 140 294
bottle 0.3062 92 161 127 287
bottle 0.2914 376 170 419 305
bottle 0.2248 90 151 157 278
bottle 0.0197 126 132 155 287
bottle 0.0191 67 181 141 301
bottle 0.0166 46 134 158 301
bottle 0.0145 106 125 142 261
bottle 0.0111 93 163 124 226
bottle 0.0108 78 156 183 331
bottle 0.0073 112 213 136 263
bottle 0.0052 113 142 144 219
bottle 0.0031 391 162 423 289
bottle 0.0027 95 176 119 216
bottle 0.0023 95 200 119 248
bottle 0.0022 111 232 135 274
bottle 0.0021 379 216 410 256
bottle 0.0015 114 135 171 285
bottle 0.0014 93 216 121 261
bottle 0.0011 108 188 136 229
chair 0.0093 413 269 494 377
chair 0.0028 204 244 316 316
chair 0.0015 71 186 200 356
chair 0.0014 441 282 500 364
chair 0.0011 87 226 176 318
diningtable 0.0048 -67 97 336 335
person 0.2187 366 169 425 309
person 0.0081 380 164 416 228
person 0.0022 324 155 421 328
person 0.0022 341 185 410 299
person 0.0012 240 164 413 325
person 0.0011 383 169 410 194
tvmonitor 0.2027 160 205 241 282
tvmonitor 0.0073 155 169 344 321
tvmonitor 0.0029 168 201 235 250
tvmonitor 0.0029 152 141 267 295
tvmonitor 0.0016 192 203 305 293
