bird 0.3538 140 81 299 308
bottle 0.0014 289 28 333 64
chair 0.0548 0 214 91 333
chair 0.0542 6 194 87 286
chair 0.0083 44 220 85 274
chair 0.0072 0 195 23 301
chair 0.0033 1 191 46 282
chair 0.0028 9 266 85 333
chair 0.0011 3 101 42 219
chair 0.0011 0 229 20 269
horse 0.0012 168 148 317 335
motorbike 0.0026 150 134 276 343
person 0.1698 -1 120 61 320
person 0.0237 7 78 94 312
person 0.0096 -1 146 23 301
person 0.0076 -13 22 65 260
person 0.0050 13 158 81 284
person 0.0038 2 121 43 250
person 0.0032 4 167 44 279
person 0.0016 0 115 25 231
person 0.0013 0 33 26 156
pottedplant 0.0031 383 299 499 343
pottedplant 0.0025 419 298 480 334
pottedplant 0.0018 419 317 479 333
tvmonitor 0.0012 85 264 193 326
