aeroplane 0.0101 264 110 299 134
bird 0.0033 276 111 309 136
bird 0.0020 261 105 303 147
bus 0.0024 255 162 280 245
bus 0.0015 263 172 295 235
car 0.0035 259 198 278 236
car 0.0016 268 186 291 226
chair 0.0187 311 161 332 273
chair 0.0029 220 175 258 234
chair 0.0019 55 244 202 478
chair 0.0013 263 162 336 256
diningtable 0.0019 1 158 257 493
person 0.2744 288 193 302 252
person 0.0216 308 150 330 258
person 0.0130 292 179 324 258
person 0.0101 272 199 291 238
person 0.0057 286 205 306 264
person 0.0034 280 163 310 248
person 0.0020 300 191 316 251
person 0.0011 269 185 297 248
person 0.0011 316 187 330 254
sofa 0.0019 19 224 354 503
train 0.0876 114 135 254 296
train 0.0218 38 98 279 401
train 0.0185 107 162 166 278
train 0.0162 30 154 231 338
train 0.0091 118 153 197 273
train 0.0031 57 172 142 259
train 0.0019 75 197 183 283
train 0.0014 124 164 235 234
train 0.0011 131 187 228 294
train 0.0011 94 168 179 241
