bottle 0.0120 110 232 138 299
bottle 0.0056 107 196 137 280
bottle 0.0050 114 232 135 271
bottle 0.0044 115 245 135 287
bottle 0.0021 473 16 499 142
bottle 0.0021 58 43 76 85
bottle 0.0020 7 188 43 316
bottle 0.0019 56 32 79 68
bottle 0.0019 171 222 195 252
bottle 0.0018 120 297 170 352
bottle 0.0014 56 32 82 94
bottle 0.0013 145 207 184 267
bottle 0.0011 64 236 104 296
bottle 0.0011 476 85 500 154
bottle 0.0010 91 212 123 289
bottle 0.0010 188 212 215 292
chair 0.0549 0 326 92 375
chair 0.0197 403 92 485 180
chair 0.0172 1 299 64 380
chair 0.0133 0 287 28 389
chair 0.0079 96 140 156 188
chair 0.0075 -5 298 116 373
chair 0.0072 13 136 83 242
chair 0.0050 0 174 51 245
chair 0.0045 89 120 162 239
chair 0.0042 -1 191 27 253
chair 0.0031 -4 327 176 376
chair 0.0031 6 173 92 258
chair 0.0031 -1 324 31 376
chair 0.0028 454 87 498 157
chair 0.0027 87 159 180 254
chair 0.0024 387 81 477 139
chair 0.0024 3 165 58 220
chair 0.0022 -8 248 64 358
chair 0.0022 398 98 458 146
chair 0.0018 -4 189 58 294
chair 0.0018 384 78 497 236
chair 0.0017 70 136 210 283
chair 0.0015 58 141 142 237
chair 0.0014 346 85 463 162
chair 0.0012 425 94 473 148
chair 0.0012 22 174 65 245
chair 0.0010 -9 349 143 377
diningtable 0.3168 -4 235 270 372
diningtable 0.0528 -7 163 353 381
diningtable 0.0099 -44 254 390 405
diningtable 0.0064 0 294 187 372
diningtable 0.0059 66 259 194 348
diningtable 0.0049 28 326 154 377
diningtable 0.0039 -31 238 149 367
diningtable 0.0037 60 235 209 314
diningtable 0.0020 6 234 102 311
diningtable 0.0017 0 278 62 369
diningtable 0.0016 111 255 226 351
person 0.9125 115 85 219 291
person 0.8947 259 99 390 384
person 0.5868 201 74 292 351
person 0.3712 328 57 425 318
person 0.3535 97 111 192 264
person 0.2768 324 123 487 359
person 0.2572 385 156 506 383
person 0.0608 336 74 459 243
person 0.0512 154 97 268 285
person 0.0346 274 74 329 137
person 0.0206 224 170 362 373
person 0.0192 67 12 108 85
person 0.0171 61 -8 152 85
person 0.0123 330 77 416 143
person 0.0090 286 71 337 120
person 0.0086 211 74 441 360
person 0.0084 76 0 126 46
person 0.0079 92 129 257 357
person 0.0060 131 102 367 386
person 0.0059 142 104 218 226
person 0.0058 206 66 278 206
person 0.0054 263 70 336 172
person 0.0051 233 94 344 289
person 0.0051 429 146 510 344
person 0.0040 319 59 395 156
person 0.0036 95 -1 147 47
person 0.0035 118 155 208 270
person 0.0034 285 128 351 261
person 0.0032 77 7 126 90
person 0.0027 79 0 130 16
person 0.0023 107 109 136 140
person 0.0023 54 18 85 82
person 0.0022 381 75 494 300
person 0.0018 101 0 150 98
person 0.0018 344 64 406 123
person 0.0018 293 160 435 379
person 0.0017 159 92 209 182
person 0.0016 341 116 414 251
person 0.0014 249 134 331 241
person 0.0014 286 86 338 156
person 0.0013 209 64 291 140
person 0.0011 235 69 279 143
person 0.0011 98 -3 183 80
person 0.0011 209 150 281 280
person 0.0010 478 194 499 337
person 0.0010 268 187 382 301
person 0.0010 47 75 300 300
pottedplant 0.0299 3 254 44 310
pottedplant 0.0122 297 -1 345 42
pottedplant 0.0069 14 275 37 311
pottedplant 0.0059 0 242 27 322
pottedplant 0.0038 10 217 44 318
pottedplant 0.0034 11 265 39 302
pottedplant 0.0014 -6 245 65 317
pottedplant 0.0010 1 259 21 305
pottedplant 0.0010 277 2 375 86
tvmonitor 0.0570 83 11 175 116
tvmonitor 0.0226 27 -7 179 142
tvmonitor 0.0142 3 156 62 206
tvmonitor 0.0031 0 188 24 284
tvmonitor 0.0018 4 145 59 187
tvmonitor 0.0016 8 168 51 193
tvmonitor 0.0016 71 27 105 99
tvmonitor 0.0011 0 200 21 245
