aeroplane 0.0024 339 17 371 40
bird 0.0407 214 130 324 373
bird 0.0011 240 142 364 435
cat 0.1268 26 149 290 502
cat 0.0127 54 137 199 360
cat 0.0010 11 57 305 366
chair 0.0012 -15 346 105 522
chair 0.0011 26 437 115 504
chair 0.0011 -1 389 88 501
diningtable 0.0078 26 183 347 543
dog 0.0383 12 117 247 459
person 0.2012 0 49 374 527
person 0.0042 188 138 309 440
person 0.0020 10 175 249 551
person 0.0013 155 199 223 303
person 0.0010 353 24 376 224
pottedplant 0.0091 -3 250 86 480
pottedplant 0.0069 5 295 75 435
pottedplant 0.0066 287 225 375 509
pottedplant 0.0037 297 343 370 465
pottedplant 0.0029 -19 221 49 509
pottedplant 0.0026 239 172 366 475
pottedplant 0.0017 -11 334 41 469
pottedplant 0.0012 302 253 363 399
pottedplant 0.0010 327 300 386 434
sofa 0.1442 30 154 343 499
