aeroplane 0.1256 50 75 449 215
aeroplane 0.1203 187 96 467 191
aeroplane 0.0268 385 136 518 168
aeroplane 0.0222 402 140 503 184
aeroplane 0.0085 320 126 466 177
aeroplane 0.0054 76 93 344 197
aeroplane 0.0051 275 106 517 186
aeroplane 0.0038 440 132 501 172
aeroplane 0.0035 397 144 431 162
aeroplane 0.0032 357 148 400 178
aeroplane 0.0027 276 145 456 181
aeroplane 0.0024 233 118 418 179
aeroplane 0.0021 67 14 509 187
aeroplane 0.0020 417 147 493 175
aeroplane 0.0018 424 156 481 171
aeroplane 0.0016 412 141 494 165
aeroplane 0.0016 223 144 355 185
aeroplane 0.0012 349 141 439 183
aeroplane 0.0011 375 154 406 176
aeroplane 0.0010 375 121 522 211
boat 0.0013 230 166 289 178
car 0.0240 131 166 161 187
car 0.0137 132 174 160 191
car 0.0106 363 155 393 175
car 0.0033 362 163 394 180
car 0.0011 286 163 314 181
car 0.0010 11 172 39 196
person 0.6551 166 132 206 237
person 0.3966 97 161 116 187
person 0.3639 318 152 347 192
person 0.1476 309 159 329 189
person 0.0662 325 149 344 178
person 0.0480 165 146 205 201
person 0.0277 153 161 213 257
person 0.0178 2 171 21 200
person 0.0121 171 170 203 266
person 0.0106 130 135 230 253
person 0.0076 110 163 133 188
person 0.0058 96 153 119 178
person 0.0040 96 172 119 192
person 0.0032 378 161 402 182
person 0.0032 150 162 170 188
person 0.0027 2 161 22 189
person 0.0018 169 168 199 201
person 0.0014 477 160 498 186
person 0.0014 92 146 127 184
person 0.0014 187 164 213 183
person 0.0012 259 166 297 180
person 0.0011 169 148 193 177
person 0.0011 159 156 244 227
person 0.0010 0 150 26 201
person 0.0010 0 180 19 209
