aeroplane 0.4883 61 102 286 191
aeroplane 0.0342 100 114 244 179
aeroplane 0.0261 110 108 392 220
aeroplane 0.0188 90 140 273 202
aeroplane 0.0025 93 51 482 229
aeroplane 0.0017 180 139 317 199
aeroplane 0.0015 187 113 311 171
aeroplane 0.0014 15 72 330 208
aeroplane 0.0012 265 115 389 175
aeroplane 0.0012 233 113 345 170
aeroplane 0.0010 222 101 428 232
car 0.0319 -2 236 26 258
car 0.0036 3 236 48 256
car 0.0024 -3 228 30 266
car 0.0014 -1 160 24 184
car 0.0014 0 226 23 252
car 0.0010 414 163 446 180
chair 0.3192 390 189 498 344
chair 0.1042 468 219 501 331
chair 0.0891 437 219 503 330
chair 0.0216 457 194 495 306
chair 0.0167 397 251 493 332
chair 0.0114 396 223 509 302
chair 0.0050 469 178 500 294
chair 0.0031 427 226 471 324
chair 0.0024 418 154 523 338
chair 0.0018 368 176 427 218
chair 0.0017 460 229 517 344
chair 0.0016 407 265 451 335
chair 0.0014 477 242 500 356
chair 0.0012 372 217 453 316
chair 0.0012 0 231 52 262
person 0.0026 401 184 421 216
person 0.0015 368 179 385 219
person 0.0013 358 160 445 226
person 0.0011 112 187 137 212
person 0.0010 390 173 427 224
train 0.0074 -7 226 120 264
train 0.0053 27 221 159 259
tvmonitor 0.0019 471 169 500 277
tvmonitor 0.0017 460 181 480 214
