car 0.8477 4 1 494 204
car 0.0125 405 3 490 57
car 0.0112 31 63 391 215
car 0.0101 114 16 251 66
car 0.0097 95 29 328 176
car 0.0080 356 2 453 52
car 0.0076 324 7 415 50
car 0.0045 116 0 172 29
car 0.0032 67 -2 197 24
car 0.0031 440 0 494 29
car 0.0028 108 0 145 29
car 0.0026 102 3 188 40
car 0.0022 102 7 320 89
car 0.0021 58 -14 441 108
car 0.0019 383 -8 502 103
car 0.0016 55 0 153 42
car 0.0015 179 21 319 69
car 0.0015 318 -14 488 70
car 0.0013 121 0 166 11
chair 0.0018 409 -4 494 52
chair 0.0010 394 4 431 60
person 0.0704 72 -2 111 45
person 0.0226 0 2 53 43
person 0.0157 394 -2 433 51
person 0.0094 470 -3 499 104
person 0.0064 78 1 129 29
person 0.0051 477 0 500 65
person 0.0047 477 23 500 134
person 0.0043 0 -5 28 34
person 0.0040 382 2 405 24
person 0.0040 276 0 319 15
person 0.0035 437 -17 504 151
person 0.0035 436 0 502 57
person 0.0033 117 3 169 40
person 0.0028 378 0 416 49
person 0.0027 135 3 189 28
person 0.0027 106 3 144 38
person 0.0026 373 0 414 11
person 0.0025 296 2 337 21
person 0.0018 258 0 299 14
person 0.0018 0 2 24 80
person 0.0018 -10 -9 67 143
person 0.0017 197 0 244 11
person 0.0016 46 -2 129 33
person 0.0015 375 0 412 29
person 0.0015 171 0 193 25
person 0.0014 374 2 508 129
person 0.0014 91 2 119 26
person 0.0014 413 0 450 30
person 0.0014 112 9 137 34
person 0.0012 163 -1 201 29
person 0.0012 111 0 139 27
person 0.0012 411 -4 446 69
person 0.0011 267 0 327 22
person 0.0011 385 0 436 30
person 0.0011 180 0 222 11
person 0.0010 10 0 44 13
person 0.0010 233 0 285 10
person 0.0010 23 -1 64 31
