bottle 0.0072 228 255 254 320
bottle 0.0047 232 269 250 308
bottle 0.0031 232 281 249 321
chair 0.2600 355 199 430 290
chair 0.2337 73 237 198 344
chair 0.1651 50 222 126 330
chair 0.1173 294 209 433 333
chair 0.1039 -8 108 68 330
chair 0.0545 6 69 99 317
chair 0.0452 110 253 227 338
chair 0.0363 343 260 463 330
chair 0.0332 141 176 217 256
chair 0.0255 93 219 175 326
chair 0.0204 255 271 417 328
chair 0.0203 323 210 425 273
chair 0.0136 226 256 354 330
chair 0.0134 54 258 157 339
chair 0.0096 373 210 449 314
chair 0.0090 -13 220 63 315
chair 0.0085 -2 156 62 279
chair 0.0075 15 190 101 294
chair 0.0071 300 290 429 334
chair 0.0068 29 154 157 335
chair 0.0062 -13 195 125 340
chair 0.0061 177 174 219 248
chair 0.0052 211 290 383 335
chair 0.0051 181 252 313 331
chair 0.0038 58 218 106 309
chair 0.0037 118 289 239 332
chair 0.0036 283 241 427 307
chair 0.0036 387 194 431 251
chair 0.0034 139 265 260 334
chair 0.0034 0 106 63 237
chair 0.0034 0 118 24 251
chair 0.0032 143 176 184 248
chair 0.0027 52 220 89 330
chair 0.0026 62 288 186 334
chair 0.0026 56 197 139 292
chair 0.0024 287 230 348 269
chair 0.0022 278 213 381 278
chair 0.0022 164 179 244 256
chair 0.0021 62 202 100 271
chair 0.0021 0 197 47 302
chair 0.0020 11 254 105 330
chair 0.0020 109 174 242 316
chair 0.0019 130 174 161 249
chair 0.0018 152 223 263 316
chair 0.0018 350 204 397 292
chair 0.0018 0 207 26 316
chair 0.0017 168 183 407 309
chair 0.0017 131 200 221 277
chair 0.0016 60 266 113 334
chair 0.0014 166 263 411 368
chair 0.0014 85 238 127 337
chair 0.0012 237 214 342 275
chair 0.0011 79 215 122 311
chair 0.0010 179 289 322 344
chair 0.0010 12 134 83 250
diningtable 0.2975 98 240 400 338
diningtable 0.0343 80 155 419 329
diningtable 0.0261 80 207 268 340
diningtable 0.0159 215 247 439 332
diningtable 0.0036 190 235 311 308
person 0.0075 -10 38 66 245
person 0.0014 0 86 23 206
person 0.0011 0 33 21 132
person 0.0010 -1 154 25 266
tvmonitor 0.0128 468 14 502 101
tvmonitor 0.0013 439 4 501 109
