bicycle 0.0186 282 383 376 502
bicycle 0.0151 281 283 376 522
bicycle 0.0071 297 432 378 505
bicycle 0.0041 333 438 375 498
bicycle 0.0030 323 386 381 517
car 0.0144 79 57 353 366
car 0.0024 -1 154 318 497
car 0.0021 7 111 30 143
car 0.0018 183 127 306 213
car 0.0014 0 106 18 150
car 0.0012 125 99 306 323
chair 0.0070 289 230 374 506
chair 0.0064 297 71 371 191
chair 0.0042 277 37 378 231
chair 0.0034 279 35 309 62
chair 0.0032 327 22 375 152
chair 0.0031 29 394 116 504
chair 0.0030 235 16 365 191
chair 0.0030 305 222 363 350
chair 0.0029 301 262 365 394
chair 0.0024 332 11 371 74
chair 0.0023 261 79 344 182
chair 0.0013 293 15 378 96
chair 0.0013 335 73 373 178
chair 0.0012 354 283 375 461
chair 0.0011 321 15 359 72
chair 0.0010 332 265 373 445
motorbike 0.1241 -13 87 389 487
motorbike 0.0027 -6 111 209 464
motorbike 0.0025 265 404 353 497
motorbike 0.0014 19 183 122 469
motorbike 0.0011 149 234 227 342
motorbike 0.0010 114 167 263 407
person 0.2656 21 48 105 449
person 0.0372 -7 81 151 494
person 0.0081 18 73 113 287
person 0.0060 39 140 155 433
person 0.0038 1 117 14 168
person 0.0019 26 77 102 173
person 0.0019 24 91 46 124
person 0.0014 10 89 89 234
pottedplant 0.0027 305 211 371 344
tvmonitor 0.1196 200 -2 293 56
tvmonitor 0.0225 172 -5 259 61
tvmonitor 0.0080 137 -3 232 61
tvmonitor 0.0043 199 14 291 94
tvmonitor 0.0040 112 -5 204 55
tvmonitor 0.0034 141 14 235 92
tvmonitor 0.0034 213 0 261 57
tvmonitor 0.0022 285 -5 376 51
tvmonitor 0.0021 168 19 267 90
tvmonitor 0.0014 262 -2 298 21
tvmonitor 0.0013 252 0 305 53
tvmonitor 0.0012 184 -48 311 98
tvmonitor 0.0011 224 -15 306 41
