bottle 0.0013 222 25 239 71
bottle 0.0012 368 3 387 89
car 0.8195 313 85 386 164
car 0.7074 167 95 262 147
car 0.1136 264 93 358 161
car 0.1010 169 107 204 139
car 0.0582 21 91 56 114
car 0.0580 233 98 330 159
car 0.0478 34 92 67 115
car 0.0276 50 93 79 115
car 0.0226 263 66 355 139
car 0.0162 1 94 41 115
car 0.0128 302 95 342 155
car 0.0111 194 96 292 152
car 0.0110 133 74 266 191
car 0.0101 340 82 391 135
car 0.0093 153 71 242 141
car 0.0087 189 84 267 133
car 0.0076 304 89 333 120
car 0.0074 116 99 225 147
car 0.0071 230 73 336 131
car 0.0062 289 66 400 194
car 0.0048 214 101 271 146
car 0.0046 290 69 379 149
car 0.0045 -2 88 21 118
car 0.0043 201 109 259 137
car 0.0043 364 79 388 167
car 0.0040 287 73 323 103
car 0.0038 278 86 303 123
car 0.0033 261 108 289 140
car 0.0032 155 110 187 141
car 0.0030 279 65 331 112
car 0.0026 214 72 247 96
car 0.0025 342 101 385 177
car 0.0023 19 81 61 123
car 0.0023 262 98 316 149
car 0.0021 288 22 324 109
car 0.0020 328 29 367 101
car 0.0019 345 90 384 120
car 0.0017 347 102 384 141
car 0.0017 336 71 359 100
car 0.0015 330 92 368 118
car 0.0013 249 52 274 81
car 0.0013 171 94 202 125
car 0.0013 195 109 324 172
car 0.0013 299 82 339 134
car 0.0012 233 96 285 145
car 0.0011 242 25 382 173
car 0.0011 224 92 264 123
car 0.0011 172 73 198 100
car 0.0011 163 67 341 199
car 0.0011 262 51 284 80
car 0.0010 287 90 322 118
motorbike 0.6337 -3 156 390 496
motorbike 0.0210 -9 113 219 461
motorbike 0.0086 97 155 288 420
motorbike 0.0086 147 202 416 525
motorbike 0.0076 155 257 350 477
motorbike 0.0070 33 52 352 370
motorbike 0.0025 116 164 208 262
motorbike 0.0020 50 130 217 362
motorbike 0.0013 63 259 262 467
motorbike 0.0013 154 208 290 296
motorbike 0.0013 120 174 323 327
motorbike 0.0012 239 255 384 474
motorbike 0.0011 104 116 282 302
person 0.2064 58 77 137 208
person 0.0664 37 76 158 265
person 0.0177 115 88 138 124
person 0.0139 105 95 145 155
person 0.0129 76 87 142 167
person 0.0077 5 106 141 316
person 0.0077 116 72 139 107
person 0.0066 68 69 93 102
person 0.0053 27 108 180 392
person 0.0041 279 74 302 106
person 0.0036 330 13 364 90
person 0.0034 80 73 111 100
person 0.0034 112 79 141 138
person 0.0033 100 67 121 103
person 0.0028 55 74 79 107
person 0.0025 46 162 161 250
person 0.0022 35 103 118 219
person 0.0020 209 197 297 295
person 0.0019 90 99 174 174
person 0.0014 88 75 134 145
person 0.0013 77 72 118 138
person 0.0013 97 92 126 123
person 0.0013 34 149 113 271
person 0.0011 263 65 286 107
