chair 0.0403 93 223 407 377
chair 0.0340 469 214 500 347
chair 0.0188 435 215 503 336
chair 0.0182 104 271 187 372
chair 0.0097 -7 330 123 376
chair 0.0096 432 68 507 303
chair 0.0062 455 227 521 364
chair 0.0050 405 249 491 361
chair 0.0041 0 327 50 380
chair 0.0041 67 271 285 378
chair 0.0038 302 241 494 362
chair 0.0033 455 192 498 311
chair 0.0029 71 223 209 383
chair 0.0028 371 150 507 339
chair 0.0026 441 112 499 247
chair 0.0022 72 329 195 377
chair 0.0021 400 45 496 270
chair 0.0021 114 290 230 376
chair 0.0021 391 291 495 371
chair 0.0020 353 291 459 368
chair 0.0015 341 263 465 340
chair 0.0014 342 245 465 309
chair 0.0013 472 271 500 375
chair 0.0012 456 77 493 225
chair 0.0012 217 293 361 371
chair 0.0012 395 198 492 292
chair 0.0011 108 94 315 281
chair 0.0010 404 251 463 310
chair 0.0010 0 321 27 382
person 0.0153 106 97 470 391
person 0.0064 20 45 402 328
sofa 0.3629 83 216 493 387
sofa 0.0105 160 194 419 361
sofa 0.0097 133 271 445 379
sofa 0.0081 252 241 470 367
train 0.0011 97 -13 479 273
tvmonitor 0.0516 102 34 178 124
tvmonitor 0.0058 452 178 498 267
tvmonitor 0.0015 82 5 186 145
tvmonitor 0.0015 116 57 166 129
tvmonitor 0.0011 393 199 437 248
