bird 0.0018 264 343 391 384
bird 0.0016 447 0 501 43
car 0.0036 0 159 18 201
cow 0.0108 191 341 386 378
cow 0.0108 156 331 323 376
cow 0.0068 138 347 303 381
person 0.5775 148 172 190 278
person 0.3346 125 185 196 256
person 0.0805 0 146 23 243
person 0.0064 1 169 20 220
person 0.0039 0 115 19 216
person 0.0037 0 185 18 231
person 0.0036 153 200 180 244
person 0.0028 160 177 196 241
person 0.0027 124 165 215 228
person 0.0020 0 145 17 187
person 0.0019 114 155 215 278
person 0.0017 449 0 492 19
person 0.0017 146 340 278 380
person 0.0014 128 170 165 245
person 0.0013 0 174 20 272
pottedplant 0.0033 69 331 199 381
pottedplant 0.0017 47 290 142 371
pottedplant 0.0014 74 300 192 367
pottedplant 0.0014 4 295 109 371
sheep 0.0087 134 329 308 377
sheep 0.0018 297 356 372 374
sheep 0.0012 231 354 288 375
sheep 0.0010 206 334 273 374
sheep 0.0010 270 355 320 375
