bottle 0.0679 380 206 415 268
bottle 0.0655 247 227 273 306
bottle 0.0466 322 182 353 261
bottle 0.0457 262 226 294 306
bottle 0.0203 385 217 407 259
bottle 0.0187 304 246 335 314
bottle 0.0175 323 239 353 320
bottle 0.0126 393 201 422 274
bottle 0.0121 341 241 369 321
bottle 0.0109 339 187 369 257
bottle 0.0103 358 189 391 256
bottle 0.0079 283 229 310 303
bottle 0.0047 249 242 268 292
bottle 0.0045 307 246 326 288
bottle 0.0042 365 176 384 215
bottle 0.0042 357 192 430 283
bottle 0.0040 339 216 371 286
bottle 0.0037 327 260 348 301
bottle 0.0036 283 163 312 229
bottle 0.0034 363 215 384 258
bottle 0.0032 326 197 346 248
bottle 0.0030 400 215 420 262
bottle 0.0030 200 219 243 285
bottle 0.0029 346 200 365 244
bottle 0.0028 326 244 346 287
bottle 0.0027 323 275 348 316
bottle 0.0026 257 204 299 269
bottle 0.0026 382 232 408 272
bottle 0.0025 346 216 368 258
bottle 0.0024 210 225 308 308
bottle 0.0024 142 197 177 249
bottle 0.0023 269 243 290 290
bottle 0.0023 358 159 390 229
bottle 0.0023 288 218 309 256
bottle 0.0022 301 209 334 295
bottle 0.0021 127 194 164 251
bottle 0.0020 285 279 309 312
bottle 0.0020 308 276 328 314
bottle 0.0019 283 208 314 265
bottle 0.0017 301 163 331 252
bottle 0.0017 208 179 242 265
bottle 0.0016 305 219 329 255
bottle 0.0016 366 199 385 248
bottle 0.0016 317 157 355 233
bottle 0.0016 226 161 254 255
bottle 0.0016 279 264 314 325
bottle 0.0015 352 219 388 280
bottle 0.0015 242 207 274 269
bottle 0.0015 247 219 271 255
bottle 0.0014 318 212 356 291
bottle 0.0014 288 243 306 290
bottle 0.0014 345 231 367 272
bottle 0.0013 305 205 329 241
bottle 0.0013 371 230 417 299
bottle 0.0012 287 174 309 215
bottle 0.0012 225 196 255 278
bottle 0.0012 297 233 372 326
bottle 0.0010 345 246 367 286
bottle 0.0010 248 205 269 241
bottle 0.0010 344 258 366 304
bottle 0.0010 287 232 308 272
bottle 0.0010 383 203 408 242
bottle 0.0010 360 232 384 271
chair 0.0067 0 200 127 395
chair 0.0034 5 285 112 375
chair 0.0016 477 225 500 364
chair 0.0015 442 216 501 332
diningtable 0.3914 93 223 482 380
diningtable 0.0364 231 271 493 388
diningtable 0.0131 109 268 387 397
diningtable 0.0101 121 191 376 357
diningtable 0.0080 51 117 448 371
diningtable 0.0065 317 228 491 373
diningtable 0.0046 277 325 455 381
diningtable 0.0032 114 252 462 466
diningtable 0.0029 38 238 310 367
diningtable 0.0028 218 299 432 410
diningtable 0.0024 221 324 356 394
diningtable 0.0020 258 186 469 361
diningtable 0.0019 350 261 459 347
diningtable 0.0019 128 146 288 341
diningtable 0.0015 217 209 359 279
diningtable 0.0014 188 258 303 344
diningtable 0.0013 225 254 343 348
person 0.9187 128 112 279 251
person 0.7907 2 114 127 370
person 0.6951 371 100 499 329
person 0.5144 308 102 418 276
person 0.3352 289 89 377 230
person 0.0889 12 107 167 275
person 0.0248 183 84 309 241
person 0.0110 340 169 477 375
person 0.0070 -12 91 74 341
person 0.0070 291 84 515 348
person 0.0068 12 217 180 382
person 0.0065 70 86 199 287
person 0.0058 79 180 166 265
person 0.0056 301 141 435 343
person 0.0054 48 93 373 280
person 0.0041 0 86 20 214
person 0.0039 -1 120 21 268
person 0.0039 411 -5 493 105
person 0.0037 311 125 398 231
person 0.0035 315 87 389 189
person 0.0033 9 121 106 191
person 0.0031 237 141 328 230
person 0.0029 53 139 216 347
person 0.0029 0 115 268 374
person 0.0027 328 152 405 277
person 0.0022 172 126 267 232
person 0.0018 12 131 110 238
person 0.0018 -57 135 173 410
person 0.0018 44 131 142 240
person 0.0017 357 148 430 268
person 0.0017 475 243 499 375
person 0.0015 393 151 489 282
person 0.0015 430 171 514 376
person 0.0015 310 109 363 221
person 0.0015 -9 77 130 246
person 0.0013 317 94 487 236
person 0.0013 205 117 364 249
person 0.0012 118 113 227 213
person 0.0012 305 113 444 193
person 0.0012 472 184 499 347
person 0.0011 23 188 157 300
person 0.0011 0 127 58 248
pottedplant 0.0129 60 45 136 158
pottedplant 0.0050 38 17 151 184
pottedplant 0.0038 45 94 145 171
pottedplant 0.0014 78 82 134 163
pottedplant 0.0011 67 18 109 82
tvmonitor 0.0398 405 13 498 84
tvmonitor 0.0016 382 -1 483 74
