bicycle 0.7360 79 144 133 255
bicycle 0.0357 63 127 155 276
bicycle 0.0315 86 176 122 257
bicycle 0.0049 94 180 119 227
bicycle 0.0042 102 157 136 237
bicycle 0.0020 61 166 124 271
bicycle 0.0017 92 198 118 237
bicycle 0.0016 86 179 105 229
motorbike 0.0019 -54 22 256 322
person 0.9066 74 99 140 231
person 0.0589 94 84 146 206
person 0.0301 104 87 135 165
person 0.0155 104 102 136 221
person 0.0148 78 109 113 254
person 0.0116 77 89 112 159
person 0.0040 77 83 164 268
person 0.0015 119 97 146 191
person 0.0013 95 166 122 205
person 0.0010 110 91 133 125
