bicycle 0.5247 81 268 353 386
bicycle 0.3913 139 243 435 374
bicycle 0.1324 214 271 514 379
bicycle 0.0268 266 327 444 378
bicycle 0.0124 140 195 295 362
bicycle 0.0062 235 294 419 374
bicycle 0.0051 155 295 342 373
bicycle 0.0049 196 253 311 346
bicycle 0.0031 248 308 483 406
bicycle 0.0030 314 296 494 374
bicycle 0.0028 224 259 351 355
bicycle 0.0019 52 224 217 379
bicycle 0.0019 85 258 182 349
bicycle 0.0015 113 279 229 378
bicycle 0.0014 209 327 368 380
bicycle 0.0011 105 252 221 337
bicycle 0.0011 152 249 271 357
bicycle 0.0011 288 347 458 380
bottle 0.0011 253 215 300 288
chair 0.0029 369 214 501 382
person 0.7860 195 113 363 317
person 0.3730 382 79 498 353
person 0.2633 152 192 341 361
person 0.2355 147 115 428 373
person 0.1017 294 103 512 385
person 0.0843 167 117 270 320
person 0.0614 294 132 429 356
person 0.0189 295 144 374 274
person 0.0097 331 97 485 277
person 0.0068 193 120 244 181
person 0.0067 193 239 315 323
person 0.0052 218 156 355 269
person 0.0035 227 90 349 175
person 0.0033 218 204 302 301
person 0.0031 200 69 379 202
person 0.0028 408 94 497 208
person 0.0028 298 133 335 196
person 0.0028 330 129 375 201
person 0.0024 416 113 524 320
person 0.0023 312 125 359 206
person 0.0021 118 58 533 318
person 0.0021 299 117 374 216
person 0.0016 477 110 499 250
person 0.0016 185 158 258 289
person 0.0016 320 134 383 255
person 0.0015 140 93 361 235
person 0.0015 245 97 406 274
person 0.0011 282 184 368 306
person 0.0010 393 187 495 299
