bus 0.0039 0 212 28 266
bus 0.0018 0 150 22 268
bus 0.0015 2 196 47 254
car 0.0093 4 293 112 371
car 0.0034 0 222 23 257
car 0.0029 16 300 73 374
car 0.0021 12 223 38 253
car 0.0019 0 234 22 269
car 0.0018 0 210 27 292
car 0.0017 4 323 93 376
car 0.0011 -20 270 140 389
chair 0.0010 477 85 500 215
person 0.5824 71 246 97 284
person 0.1766 58 243 76 286
person 0.0305 18 229 43 307
person 0.0268 92 245 112 285
person 0.0211 20 247 39 289
person 0.0159 28 244 68 292
person 0.0096 55 225 81 285
person 0.0073 85 236 114 290
person 0.0058 68 227 103 284
person 0.0040 30 234 60 327
person 0.0035 0 213 26 318
person 0.0031 36 239 59 268
person 0.0022 49 239 122 289
person 0.0021 7 220 42 285
person 0.0018 15 237 37 268
person 0.0013 0 264 27 383
person 0.0012 426 331 476 376
person 0.0011 436 340 467 372
train 0.7881 49 55 528 319
train 0.0093 90 94 329 285
train 0.0069 165 89 414 283
train 0.0050 75 152 501 393
train 0.0028 378 123 513 308
train 0.0021 28 8 394 250
train 0.0015 215 26 591 290
train 0.0012 408 195 492 293
train 0.0011 177 156 400 328
train 0.0010 146 46 355 218
tvmonitor 0.0062 474 133 500 258
tvmonitor 0.0026 151 80 205 137
