bicycle 0.0024 5 200 210 324
bottle 0.0025 84 300 110 327
bus 0.0059 137 35 385 295
chair 0.0017 39 207 237 321
chair 0.0013 201 298 321 339
chair 0.0012 257 292 389 334
diningtable 0.0015 3 241 212 334
diningtable 0.0010 -39 192 254 338
person 0.6936 -6 -3 161 333
person 0.0105 -1 64 278 315
person 0.0078 32 79 183 300
person 0.0036 0 293 16 322
person 0.0028 -18 65 110 266
person 0.0015 0 288 21 314
person 0.0013 0 154 160 325
tvmonitor 0.7703 195 134 391 289
tvmonitor 0.0630 148 62 374 318
tvmonitor 0.0043 244 167 340 257
tvmonitor 0.0027 287 139 413 294
tvmonitor 0.0016 154 107 310 272
tvmonitor 0.0016 212 198 371 325
tvmonitor 0.0011 221 148 300 233
tvmonitor 0.0010 272 175 370 254
tvmonitor 0.0010 247 227 338 301
