aeroplane 0.1299 30 6 392 194
aeroplane 0.0239 -45 38 314 219
aeroplane 0.0070 63 89 282 224
aeroplane 0.0030 108 127 237 201
aeroplane 0.0018 65 98 203 169
aeroplane 0.0015 144 68 279 141
aeroplane 0.0012 97 4 325 146
aeroplane 0.0010 1 50 192 210
boat 0.0036 126 27 371 175
boat 0.0016 219 101 358 161
bottle 0.0025 384 74 404 112
bottle 0.0011 0 332 17 373
bus 0.0017 399 299 504 377
bus 0.0013 361 331 503 373
car 0.0160 365 360 424 375
car 0.0054 346 360 402 375
car 0.0044 171 143 221 183
car 0.0037 329 350 496 379
car 0.0016 384 326 498 378
car 0.0011 223 140 255 163
chair 0.0076 438 243 499 366
chair 0.0050 397 286 499 374
chair 0.0028 268 329 387 379
chair 0.0020 -3 335 118 380
chair 0.0014 436 84 498 219
chair 0.0014 57 332 210 375
chair 0.0012 108 362 179 375
chair 0.0010 210 181 310 239
diningtable 0.0012 150 276 426 383
diningtable 0.0010 35 195 464 408
person 0.0219 160 358 201 375
person 0.0175 290 354 342 375
person 0.0162 310 357 358 376
person 0.0134 272 355 323 375
person 0.0065 285 335 350 375
person 0.0060 446 356 495 375
person 0.0059 135 359 192 375
person 0.0026 471 354 502 376
person 0.0025 479 12 501 116
person 0.0020 423 359 480 375
person 0.0019 475 340 500 370
person 0.0018 403 358 460 375
person 0.0017 432 5 510 255
person 0.0015 265 347 406 381
person 0.0015 318 342 348 370
person 0.0015 472 246 499 372
person 0.0014 304 349 362 380
person 0.0013 95 361 154 375
person 0.0011 448 330 495 378
person 0.0010 172 360 230 375
train 0.0069 21 99 477 332
tvmonitor 0.0025 475 146 500 212
tvmonitor 0.0016 446 279 502 372
tvmonitor 0.0014 477 21 499 136
tvmonitor 0.0010 -8 330 142 373
