bottle 0.0016 210 106 306 306
car 0.0147 229 187 295 285
car 0.0140 27 388 60 405
car 0.0077 35 389 72 408
car 0.0048 15 386 44 407
car 0.0031 211 158 305 310
horse 0.6526 106 158 259 468
horse 0.0258 20 235 298 462
horse 0.0156 86 151 187 401
horse 0.0070 86 253 233 435
horse 0.0040 154 239 255 459
horse 0.0039 39 132 230 418
horse 0.0016 49 214 172 407
person 0.8262 103 101 221 382
person 0.0103 135 66 224 281
person 0.0042 118 184 204 296
person 0.0038 156 111 249 371
person 0.0029 148 307 205 449
person 0.0018 151 97 213 231
person 0.0016 90 83 183 323
person 0.0014 97 172 161 324
