bottle 0.0040 179 296 224 377
bottle 0.0036 341 237 367 268
bottle 0.0028 358 223 389 279
bottle 0.0026 475 295 500 381
bottle 0.0023 132 63 158 123
bottle 0.0021 325 235 348 270
bottle 0.0021 363 234 385 271
bottle 0.0021 145 296 184 352
bottle 0.0019 152 293 177 327
bottle 0.0019 332 229 374 274
bottle 0.0017 321 206 354 267
bottle 0.0015 149 59 175 127
bottle 0.0015 176 259 222 358
bottle 0.0014 365 216 385 258
bottle 0.0012 164 299 204 376
bottle 0.0011 134 92 158 120
bottle 0.0010 412 216 495 313
bottle 0.0010 190 -6 222 136
bottle 0.0010 327 218 348 257
bottle 0.0010 361 187 388 259
chair 0.1476 252 265 482 379
chair 0.0042 1 270 25 349
chair 0.0037 257 264 409 333
chair 0.0033 5 252 44 369
chair 0.0032 339 274 463 376
chair 0.0032 -4 296 107 370
chair 0.0031 -3 332 193 376
chair 0.0030 0 287 24 389
chair 0.0029 0 291 21 328
chair 0.0022 363 224 519 381
chair 0.0021 221 261 356 336
chair 0.0014 0 324 50 378
chair 0.0013 401 251 494 356
chair 0.0012 12 293 178 372
chair 0.0011 188 266 310 342
chair 0.0011 185 158 293 229
diningtable 0.0183 234 212 496 342
diningtable 0.0142 37 330 231 375
diningtable 0.0031 90 304 234 372
diningtable 0.0031 273 252 436 310
diningtable 0.0022 171 243 404 359
diningtable 0.0017 80 270 264 378
diningtable 0.0011 27 299 239 409
diningtable 0.0010 328 235 478 309
person 0.8968 161 155 246 340
person 0.8651 39 183 204 374
person 0.5392 304 -17 502 274
person 0.1626 261 107 384 264
person 0.0234 107 171 233 364
person 0.0101 378 68 501 304
person 0.0093 17 274 248 379
person 0.0088 262 156 340 261
person 0.0075 272 80 444 286
person 0.0072 243 151 410 332
person 0.0061 430 16 512 241
person 0.0060 -11 217 143 381
person 0.0058 311 0 496 153
person 0.0054 175 161 321 334
person 0.0054 253 193 332 292
person 0.0054 78 224 173 318
person 0.0045 262 176 298 268
person 0.0043 166 149 235 267
person 0.0036 -39 207 232 396
person 0.0032 477 271 500 377
person 0.0026 390 182 497 259
person 0.0024 302 156 505 337
person 0.0023 40 203 150 289
person 0.0023 477 -2 500 160
person 0.0019 239 180 319 264
person 0.0016 169 187 269 288
person 0.0015 429 131 528 357
person 0.0012 273 132 360 228
person 0.0012 477 196 500 335
person 0.0012 144 175 219 313
person 0.0011 149 221 265 376
person 0.0011 267 190 288 225
person 0.0011 271 -8 392 211
person 0.0011 -48 189 93 361
person 0.0010 440 66 504 192
person 0.0010 471 124 500 263
person 0.0010 199 166 239 221
pottedplant 0.1988 77 124 172 190
pottedplant 0.0209 71 90 143 175
pottedplant 0.0070 45 121 135 181
pottedplant 0.0058 50 92 159 228
pottedplant 0.0028 473 234 500 356
pottedplant 0.0022 81 98 181 167
pottedplant 0.0018 79 133 134 196
pottedplant 0.0011 72 115 136 163
tvmonitor 0.3939 -3 134 51 197
tvmonitor 0.0065 -1 124 58 233
tvmonitor 0.0054 8 146 43 182
tvmonitor 0.0012 -28 98 71 227
tvmonitor 0.0011 79 152 181 222
tvmonitor 0.0011 -23 119 43 213
