aeroplane 0.0324 269 -1 381 37
aeroplane 0.0295 285 3 351 36
aeroplane 0.0179 18 34 481 283
aeroplane 0.0115 317 23 350 43
aeroplane 0.0110 316 6 349 33
aeroplane 0.0094 333 0 375 17
aeroplane 0.0071 295 22 339 43
aeroplane 0.0062 368 0 417 14
aeroplane 0.0039 343 0 406 13
aeroplane 0.0036 292 0 340 21
aeroplane 0.0031 314 0 358 20
aeroplane 0.0026 273 0 322 17
aeroplane 0.0016 272 -11 438 27
bird 0.0015 277 -1 322 41
bird 0.0014 290 15 341 49
bird 0.0013 306 14 359 51
boat 0.1164 -53 123 476 308
boat 0.0099 68 144 356 285
boat 0.0032 438 217 502 262
boat 0.0027 447 242 495 259
boat 0.0012 42 140 227 292
boat 0.0011 417 218 484 257
boat 0.0010 395 203 490 283
boat 0.0010 139 181 283 255
bus 0.1187 -15 132 515 299
car 0.1331 -12 95 512 279
car 0.0033 0 237 24 262
car 0.0026 128 110 159 138
car 0.0016 124 154 453 274
person 0.0704 88 251 116 277
person 0.0680 131 248 153 279
person 0.0368 77 242 102 270
person 0.0319 297 7 338 33
person 0.0221 90 241 114 271
person 0.0171 28 239 62 260
person 0.0114 16 239 48 260
person 0.0045 16 226 42 256
person 0.0029 103 256 147 275
person 0.0027 51 242 81 263
person 0.0017 0 225 23 256
person 0.0014 83 234 122 275
person 0.0014 108 245 144 268
person 0.0014 72 235 109 274
person 0.0012 16 -17 484 276
person 0.0012 127 227 156 282
train 0.0023 34 136 465 353
