bottle 0.0014 123 -1 166 16
bottle 0.0010 130 5 164 61
chair 0.0513 363 274 421 313
chair 0.0346 310 267 364 322
chair 0.0341 275 265 361 334
chair 0.0224 272 262 324 328
chair 0.0144 396 280 428 308
chair 0.0143 286 252 338 311
chair 0.0082 294 242 375 321
chair 0.0081 477 258 500 328
chair 0.0070 309 263 411 328
chair 0.0064 315 239 428 305
chair 0.0062 410 283 446 306
chair 0.0049 393 260 432 304
chair 0.0044 64 304 225 374
chair 0.0024 286 263 312 295
chair 0.0020 345 255 406 308
chair 0.0017 280 237 352 300
chair 0.0017 402 273 451 311
chair 0.0016 396 270 492 343
chair 0.0016 285 254 316 281
chair 0.0016 292 257 335 278
chair 0.0014 355 267 453 336
chair 0.0013 261 223 398 334
chair 0.0013 352 283 400 305
chair 0.0013 446 267 500 321
chair 0.0012 271 296 316 345
chair 0.0010 300 296 429 364
diningtable 0.0403 360 305 524 362
diningtable 0.0099 326 252 421 312
diningtable 0.0083 296 279 514 376
diningtable 0.0079 309 329 499 377
diningtable 0.0032 174 329 328 379
diningtable 0.0032 324 304 463 371
person 0.0279 68 246 96 313
person 0.0083 129 -1 234 43
person 0.0074 57 250 88 310
person 0.0032 479 251 501 315
person 0.0019 56 -3 209 41
person 0.0010 111 6 236 70
pottedplant 0.0872 247 256 330 339
pottedplant 0.0571 209 264 291 348
pottedplant 0.0522 64 233 216 375
pottedplant 0.0466 125 144 292 351
pottedplant 0.0358 197 223 283 340
pottedplant 0.0357 217 274 261 345
pottedplant 0.0277 205 291 237 355
pottedplant 0.0222 29 64 316 367
pottedplant 0.0203 255 280 306 341
pottedplant 0.0175 90 279 199 369
pottedplant 0.0169 209 327 236 353
pottedplant 0.0140 188 163 311 333
pottedplant 0.0137 240 276 276 343
pottedplant 0.0104 211 196 293 300
pottedplant 0.0103 190 296 302 363
pottedplant 0.0073 246 304 272 341
pottedplant 0.0060 187 274 216 345
pottedplant 0.0052 159 277 195 342
pottedplant 0.0051 167 266 268 345
pottedplant 0.0045 208 304 231 345
pottedplant 0.0043 209 293 234 329
pottedplant 0.0040 202 251 239 341
pottedplant 0.0037 243 322 270 348
pottedplant 0.0036 226 324 256 351
pottedplant 0.0033 248 292 272 330
pottedplant 0.0033 114 242 310 359
pottedplant 0.0030 47 147 221 346
pottedplant 0.0027 213 237 267 325
pottedplant 0.0026 144 283 185 334
pottedplant 0.0024 80 239 184 320
pottedplant 0.0024 231 267 285 324
pottedplant 0.0023 228 303 254 344
pottedplant 0.0020 119 284 167 335
pottedplant 0.0020 261 307 293 336
pottedplant 0.0020 167 194 258 299
pottedplant 0.0018 56 238 89 299
pottedplant 0.0017 128 196 217 295
pottedplant 0.0017 156 177 265 259
pottedplant 0.0016 150 294 178 325
pottedplant 0.0016 219 312 265 361
pottedplant 0.0014 234 221 323 316
pottedplant 0.0014 222 338 257 361
pottedplant 0.0013 115 270 209 347
pottedplant 0.0012 119 55 304 259
pottedplant 0.0012 241 292 332 359
pottedplant 0.0012 121 176 223 261
pottedplant 0.0011 254 251 306 313
pottedplant 0.0011 157 143 264 233
pottedplant 0.0011 226 290 254 329
pottedplant 0.0010 124 234 218 321
pottedplant 0.0010 168 291 190 329
pottedplant 0.0010 187 279 258 367
pottedplant 0.0010 191 289 212 330
pottedplant 0.0010 127 296 160 323
tvmonitor 0.0612 353 234 402 273
tvmonitor 0.0387 320 227 356 272
tvmonitor 0.0079 398 220 425 283
tvmonitor 0.0063 402 233 423 272
tvmonitor 0.0057 330 230 422 276
tvmonitor 0.0026 328 229 374 274
tvmonitor 0.0021 374 240 410 268
tvmonitor 0.0020 338 237 366 266
