bird 0.0015 173 258 306 461
bottle 0.0105 135 184 165 256
bottle 0.0039 140 156 161 248
bottle 0.0029 122 182 148 260
bottle 0.0022 134 218 167 296
bottle 0.0015 145 170 157 235
bottle 0.0012 127 197 144 248
bottle 0.0011 124 217 145 263
bottle 0.0010 119 176 180 267
person 0.3045 -7 85 210 490
person 0.0732 7 116 128 458
person 0.0090 69 126 188 446
person 0.0028 137 198 252 458
person 0.0027 26 112 48 144
person 0.0016 -6 234 104 492
person 0.0012 34 39 339 384
person 0.0010 0 221 19 410
person 0.0010 88 66 227 277
person 0.0010 127 88 242 330
sheep 0.2189 141 228 290 442
sheep 0.0010 174 263 258 404
