car 0.0104 33 308 59 336
car 0.0028 32 296 60 328
chair 0.5208 133 284 187 363
chair 0.3097 163 306 206 370
chair 0.2162 126 305 234 370
chair 0.1982 452 267 493 351
chair 0.1936 201 287 245 362
chair 0.1093 390 278 432 344
chair 0.0949 431 272 465 350
chair 0.0726 411 278 457 345
chair 0.0643 478 242 501 351
chair 0.0614 178 308 221 370
chair 0.0438 386 272 472 351
chair 0.0316 151 288 254 365
chair 0.0181 192 326 246 373
chair 0.0131 382 276 411 342
chair 0.0129 194 300 301 374
chair 0.0119 480 302 499 347
chair 0.0117 440 237 499 359
chair 0.0092 149 329 271 376
chair 0.0090 135 328 187 370
chair 0.0069 171 318 198 361
chair 0.0060 240 299 289 346
chair 0.0056 481 271 500 320
chair 0.0054 321 262 412 344
chair 0.0054 298 254 338 337
chair 0.0050 185 272 223 350
chair 0.0046 146 318 176 360
chair 0.0046 345 298 399 344
chair 0.0042 26 286 64 335
chair 0.0037 417 304 448 341
chair 0.0036 211 302 259 372
chair 0.0035 331 295 380 349
chair 0.0035 357 258 395 333
chair 0.0035 207 304 236 345
chair 0.0035 279 244 355 346
chair 0.0035 290 296 338 346
chair 0.0034 145 303 177 344
chair 0.0033 458 305 486 343
chair 0.0032 448 312 495 357
chair 0.0030 141 261 221 363
chair 0.0029 221 274 253 349
chair 0.0028 398 289 425 331
chair 0.0027 229 268 346 344
chair 0.0023 426 293 511 351
chair 0.0023 384 287 406 330
chair 0.0022 341 296 465 349
chair 0.0021 115 326 212 372
chair 0.0020 187 318 214 361
chair 0.0020 159 272 202 351
chair 0.0018 438 280 465 310
chair 0.0018 199 266 297 346
chair 0.0015 409 253 495 342
chair 0.0015 162 276 338 388
chair 0.0015 226 300 351 366
chair 0.0015 198 331 377 378
chair 0.0014 134 333 157 369
chair 0.0014 105 269 145 296
chair 0.0014 46 236 142 315
chair 0.0014 459 287 484 334
chair 0.0014 420 290 449 329
chair 0.0013 182 334 216 373
chair 0.0013 202 320 237 357
chair 0.0013 203 334 237 369
chair 0.0013 311 289 401 356
chair 0.0013 479 187 503 317
chair 0.0012 439 285 460 336
chair 0.0012 188 305 215 344
chair 0.0011 109 281 142 306
chair 0.0011 399 301 423 347
chair 0.0011 5 359 53 375
chair 0.0011 455 320 488 351
chair 0.0010 245 306 278 337
chair 0.0010 198 256 248 336
chair 0.0010 398 323 429 348
diningtable 0.0017 252 331 402 388
person 0.0383 127 269 196 356
person 0.0104 88 268 118 297
person 0.0080 72 271 105 298
person 0.0077 381 261 410 331
person 0.0063 402 192 426 223
person 0.0056 122 274 167 294
person 0.0046 147 279 178 307
person 0.0039 130 282 162 306
person 0.0035 381 270 407 300
person 0.0033 138 269 184 321
person 0.0027 141 272 181 296
person 0.0023 385 276 405 314
person 0.0023 300 217 331 291
person 0.0020 358 227 450 327
person 0.0018 396 190 430 257
person 0.0015 -1 297 20 379
person 0.0015 126 211 157 238
person 0.0014 321 211 486 344
person 0.0013 304 249 328 285
person 0.0011 115 235 138 266
pottedplant 0.5721 83 312 133 364
pottedplant 0.3023 46 332 85 377
pottedplant 0.1770 67 290 149 358
pottedplant 0.1249 47 354 88 375
pottedplant 0.0778 90 323 124 356
pottedplant 0.0402 95 298 146 350
pottedplant 0.0396 107 324 139 351
pottedplant 0.0385 44 316 94 365
pottedplant 0.0286 85 339 124 364
pottedplant 0.0285 90 301 188 366
pottedplant 0.0255 90 310 125 341
pottedplant 0.0207 77 288 135 335
pottedplant 0.0176 69 325 97 355
pottedplant 0.0156 52 325 85 355
pottedplant 0.0132 26 355 74 375
pottedplant 0.0125 38 327 153 380
pottedplant 0.0114 65 214 100 261
pottedplant 0.0113 66 339 101 367
pottedplant 0.0111 128 309 170 362
pottedplant 0.0106 62 315 104 362
pottedplant 0.0097 -2 346 137 382
pottedplant 0.0086 25 334 78 373
pottedplant 0.0086 376 231 417 304
pottedplant 0.0081 51 311 82 338
pottedplant 0.0080 104 310 139 337
pottedplant 0.0078 45 299 92 349
pottedplant 0.0070 36 322 61 351
pottedplant 0.0066 86 298 123 322
pottedplant 0.0060 69 310 102 337
pottedplant 0.0059 14 302 104 372
pottedplant 0.0059 133 320 160 355
pottedplant 0.0054 67 352 102 377
pottedplant 0.0049 -1 270 191 377
pottedplant 0.0048 59 301 114 348
pottedplant 0.0043 30 312 71 364
pottedplant 0.0041 27 298 65 347
pottedplant 0.0040 30 340 68 367
pottedplant 0.0040 355 227 397 307
pottedplant 0.0039 358 272 389 297
pottedplant 0.0038 392 239 430 295
pottedplant 0.0036 71 206 96 239
pottedplant 0.0032 342 268 370 295
pottedplant 0.0026 373 226 413 275
pottedplant 0.0023 105 298 143 322
pottedplant 0.0023 89 271 185 349
pottedplant 0.0022 383 232 406 267
pottedplant 0.0021 74 235 99 266
pottedplant 0.0020 198 239 242 294
pottedplant 0.0020 316 229 415 328
pottedplant 0.0018 351 209 396 269
pottedplant 0.0017 474 85 502 158
pottedplant 0.0013 478 104 500 138
pottedplant 0.0013 400 248 423 286
pottedplant 0.0013 59 345 109 382
pottedplant 0.0011 38 269 137 350
pottedplant 0.0010 67 228 106 275
train 0.0010 77 240 188 305
tvmonitor 0.0011 349 97 440 175
