bird 0.0595 170 411 242 491
bird 0.0031 171 407 215 461
bird 0.0020 142 357 233 461
bird 0.0015 176 402 211 429
bird 0.0012 111 325 264 484
bird 0.0012 159 401 233 466
bird 0.0011 169 391 218 442
car 0.1291 119 182 207 258
car 0.0550 138 185 238 243
car 0.0107 153 174 207 237
car 0.0068 205 174 240 197
car 0.0055 169 195 215 243
car 0.0050 80 178 192 230
car 0.0039 140 179 191 230
car 0.0037 139 204 237 284
car 0.0030 183 189 308 244
car 0.0027 0 164 17 200
car 0.0019 61 172 97 196
car 0.0017 156 173 289 233
car 0.0016 69 158 204 211
car 0.0014 87 155 227 289
cow 0.3829 34 181 175 328
cow 0.2715 176 196 301 399
cow 0.0199 110 210 209 289
cow 0.0103 224 183 326 246
cow 0.0099 86 231 170 321
cow 0.0073 55 228 142 321
cow 0.0053 78 178 181 257
cow 0.0047 111 242 204 317
cow 0.0043 71 185 247 319
cow 0.0031 17 191 114 329
cow 0.0018 47 148 206 291
cow 0.0014 131 223 175 301
cow 0.0011 193 175 312 224
cow 0.0011 178 210 311 293
dog 0.3631 171 200 305 434
dog 0.0040 73 200 358 451
dog 0.0018 201 307 289 418
dog 0.0015 178 231 261 347
dog 0.0014 174 321 258 414
horse 0.2846 15 181 141 333
horse 0.0066 25 151 177 291
horse 0.0060 43 214 171 308
horse 0.0010 -3 142 205 357
person 0.0069 42 170 158 263
person 0.0016 211 162 332 351
person 0.0012 220 172 254 199
person 0.0011 229 198 317 293
pottedplant 0.0111 341 79 371 137
pottedplant 0.0030 350 93 378 153
pottedplant 0.0020 354 86 376 131
pottedplant 0.0012 294 113 324 138
sheep 0.0039 140 355 184 402
sheep 0.0025 197 213 278 343
sheep 0.0015 138 362 168 395
