bottle 0.2886 10 154 92 339
bottle 0.0425 225 207 262 269
bottle 0.0383 181 183 219 294
bottle 0.0341 -13 136 67 353
bottle 0.0153 263 201 291 274
bottle 0.0148 24 160 71 284
bottle 0.0134 83 203 181 283
bottle 0.0118 1 133 22 256
bottle 0.0098 282 196 322 278
bottle 0.0080 209 14 260 61
bottle 0.0064 276 20 311 82
bottle 0.0058 0 198 21 334
bottle 0.0050 12 226 79 365
bottle 0.0048 171 192 201 285
bottle 0.0044 116 203 219 290
bottle 0.0038 -2 170 58 314
bottle 0.0038 205 10 237 66
bottle 0.0033 237 16 278 82
bottle 0.0031 117 237 168 296
bottle 0.0029 24 158 62 233
bottle 0.0026 184 220 215 310
bottle 0.0025 268 215 287 262
bottle 0.0024 173 297 225 350
bottle 0.0024 163 206 264 284
bottle 0.0024 81 231 182 305
bottle 0.0020 234 297 275 353
bottle 0.0020 221 32 254 62
bottle 0.0019 146 209 178 296
bottle 0.0019 263 9 300 88
bottle 0.0018 91 236 125 296
bottle 0.0018 220 22 252 53
bottle 0.0018 202 300 240 349
bottle 0.0018 11 162 44 285
bottle 0.0016 233 211 282 264
bottle 0.0016 15 149 45 239
bottle 0.0015 230 215 254 261
bottle 0.0014 161 311 211 362
bottle 0.0014 198 0 243 18
bottle 0.0014 121 171 214 259
bottle 0.0014 269 230 287 275
bottle 0.0013 137 290 262 358
bottle 0.0013 0 171 19 219
bottle 0.0013 267 192 291 222
bottle 0.0012 245 33 271 69
bottle 0.0010 -5 246 59 356
car 0.0016 301 53 334 80
chair 0.1300 13 122 163 189
chair 0.0565 411 194 489 303
chair 0.0359 476 208 500 323
chair 0.0348 402 239 463 292
chair 0.0266 392 179 489 357
chair 0.0236 395 233 505 297
chair 0.0209 118 121 227 192
chair 0.0207 1 102 134 171
chair 0.0191 281 222 447 373
chair 0.0145 140 94 187 151
chair 0.0126 1 96 119 280
chair 0.0105 376 151 420 207
chair 0.0102 313 227 409 317
chair 0.0087 401 246 501 344
chair 0.0087 292 124 381 196
chair 0.0080 400 158 481 274
chair 0.0080 160 88 206 153
chair 0.0079 117 98 170 147
chair 0.0078 134 94 221 164
chair 0.0058 396 146 483 221
chair 0.0057 316 145 425 211
chair 0.0048 363 131 459 189
chair 0.0045 481 242 499 290
chair 0.0044 361 148 456 214
chair 0.0042 85 95 260 217
chair 0.0041 73 108 174 195
chair 0.0041 476 159 500 288
chair 0.0038 358 202 445 294
chair 0.0038 296 153 337 204
chair 0.0032 482 258 499 305
chair 0.0031 -4 103 64 226
chair 0.0028 98 99 152 146
chair 0.0028 443 163 508 272
chair 0.0027 3 135 106 229
chair 0.0026 312 198 364 249
chair 0.0026 95 133 194 199
chair 0.0025 353 178 457 254
chair 0.0024 399 107 502 197
chair 0.0023 300 203 330 298
chair 0.0023 477 250 499 368
chair 0.0022 435 215 504 328
chair 0.0021 443 328 500 375
chair 0.0021 316 201 409 285
chair 0.0020 -1 79 25 192
chair 0.0020 94 95 191 150
chair 0.0018 301 150 329 181
chair 0.0018 435 112 513 319
chair 0.0018 327 158 389 200
chair 0.0017 376 327 510 378
chair 0.0016 481 272 498 320
chair 0.0015 401 308 502 366
chair 0.0014 317 180 488 315
chair 0.0014 354 233 456 321
chair 0.0014 478 112 499 215
chair 0.0014 301 162 330 196
chair 0.0013 383 161 411 200
chair 0.0013 311 214 359 286
chair 0.0013 -2 110 23 249
chair 0.0013 306 182 417 245
chair 0.0012 397 235 436 296
chair 0.0012 245 173 327 258
chair 0.0012 82 108 130 165
chair 0.0012 482 213 499 263
chair 0.0012 448 230 499 302
chair 0.0011 35 147 156 216
chair 0.0011 381 178 413 209
chair 0.0011 100 118 149 185
chair 0.0011 274 330 457 377
chair 0.0010 297 202 375 299
chair 0.0010 319 181 354 206
chair 0.0010 340 142 412 190
chair 0.0010 229 273 497 377
chair 0.0010 201 45 244 113
chair 0.0010 313 155 361 203
chair 0.0010 413 249 452 282
diningtable 0.2302 54 208 522 395
diningtable 0.2069 6 131 492 356
diningtable 0.0524 -60 257 406 402
diningtable 0.0330 288 201 439 359
diningtable 0.0230 141 228 436 376
diningtable 0.0154 -72 151 341 394
diningtable 0.0130 65 276 360 386
diningtable 0.0112 25 245 319 362
diningtable 0.0080 138 165 358 321
diningtable 0.0063 18 113 247 212
diningtable 0.0060 49 146 226 288
diningtable 0.0047 95 135 227 196
diningtable 0.0045 194 205 298 284
diningtable 0.0031 40 329 230 379
diningtable 0.0026 316 331 495 377
diningtable 0.0019 229 177 423 320
diningtable 0.0019 77 175 191 264
diningtable 0.0017 137 322 285 386
diningtable 0.0016 277 206 370 287
diningtable 0.0016 103 268 236 342
diningtable 0.0016 34 196 229 353
diningtable 0.0015 82 108 257 266
diningtable 0.0013 178 294 321 373
diningtable 0.0012 273 182 383 243
diningtable 0.0012 235 202 334 285
diningtable 0.0011 157 237 266 312
diningtable 0.0010 54 77 368 297
diningtable 0.0010 227 233 350 310
person 0.0037 326 114 423 193
person 0.0020 351 128 408 177
person 0.0014 -81 67 197 365
person 0.0013 0 294 24 383
person 0.0010 478 91 500 209
pottedplant 0.2377 216 88 293 221
pottedplant 0.1493 186 61 323 204
pottedplant 0.0274 263 149 301 211
pottedplant 0.0233 248 84 331 183
pottedplant 0.0174 184 98 314 274
pottedplant 0.0152 201 172 292 258
pottedplant 0.0149 234 44 281 113
pottedplant 0.0125 244 110 312 203
pottedplant 0.0122 166 85 250 179
pottedplant 0.0099 267 174 293 210
pottedplant 0.0089 394 92 488 177
pottedplant 0.0084 163 120 255 203
pottedplant 0.0084 370 117 417 161
pottedplant 0.0079 202 54 295 153
pottedplant 0.0079 106 25 147 104
pottedplant 0.0075 195 137 288 224
pottedplant 0.0072 202 72 247 171
pottedplant 0.0068 196 163 243 226
pottedplant 0.0065 238 150 282 211
pottedplant 0.0062 0 268 21 351
pottedplant 0.0058 394 69 491 142
pottedplant 0.0052 120 90 300 226
pottedplant 0.0051 285 79 363 180
pottedplant 0.0050 173 142 251 230
pottedplant 0.0047 255 78 295 138
pottedplant 0.0044 327 56 399 151
pottedplant 0.0043 378 121 407 153
pottedplant 0.0042 169 57 254 146
pottedplant 0.0040 184 152 225 268
pottedplant 0.0039 199 113 237 218
pottedplant 0.0038 174 174 254 260
pottedplant 0.0035 213 15 357 188
pottedplant 0.0034 90 30 124 101
pottedplant 0.0033 286 94 340 150
pottedplant 0.0031 217 154 268 206
pottedplant 0.0031 369 100 418 145
pottedplant 0.0030 409 95 455 148
pottedplant 0.0030 276 141 316 190
pottedplant 0.0030 251 79 346 140
pottedplant 0.0028 122 -1 158 105
pottedplant 0.0027 233 114 288 188
pottedplant 0.0025 283 160 306 200
pottedplant 0.0024 137 21 286 184
pottedplant 0.0023 202 71 246 119
pottedplant 0.0023 378 58 502 202
pottedplant 0.0022 180 150 226 210
pottedplant 0.0020 356 98 448 175
pottedplant 0.0020 239 76 284 139
pottedplant 0.0019 323 82 392 187
pottedplant 0.0019 467 328 506 377
pottedplant 0.0019 207 189 236 223
pottedplant 0.0019 218 45 258 114
pottedplant 0.0017 262 90 290 124
pottedplant 0.0017 333 86 377 155
pottedplant 0.0017 354 61 451 144
pottedplant 0.0017 269 159 294 201
pottedplant 0.0016 209 81 238 112
pottedplant 0.0016 180 78 224 136
pottedplant 0.0016 243 145 321 227
pottedplant 0.0015 188 164 217 193
pottedplant 0.0015 469 353 505 376
pottedplant 0.0015 473 340 501 371
pottedplant 0.0015 174 -3 318 154
pottedplant 0.0014 377 106 410 137
pottedplant 0.0014 207 25 294 117
pottedplant 0.0014 447 357 496 376
pottedplant 0.0014 92 13 155 118
pottedplant 0.0013 213 178 261 237
pottedplant 0.0013 245 174 273 212
pottedplant 0.0013 376 134 410 162
pottedplant 0.0013 327 105 418 169
pottedplant 0.0013 304 19 417 177
pottedplant 0.0012 65 -2 145 104
pottedplant 0.0012 417 106 447 135
pottedplant 0.0012 89 5 179 83
pottedplant 0.0012 319 30 486 171
pottedplant 0.0011 247 45 272 79
pottedplant 0.0011 247 91 275 120
pottedplant 0.0011 200 176 239 270
pottedplant 0.0011 394 112 431 135
pottedplant 0.0011 252 60 393 207
pottedplant 0.0010 393 124 427 150
pottedplant 0.0010 128 67 217 139
pottedplant 0.0010 215 75 262 140
sofa 0.1244 309 132 409 195
sofa 0.0021 289 149 386 214
sofa 0.0020 297 97 422 217
train 0.0021 298 -9 435 156
