boat 0.0024 1 7 171 63
bus 0.1024 136 17 440 356
car 0.0101 -3 223 28 246
car 0.0028 8 224 43 246
car 0.0019 258 54 296 72
car 0.0012 -5 214 31 256
person 0.0141 435 4 472 64
person 0.0019 0 198 27 226
person 0.0017 450 -1 483 74
person 0.0012 361 36 387 65
person 0.0012 357 0 392 20
person 0.0011 379 5 408 34
train 0.0194 59 62 440 367
tvmonitor 0.1045 127 -6 449 324
tvmonitor 0.0181 192 32 381 224
tvmonitor 0.0018 156 69 344 303
tvmonitor 0.0015 200 90 303 169
tvmonitor 0.0013 219 85 355 172
tvmonitor 0.0013 222 118 352 196
