bicycle 0.0025 372 168 500 372
bottle 0.2643 163 50 255 326
bottle 0.1623 12 112 112 318
bottle 0.0630 133 64 208 192
bottle 0.0605 89 52 175 323
bottle 0.0415 179 172 245 313
bottle 0.0352 129 52 220 270
bottle 0.0316 107 56 138 130
bottle 0.0295 103 65 168 187
bottle 0.0212 206 43 281 153
bottle 0.0164 86 64 122 117
bottle 0.0138 16 129 167 357
bottle 0.0129 251 -1 325 87
bottle 0.0128 25 194 107 303
bottle 0.0125 21 157 100 273
bottle 0.0119 40 46 143 274
bottle 0.0113 290 22 367 118
bottle 0.0109 185 45 252 152
bottle 0.0091 213 57 269 126
bottle 0.0089 250 44 403 274
bottle 0.0085 173 121 243 254
bottle 0.0081 91 160 160 277
bottle 0.0078 112 61 134 102
bottle 0.0070 -19 37 69 280
bottle 0.0056 91 63 119 96
bottle 0.0056 197 18 297 186
bottle 0.0056 241 -15 337 163
bottle 0.0052 164 182 262 366
bottle 0.0051 107 82 146 190
bottle 0.0047 63 64 108 124
bottle 0.0044 14 18 107 241
bottle 0.0039 162 64 205 153
bottle 0.0038 181 154 223 293
bottle 0.0037 314 15 406 251
bottle 0.0036 55 22 211 186
bottle 0.0034 67 66 137 181
bottle 0.0030 61 94 126 223
bottle 0.0029 322 47 396 151
bottle 0.0027 212 -5 281 88
bottle 0.0024 263 17 382 192
bottle 0.0021 0 69 56 188
bottle 0.0020 22 91 95 226
bottle 0.0019 120 44 160 172
bottle 0.0017 124 110 165 191
bottle 0.0016 275 51 321 135
bottle 0.0015 0 85 27 216
bottle 0.0015 83 52 171 135
bottle 0.0014 331 70 391 185
bottle 0.0014 248 51 316 149
bottle 0.0014 223 116 258 186
bottle 0.0013 287 73 371 177
bottle 0.0013 201 51 239 137
bottle 0.0013 125 192 204 292
bottle 0.0012 90 156 247 331
bottle 0.0012 58 191 142 296
bottle 0.0012 78 96 126 176
bottle 0.0012 164 15 264 190
bottle 0.0011 142 55 183 162
bottle 0.0011 320 6 386 123
bottle 0.0011 4 103 47 229
bottle 0.0011 79 68 125 144
bottle 0.0011 192 69 305 306
bottle 0.0010 172 135 225 226
bottle 0.0010 211 30 265 101
chair 0.0213 119 -5 240 74
chair 0.0039 -2 209 114 386
chair 0.0031 -4 177 190 370
chair 0.0024 101 167 181 279
chair 0.0022 375 131 501 362
chair 0.0021 11 220 93 317
chair 0.0019 167 -1 255 86
chair 0.0017 117 -16 227 164
chair 0.0017 152 -9 249 54
chair 0.0016 174 6 231 65
chair 0.0015 0 84 24 187
chair 0.0014 2 293 111 371
chair 0.0013 432 125 519 363
chair 0.0013 135 15 215 123
chair 0.0012 41 288 152 371
chair 0.0011 235 293 342 372
diningtable 0.0039 101 169 475 375
diningtable 0.0028 -83 93 200 337
diningtable 0.0017 216 231 439 369
diningtable 0.0013 -12 119 359 368
person 0.3305 163 15 490 358
person 0.0183 72 16 350 358
person 0.0060 434 46 511 326
person 0.0040 287 53 440 323
person 0.0035 11 -10 179 160
person 0.0033 378 51 494 327
person 0.0024 474 146 500 298
person 0.0020 477 70 500 230
person 0.0016 -1 110 22 248
person 0.0012 -3 -1 26 20
person 0.0011 475 213 500 377
person 0.0010 0 157 24 288
tvmonitor 0.0379 217 47 269 110
tvmonitor 0.0106 23 -1 143 71
tvmonitor 0.0045 279 0 368 85
tvmonitor 0.0038 0 84 25 159
tvmonitor 0.0034 13 0 120 46
tvmonitor 0.0012 14 16 104 120
tvmonitor 0.0012 2 -11 190 109
tvmonitor 0.0011 88 3 189 74
