aeroplane 0.0034 -9 -10 106 27
aeroplane 0.0022 9 -1 125 39
aeroplane 0.0022 10 1 85 18
bicycle 0.7891 198 217 278 284
bicycle 0.6898 127 181 199 264
bicycle 0.6093 289 204 340 268
bicycle 0.2802 137 201 220 274
bicycle 0.2279 283 176 322 270
bicycle 0.1424 206 195 307 278
bicycle 0.1278 266 194 333 278
bicycle 0.0525 476 164 500 250
bicycle 0.0376 164 210 267 269
bicycle 0.0362 232 218 286 281
bicycle 0.0233 300 219 331 257
bicycle 0.0039 124 180 228 300
bicycle 0.0037 172 212 222 261
bicycle 0.0034 253 223 297 275
bicycle 0.0028 205 226 244 301
bicycle 0.0028 122 208 172 263
bicycle 0.0027 221 237 260 266
bicycle 0.0022 252 183 381 299
bicycle 0.0014 314 208 348 265
bicycle 0.0010 283 219 317 255
bus 0.0124 0 130 106 189
bus 0.0057 0 124 52 183
bus 0.0042 15 149 71 188
car 0.0959 4 167 53 193
car 0.0267 18 170 70 190
car 0.0234 0 164 24 194
car 0.0232 -1 148 62 188
car 0.0093 100 145 148 161
car 0.0057 42 166 91 189
car 0.0056 6 156 50 181
car 0.0040 206 154 235 177
car 0.0035 25 157 64 181
car 0.0028 -1 153 28 203
car 0.0027 190 152 215 179
car 0.0026 -3 155 117 206
car 0.0023 1 150 24 184
car 0.0016 1 136 24 162
car 0.0015 -10 160 72 196
car 0.0010 119 142 168 160
car 0.0010 7 140 45 165
person 0.9111 291 169 333 248
person 0.7462 218 172 267 246
person 0.6078 128 174 200 258
person 0.2796 143 164 194 225
person 0.2007 240 160 273 286
person 0.1316 481 139 501 254
person 0.0916 280 181 348 264
person 0.0819 159 167 198 249
person 0.0763 226 157 286 263
person 0.0246 210 173 240 245
person 0.0236 286 167 316 193
person 0.0221 48 146 89 190
person 0.0210 287 160 318 232
person 0.0188 300 184 331 232
person 0.0176 149 166 185 193
person 0.0173 299 169 328 196
person 0.0173 73 147 94 188
person 0.0148 301 203 329 247
person 0.0134 172 174 258 261
person 0.0077 207 170 239 193
person 0.0073 480 179 503 295
person 0.0064 148 190 182 224
person 0.0062 288 201 312 244
person 0.0062 482 169 499 221
person 0.0061 228 202 255 243
person 0.0055 299 178 329 212
person 0.0048 225 187 257 231
person 0.0048 70 165 102 190
person 0.0046 169 190 194 227
person 0.0044 93 153 116 186
person 0.0042 159 168 197 192
person 0.0037 292 161 330 205
person 0.0031 224 179 257 213
person 0.0029 286 186 314 227
person 0.0028 480 184 498 234
person 0.0025 151 161 201 201
person 0.0024 71 141 100 165
person 0.0024 146 175 187 207
person 0.0022 222 156 257 176
person 0.0021 209 176 236 211
person 0.0020 482 215 500 257
person 0.0017 288 176 313 211
person 0.0017 144 207 181 241
person 0.0017 224 166 253 194
person 0.0017 263 168 295 189
person 0.0016 108 166 140 189
person 0.0016 111 152 138 184
person 0.0015 178 195 219 253
person 0.0014 481 144 499 188
person 0.0014 163 175 196 211
person 0.0013 248 200 270 244
person 0.0012 245 166 272 192
person 0.0012 218 155 260 209
person 0.0011 278 153 361 228
person 0.0011 49 144 84 165
person 0.0010 211 188 235 229
pottedplant 0.0016 450 54 489 134
