bus 0.5658 0 4 500 254
bus 0.0300 114 34 385 223
bus 0.0016 189 93 308 165
bus 0.0013 30 68 392 304
bus 0.0013 56 59 290 254
car 0.3153 19 -19 480 222
car 0.2783 363 0 504 154
car 0.0411 402 39 493 153
car 0.0285 363 20 464 114
car 0.0050 354 5 463 76
car 0.0038 435 50 507 148
car 0.0028 -23 -22 294 282
car 0.0028 -12 4 126 192
car 0.0025 348 -1 458 42
car 0.0025 264 -17 464 114
car 0.0024 384 0 442 15
car 0.0022 357 50 461 150
car 0.0021 387 -3 496 46
car 0.0020 396 26 505 105
car 0.0016 365 0 422 14
car 0.0012 308 4 422 87
car 0.0011 450 34 496 125
car 0.0010 121 14 380 185
person 0.0033 346 0 401 14
person 0.0016 333 0 378 16
person 0.0014 176 37 225 91
train 0.2031 83 4 492 255
tvmonitor 0.0176 -2 -11 130 157
tvmonitor 0.0057 4 24 114 119
tvmonitor 0.0041 -3 1 117 84
