bus 0.6539 -13 11 437 362
bus 0.0090 -36 65 230 367
bus 0.0088 31 100 174 331
bus 0.0086 79 106 272 324
bus 0.0078 150 0 502 317
bus 0.0059 143 100 357 329
bus 0.0022 -4 184 55 303
bus 0.0016 -13 152 71 343
bus 0.0010 476 214 500 294
car 0.7377 416 263 492 359
car 0.0261 368 287 499 361
car 0.0113 477 264 500 294
car 0.0094 441 288 497 358
car 0.0045 416 274 489 320
car 0.0037 477 278 499 311
car 0.0017 473 249 501 309
car 0.0015 409 303 497 370
car 0.0011 448 322 492 350
person 0.0031 131 219 155 253
person 0.0028 0 220 20 343
person 0.0023 144 267 174 353
person 0.0015 -1 166 20 307
person 0.0013 127 208 161 270
person 0.0012 304 106 328 140
person 0.0010 68 273 98 348
train 0.2117 45 100 454 389
train 0.0020 139 151 361 338
tvmonitor 0.0154 18 294 71 350
tvmonitor 0.0016 6 177 47 296
tvmonitor 0.0014 445 94 500 149
tvmonitor 0.0011 389 72 439 145
tvmonitor 0.0011 188 62 389 250
