bottle 0.0018 215 97 265 172
car 0.0528 180 290 337 334
car 0.0249 -1 289 134 331
car 0.0088 0 146 421 338
car 0.0047 225 287 405 338
car 0.0045 196 279 374 326
car 0.0014 78 149 186 192
car 0.0013 139 247 364 348
chair 0.0075 396 290 504 337
diningtable 0.0010 7 98 492 336
motorbike 0.1929 210 95 281 187
motorbike 0.0263 227 75 427 196
motorbike 0.0136 326 83 498 208
motorbike 0.0085 105 53 471 226
motorbike 0.0069 273 100 381 181
motorbike 0.0058 172 96 263 182
motorbike 0.0057 228 130 347 194
motorbike 0.0049 95 139 247 192
motorbike 0.0043 177 103 327 218
motorbike 0.0039 272 74 383 144
motorbike 0.0033 231 101 335 181
motorbike 0.0032 131 78 296 199
motorbike 0.0026 263 132 388 192
motorbike 0.0024 157 132 268 195
motorbike 0.0021 190 51 305 189
motorbike 0.0016 247 73 335 158
motorbike 0.0013 187 137 293 207
motorbike 0.0010 67 115 276 211
person 0.0497 287 49 353 136
person 0.0389 399 93 472 198
person 0.0322 69 147 178 200
person 0.0183 213 79 277 162
person 0.0039 363 92 456 146
person 0.0033 402 86 461 131
person 0.0017 47 148 129 199
person 0.0017 293 43 342 96
person 0.0015 431 125 474 191
person 0.0014 476 146 503 198
person 0.0014 210 104 261 189
person 0.0013 83 174 128 192
person 0.0010 52 166 152 216
tvmonitor 0.0036 9 274 116 327
