cow 0.6164 30 147 231 277
cow 0.5326 249 146 391 281
cow 0.0165 183 151 318 275
cow 0.0159 134 158 217 274
cow 0.0124 78 168 188 262
cow 0.0120 208 162 281 268
cow 0.0035 183 143 222 203
cow 0.0031 45 167 148 259
cow 0.0029 200 141 240 181
cow 0.0026 143 144 277 282
cow 0.0016 155 141 245 205
cow 0.0016 168 163 246 267
cow 0.0013 224 138 265 207
cow 0.0012 242 150 338 237
horse 0.0042 143 156 218 267
horse 0.0017 194 141 458 293
horse 0.0014 -47 134 241 299
person 0.0013 239 148 272 225
sheep 0.0015 209 141 232 178
