bottle 0.0145 450 0 500 48
bottle 0.0134 200 -1 243 18
bottle 0.0100 391 0 425 99
bottle 0.0084 211 -3 265 49
bottle 0.0080 277 -9 321 81
bottle 0.0073 337 -2 384 48
bottle 0.0054 393 -1 468 103
bottle 0.0050 230 -1 282 48
bottle 0.0046 250 -4 341 87
bottle 0.0044 448 0 497 98
bottle 0.0041 407 -6 454 50
bottle 0.0040 380 -7 414 110
bottle 0.0038 200 -7 280 76
bottle 0.0033 349 -6 435 109
bottle 0.0027 208 3 239 95
bottle 0.0021 204 -3 242 45
bottle 0.0021 319 -1 396 73
bottle 0.0011 476 -8 503 108
bottle 0.0010 175 6 268 93
chair 0.1530 51 31 153 232
chair 0.1507 96 2 185 70
chair 0.0882 251 100 479 326
chair 0.0747 46 51 218 202
chair 0.0729 123 77 199 186
chair 0.0687 -7 59 67 315
chair 0.0608 48 97 162 333
chair 0.0554 95 12 246 190
chair 0.0302 63 65 136 196
chair 0.0243 64 120 148 237
chair 0.0204 1 77 61 224
chair 0.0172 1 7 59 68
chair 0.0160 79 1 123 40
chair 0.0125 48 7 158 76
chair 0.0121 44 230 227 365
chair 0.0076 134 110 213 200
chair 0.0072 74 252 194 342
chair 0.0071 104 13 218 86
chair 0.0069 112 2 183 42
chair 0.0066 400 3 489 90
chair 0.0062 17 11 76 61
chair 0.0061 70 4 113 64
chair 0.0059 0 66 22 206
chair 0.0058 20 188 173 356
chair 0.0055 77 -4 174 47
chair 0.0051 377 98 489 330
chair 0.0050 118 30 223 118
chair 0.0049 66 159 142 269
chair 0.0047 0 1 24 70
chair 0.0047 0 5 61 122
chair 0.0043 57 -3 211 154
chair 0.0039 5 55 85 189
chair 0.0039 116 54 225 155
chair 0.0038 71 5 107 32
chair 0.0035 85 27 195 104
chair 0.0035 109 58 312 199
chair 0.0031 161 62 271 143
chair 0.0031 153 89 266 172
chair 0.0029 0 110 25 246
chair 0.0029 77 27 131 68
chair 0.0029 -1 50 52 137
chair 0.0028 63 24 113 74
chair 0.0027 63 201 206 289
chair 0.0026 29 75 110 196
chair 0.0026 43 260 148 344
chair 0.0024 -13 39 125 220
chair 0.0024 321 68 478 255
chair 0.0024 330 -5 415 94
chair 0.0023 19 25 68 73
chair 0.0023 87 30 162 69
chair 0.0022 433 103 512 326
chair 0.0020 -12 0 66 208
chair 0.0020 78 106 179 206
chair 0.0020 -4 130 61 257
chair 0.0019 81 53 187 153
chair 0.0019 2 81 54 163
chair 0.0018 261 53 295 79
chair 0.0018 106 76 239 228
chair 0.0017 0 1 53 43
chair 0.0017 330 -11 480 110
chair 0.0017 -12 151 128 337
chair 0.0017 -2 -6 94 53
chair 0.0017 49 219 140 325
chair 0.0016 235 64 344 135
chair 0.0016 278 -11 364 96
chair 0.0015 55 25 142 118
chair 0.0015 52 50 124 138
chair 0.0015 8 124 86 234
chair 0.0014 -29 123 62 365
chair 0.0014 67 202 279 342
chair 0.0012 116 0 173 17
chair 0.0012 269 45 325 85
chair 0.0012 440 153 504 275
chair 0.0012 3 17 90 81
chair 0.0012 114 239 233 311
chair 0.0012 39 0 134 46
chair 0.0011 0 37 26 149
chair 0.0011 12 223 102 321
chair 0.0010 162 90 339 279
chair 0.0010 17 1 115 98
chair 0.0010 311 175 494 367
chair 0.0010 197 92 302 166
chair 0.0010 279 54 316 80
diningtable 0.0049 -6 124 276 363
diningtable 0.0020 58 170 285 319
diningtable 0.0016 39 128 460 358
person 0.0050 472 220 499 369
person 0.0018 468 182 499 321
person 0.0010 401 -7 502 53
pottedplant 0.0469 93 14 245 69
pottedplant 0.0260 168 -1 263 73
pottedplant 0.0088 167 1 209 70
pottedplant 0.0069 156 3 215 41
pottedplant 0.0069 144 3 220 94
pottedplant 0.0062 183 -2 221 18
pottedplant 0.0058 101 -2 242 42
pottedplant 0.0057 161 -1 202 18
pottedplant 0.0055 201 2 298 73
pottedplant 0.0045 133 2 190 42
pottedplant 0.0044 352 -1 451 97
pottedplant 0.0042 165 6 202 34
pottedplant 0.0031 336 113 450 190
pottedplant 0.0028 183 6 214 36
pottedplant 0.0028 71 0 265 95
pottedplant 0.0020 214 0 263 16
pottedplant 0.0017 145 7 181 36
pottedplant 0.0016 161 34 207 91
pottedplant 0.0015 234 0 283 15
pottedplant 0.0014 160 31 263 104
pottedplant 0.0011 182 20 215 49
pottedplant 0.0011 139 -13 263 30
pottedplant 0.0011 194 -7 247 23
pottedplant 0.0010 316 52 491 211
pottedplant 0.0010 356 84 454 171
sofa 0.2982 172 61 481 313
sofa 0.1698 211 77 436 245
sofa 0.0452 55 18 209 192
sofa 0.0062 158 79 349 242
sofa 0.0045 14 18 408 239
sofa 0.0018 283 71 522 359
sofa 0.0015 264 118 391 197
sofa 0.0011 182 142 397 287
tvmonitor 0.0154 70 -1 107 20
tvmonitor 0.0037 3 0 51 17
tvmonitor 0.0023 17 0 74 16
tvmonitor 0.0016 86 -1 121 23
tvmonitor 0.0013 36 0 96 15
