bottle 0.0019 289 104 449 328
bottle 0.0015 227 335 253 369
diningtable 0.0190 3 66 496 364
diningtable 0.0157 24 217 551 386
diningtable 0.0111 168 277 484 381
diningtable 0.0076 65 275 357 387
diningtable 0.0022 173 295 325 368
diningtable 0.0019 116 243 383 362
diningtable 0.0018 107 295 237 373
diningtable 0.0014 253 293 400 370
diningtable 0.0014 -21 174 369 370
diningtable 0.0013 213 104 516 384
diningtable 0.0013 95 179 328 314
diningtable 0.0013 61 263 515 457
diningtable 0.0010 76 311 213 367
person 0.3761 439 4 498 133
person 0.1508 -8 15 279 357
person 0.0536 420 0 484 100
person 0.0491 -14 78 127 354
person 0.0441 469 16 499 141
person 0.0207 -42 58 464 315
person 0.0127 434 -3 507 204
person 0.0126 0 26 28 131
person 0.0061 378 75 497 304
person 0.0061 43 19 228 235
person 0.0050 13 9 172 304
person 0.0043 -13 -16 62 220
person 0.0042 -11 110 65 379
person 0.0037 -1 185 20 346
person 0.0032 470 -8 500 52
person 0.0031 426 -1 480 46
person 0.0030 13 36 40 64
person 0.0030 445 -1 499 44
person 0.0030 8 35 40 122
person 0.0027 477 1 497 40
person 0.0023 402 -20 495 122
person 0.0021 -1 18 58 124
person 0.0021 405 84 492 170
person 0.0021 6 17 45 83
person 0.0020 382 34 413 124
person 0.0019 472 190 499 285
person 0.0018 406 -5 502 53
person 0.0016 461 1 514 128
person 0.0016 454 43 497 169
person 0.0015 360 26 448 118
person 0.0015 77 66 268 306
person 0.0014 207 31 522 343
person 0.0013 -2 185 22 263
person 0.0011 383 47 408 84
person 0.0010 418 58 522 259
pottedplant 0.0110 395 314 441 360
pottedplant 0.0079 452 357 491 376
pottedplant 0.0077 123 331 171 371
pottedplant 0.0049 143 338 176 370
pottedplant 0.0023 320 338 351 365
pottedplant 0.0022 319 325 349 356
pottedplant 0.0021 313 315 355 363
pottedplant 0.0018 474 282 500 367
pottedplant 0.0017 475 202 499 331
pottedplant 0.0014 455 225 494 337
pottedplant 0.0013 414 323 442 355
pottedplant 0.0011 477 307 500 342
pottedplant 0.0010 388 299 498 366
pottedplant 0.0010 455 215 495 286
