car 0.9168 123 154 318 285
car 0.0060 175 163 313 222
car 0.0037 0 167 23 194
cow 0.0542 439 169 494 213
cow 0.0188 366 160 423 201
cow 0.0157 314 156 358 206
cow 0.0049 319 152 395 230
cow 0.0031 385 166 498 218
cow 0.0028 424 160 482 204
cow 0.0023 13 143 69 187
person 0.1927 344 156 375 262
person 0.0405 353 161 385 257
person 0.0311 207 139 232 167
person 0.0145 321 163 395 258
person 0.0134 132 153 154 179
person 0.0120 233 126 275 172
person 0.0101 226 135 259 163
person 0.0031 202 151 235 177
person 0.0026 479 174 499 211
person 0.0025 86 170 120 195
person 0.0024 132 160 158 193
person 0.0023 72 169 101 194
person 0.0021 320 161 351 199
person 0.0016 199 134 239 172
person 0.0015 127 152 163 201
person 0.0012 346 184 369 234
sheep 0.0046 448 177 490 209
sheep 0.0042 425 332 479 349
sheep 0.0040 448 330 486 347
sheep 0.0022 433 177 472 210
sheep 0.0018 376 164 411 199
sheep 0.0015 388 331 438 348
sheep 0.0012 400 332 464 349
sheep 0.0011 323 178 352 204
