cat 0.7358 263 145 475 346
cat 0.0015 327 198 479 289
cat 0.0010 307 169 420 263
chair 0.0368 -22 143 138 290
chair 0.0235 16 166 119 276
chair 0.0079 -12 192 205 350
chair 0.0026 -13 153 64 395
chair 0.0021 253 157 294 227
chair 0.0017 240 147 335 224
chair 0.0015 247 159 275 228
chair 0.0012 41 197 149 284
chair 0.0011 94 177 193 240
dog 0.1240 234 164 496 381
person 0.7717 430 31 475 95
person 0.0692 410 39 464 87
person 0.0454 445 41 497 86
person 0.0425 385 36 482 90
person 0.0367 468 35 500 93
person 0.0343 388 20 500 120
person 0.0326 409 27 496 79
person 0.0208 -1 100 21 258
person 0.0130 436 41 465 87
person 0.0089 431 37 471 68
person 0.0065 418 47 452 82
person 0.0037 0 223 28 367
person 0.0024 410 45 491 105
person 0.0020 419 37 451 66
person 0.0020 376 49 418 104
person 0.0019 436 1 502 91
person 0.0018 434 61 467 90
person 0.0017 473 -4 499 77
person 0.0014 -13 105 76 325
person 0.0013 -43 45 82 273
person 0.0013 0 61 20 183
person 0.0012 476 36 501 71
person 0.0012 406 50 456 103
person 0.0011 473 39 502 146
person 0.0011 477 19 498 53
person 0.0010 0 171 24 303
person 0.0010 477 59 499 97
person 0.0010 396 49 431 80
pottedplant 0.0609 210 6 238 39
pottedplant 0.0078 221 8 251 38
pottedplant 0.0055 210 2 259 40
pottedplant 0.0032 209 18 238 47
pottedplant 0.0023 219 6 254 59
pottedplant 0.0018 225 15 250 49
pottedplant 0.0014 204 10 243 54
sofa 0.0207 7 160 182 323
sofa 0.0107 -27 151 296 395
sofa 0.0101 14 195 255 350
tvmonitor 0.3609 370 17 505 180
tvmonitor 0.0254 379 85 508 164
tvmonitor 0.0081 378 54 488 132
tvmonitor 0.0026 370 23 456 115
tvmonitor 0.0020 392 114 488 188
tvmonitor 0.0018 365 -14 519 115
tvmonitor 0.0014 357 -9 508 23
