bottle 0.0036 166 294 205 330
bottle 0.0012 168 290 199 316
bottle 0.0012 476 61 500 180
bottle 0.0011 222 302 255 326
bottle 0.0010 186 289 216 313
chair 0.0019 299 14 410 219
chair 0.0017 320 12 491 164
person 0.9226 54 39 444 344
person 0.0422 294 15 511 317
person 0.0323 137 67 363 315
person 0.0319 8 30 261 303
person 0.0191 430 -12 509 146
person 0.0063 477 10 500 128
person 0.0061 387 74 490 312
person 0.0057 35 54 154 278
person 0.0057 251 36 402 293
person 0.0051 441 0 495 40
person 0.0034 434 29 517 250
person 0.0027 391 18 495 212
person 0.0015 54 51 214 230
