aeroplane 0.0014 26 -5 245 88
bicycle 0.8518 243 185 415 301
bicycle 0.0404 215 204 373 318
bicycle 0.0026 314 188 397 298
bicycle 0.0023 287 173 383 273
bicycle 0.0021 197 121 456 313
bicycle 0.0018 245 173 350 273
bicycle 0.0017 251 225 379 296
car 0.0499 350 110 394 132
car 0.0261 66 36 100 57
car 0.0193 68 47 195 88
car 0.0141 140 85 184 103
car 0.0095 66 59 184 108
car 0.0069 338 102 384 139
car 0.0050 150 70 271 110
car 0.0035 234 61 285 105
car 0.0033 203 63 243 82
car 0.0032 144 76 182 97
car 0.0029 124 83 165 102
car 0.0023 137 68 189 103
car 0.0020 109 64 238 105
car 0.0018 200 72 240 91
car 0.0018 185 71 220 93
car 0.0017 126 75 162 98
car 0.0016 347 91 394 130
car 0.0016 48 17 218 70
car 0.0014 156 84 206 103
car 0.0012 355 99 388 124
car 0.0012 115 66 173 103
car 0.0011 34 39 159 89
car 0.0010 160 75 204 95
car 0.0010 354 120 388 142
chair 0.0013 231 73 287 116
person 0.9314 289 118 385 274
person 0.0081 315 108 392 224
person 0.0035 -2 4 19 62
person 0.0018 296 141 337 280
person 0.0012 285 131 353 240
person 0.0010 306 164 405 256
person 0.0010 221 98 507 286
pottedplant 0.0212 458 108 488 132
pottedplant 0.0049 473 106 500 133
pottedplant 0.0044 452 87 492 132
pottedplant 0.0043 457 98 486 126
pottedplant 0.0024 466 97 505 142
tvmonitor 0.0010 254 -10 418 21
