car 0.2230 451 116 493 215
car 0.2082 96 135 160 167
car 0.1893 49 138 88 159
car 0.1600 72 141 140 160
car 0.1522 59 139 109 158
car 0.0872 433 136 472 196
car 0.0587 32 127 63 152
car 0.0442 45 130 86 151
car 0.0358 33 136 161 180
car 0.0348 116 139 166 163
car 0.0259 80 125 182 184
car 0.0244 457 148 485 182
car 0.0232 32 136 69 161
car 0.0126 419 145 488 214
car 0.0096 460 161 485 196
car 0.0089 431 163 469 193
car 0.0085 23 119 69 159
car 0.0085 65 130 104 152
car 0.0075 437 149 467 184
car 0.0068 440 138 465 166
car 0.0062 38 122 94 156
car 0.0046 151 148 177 179
car 0.0038 134 128 184 178
car 0.0031 103 116 153 162
car 0.0027 80 130 128 148
car 0.0025 149 137 180 191
car 0.0024 454 151 495 236
car 0.0024 59 88 209 231
car 0.0023 110 125 144 153
car 0.0022 58 120 111 159
car 0.0022 459 119 520 240
car 0.0017 5 132 129 166
car 0.0017 108 126 220 177
car 0.0016 476 159 499 201
car 0.0015 459 179 488 209
car 0.0014 -4 115 100 162
car 0.0012 82 106 207 170
car 0.0012 435 134 505 253
car 0.0011 473 176 500 212
car 0.0011 141 140 180 169
car 0.0010 124 125 159 150
car 0.0010 122 150 166 173
cat 0.0031 41 230 171 299
chair 0.0023 477 203 500 357
chair 0.0019 291 -1 346 47
chair 0.0015 14 215 182 380
dog 0.0399 57 199 217 355
dog 0.0156 89 215 160 291
dog 0.0068 52 226 150 314
dog 0.0046 129 187 224 296
dog 0.0016 121 252 231 356
dog 0.0014 91 241 188 359
person 0.9006 247 80 483 352
person 0.8709 159 56 247 369
person 0.7128 9 120 41 179
person 0.4794 1 118 24 184
person 0.3246 212 33 294 347
person 0.2328 117 136 238 348
person 0.1578 435 95 504 335
person 0.0458 470 168 499 307
person 0.0408 472 81 499 223
person 0.0275 146 58 261 212
person 0.0249 467 122 500 266
person 0.0230 136 55 221 263
person 0.0205 234 59 323 263
person 0.0143 107 74 315 358
person 0.0138 243 48 310 166
person 0.0106 255 57 304 104
person 0.0102 167 63 410 368
person 0.0081 440 93 502 223
person 0.0081 -5 119 63 179
person 0.0077 275 54 459 262
person 0.0070 237 104 276 256
person 0.0063 385 61 508 311
person 0.0062 14 117 37 161
person 0.0059 13 146 37 178
person 0.0041 476 32 500 156
person 0.0033 202 49 302 223
person 0.0032 171 148 239 285
person 0.0031 298 43 584 332
person 0.0029 15 113 41 140
person 0.0028 136 104 216 206
person 0.0027 0 110 20 142
person 0.0022 222 74 298 189
person 0.0020 -25 114 48 187
person 0.0017 163 58 244 151
person 0.0016 441 152 500 264
person 0.0015 136 72 233 173
person 0.0015 128 106 152 139
person 0.0014 258 76 294 225
person 0.0013 244 64 281 210
person 0.0013 271 48 313 112
person 0.0012 428 40 518 227
person 0.0011 368 172 511 371
person 0.0010 263 61 296 94
person 0.0010 420 129 452 204
person 0.0010 118 107 137 143
