bicycle 0.3690 288 122 431 356
bicycle 0.3353 208 191 445 353
bicycle 0.0337 166 136 321 357
bicycle 0.0022 319 220 432 311
bicycle 0.0017 115 162 385 381
bicycle 0.0014 208 237 301 366
bicycle 0.0011 196 296 305 366
bicycle 0.0010 268 222 386 328
person 0.9395 292 57 438 311
person 0.8228 150 22 279 355
person 0.0438 144 88 431 344
person 0.0128 92 9 329 309
person 0.0041 129 82 238 348
person 0.0031 321 78 414 181
person 0.0029 212 67 364 308
person 0.0024 170 125 258 246
person 0.0019 301 126 429 249
person 0.0017 299 82 377 190
person 0.0011 161 31 330 230
