cow 0.0837 267 -2 466 145
cow 0.0320 252 177 480 367
cow 0.0309 149 0 351 151
cow 0.0102 132 155 366 333
cow 0.0093 84 99 261 334
cow 0.0078 241 12 339 126
cow 0.0020 308 18 420 119
cow 0.0018 276 17 374 121
cow 0.0011 197 24 302 122
cow 0.0011 159 38 342 219
cow 0.0010 248 4 400 194
dog 0.0546 220 173 510 371
dog 0.0409 79 74 496 358
dog 0.0054 244 138 409 353
dog 0.0036 68 -13 431 273
dog 0.0011 317 124 491 310
horse 0.3278 60 129 362 359
horse 0.0970 62 3 437 371
horse 0.0065 121 60 304 320
horse 0.0053 307 222 499 374
horse 0.0043 273 113 534 376
horse 0.0043 199 -13 530 215
horse 0.0023 -11 82 282 349
horse 0.0019 60 128 213 353
horse 0.0014 157 70 344 248
horse 0.0012 159 120 263 197
horse 0.0010 115 177 306 367
person 0.0109 39 92 151 339
person 0.0063 253 6 341 124
person 0.0032 155 129 212 168
person 0.0026 68 73 206 309
person 0.0020 90 111 176 206
person 0.0019 383 0 445 15
person 0.0015 274 0 357 71
person 0.0015 404 0 459 17
person 0.0012 4 105 116 325
sheep 0.0051 323 -1 463 72
sheep 0.0038 341 23 370 45
sheep 0.0019 294 -9 515 110
sheep 0.0017 345 20 463 118
sheep 0.0010 391 31 497 110
