bird 0.0032 1 85 93 188
bird 0.0027 26 80 61 136
bird 0.0016 25 178 71 239
bird 0.0015 13 74 55 145
bird 0.0011 17 95 67 150
bird 0.0010 33 89 57 124
boat 0.0195 130 46 293 95
boat 0.0129 75 19 194 77
boat 0.0090 157 100 270 159
boat 0.0059 137 45 360 158
boat 0.0053 50 45 234 82
boat 0.0046 12 125 182 309
boat 0.0045 183 69 314 139
boat 0.0039 94 82 328 238
boat 0.0039 153 18 269 77
boat 0.0038 -23 69 369 304
boat 0.0028 112 28 248 72
boat 0.0027 188 98 310 163
boat 0.0022 117 66 232 130
boat 0.0020 91 30 154 64
boat 0.0019 154 128 268 194
boat 0.0019 28 22 146 75
boat 0.0018 203 48 234 74
boat 0.0018 16 -8 405 210
boat 0.0017 64 137 282 292
boat 0.0016 40 -14 232 103
boat 0.0016 154 13 212 56
boat 0.0016 89 53 240 101
boat 0.0015 112 13 310 129
boat 0.0015 153 54 211 74
boat 0.0014 117 55 173 72
boat 0.0013 66 33 280 162
boat 0.0013 182 55 224 76
boat 0.0011 138 41 188 62
boat 0.0011 210 43 269 81
boat 0.0011 99 52 149 71
boat 0.0011 157 40 205 62
boat 0.0010 236 70 283 88
boat 0.0010 146 32 214 69
boat 0.0010 123 47 202 77
car 0.0022 271 156 323 203
chair 0.0283 320 142 478 291
chair 0.0102 349 165 456 265
chair 0.0077 437 131 504 237
chair 0.0055 351 198 449 295
chair 0.0035 471 124 502 236
chair 0.0032 394 142 495 224
chair 0.0029 209 144 444 296
chair 0.0015 309 169 421 265
chair 0.0013 -3 169 118 377
chair 0.0012 361 297 465 378
chair 0.0010 365 111 513 262
person 0.0212 191 140 220 194
person 0.0209 199 141 234 189
person 0.0159 191 132 209 173
person 0.0132 174 134 193 171
person 0.0064 152 166 173 227
person 0.0048 187 120 215 183
person 0.0048 205 140 231 168
person 0.0041 94 219 114 253
person 0.0039 -15 96 76 336
person 0.0027 0 261 23 387
person 0.0025 1 201 28 330
person 0.0025 152 162 169 202
person 0.0020 170 127 199 178
person 0.0020 182 356 222 375
person 0.0017 222 141 261 163
person 0.0013 240 136 271 165
person 0.0011 207 154 228 199
person 0.0011 225 148 255 179
person 0.0010 1 201 47 301
pottedplant 0.0253 141 235 358 370
pottedplant 0.0236 8 272 183 388
pottedplant 0.0218 40 292 152 379
pottedplant 0.0193 8 291 97 377
pottedplant 0.0169 222 204 432 345
pottedplant 0.0166 372 50 460 139
pottedplant 0.0133 112 299 233 375
pottedplant 0.0127 150 297 265 369
pottedplant 0.0121 385 82 442 132
pottedplant 0.0115 77 296 190 376
pottedplant 0.0103 121 273 222 345
pottedplant 0.0094 93 149 482 397
pottedplant 0.0093 211 29 269 72
pottedplant 0.0090 97 304 153 347
pottedplant 0.0082 263 236 390 315
pottedplant 0.0078 63 281 281 385
pottedplant 0.0077 278 261 371 347
pottedplant 0.0072 5 289 52 360
pottedplant 0.0071 10 105 85 209
pottedplant 0.0067 149 268 265 345
pottedplant 0.0065 0 81 110 292
pottedplant 0.0053 0 299 24 378
pottedplant 0.0053 190 296 310 374
pottedplant 0.0051 83 264 182 348
pottedplant 0.0050 352 29 455 117
pottedplant 0.0042 190 263 309 344
pottedplant 0.0042 397 34 487 117
pottedplant 0.0042 324 0 476 147
pottedplant 0.0041 35 251 464 410
pottedplant 0.0039 -3 220 121 386
pottedplant 0.0038 -1 337 25 368
pottedplant 0.0037 -1 125 58 251
pottedplant 0.0035 -9 302 69 374
pottedplant 0.0034 5 87 59 156
pottedplant 0.0028 44 238 224 373
pottedplant 0.0027 73 300 134 347
pottedplant 0.0027 408 76 455 135
pottedplant 0.0026 229 294 347 371
pottedplant 0.0025 17 133 93 246
pottedplant 0.0023 51 328 161 376
pottedplant 0.0023 40 293 229 421
pottedplant 0.0022 355 5 450 84
pottedplant 0.0022 453 172 496 244
pottedplant 0.0021 45 293 89 354
pottedplant 0.0020 98 359 150 377
pottedplant 0.0020 222 37 258 66
pottedplant 0.0019 77 314 138 360
pottedplant 0.0019 106 309 144 339
pottedplant 0.0018 238 265 338 348
pottedplant 0.0018 188 265 390 395
pottedplant 0.0018 126 241 216 315
pottedplant 0.0017 317 239 356 323
pottedplant 0.0017 -36 260 91 406
pottedplant 0.0017 298 128 335 150
pottedplant 0.0016 448 54 485 103
pottedplant 0.0015 29 269 142 352
pottedplant 0.0014 433 132 474 200
pottedplant 0.0014 119 300 162 348
pottedplant 0.0014 62 310 110 365
pottedplant 0.0014 120 358 168 377
pottedplant 0.0013 393 94 433 122
pottedplant 0.0013 23 346 187 386
pottedplant 0.0013 2 271 93 348
pottedplant 0.0012 12 325 82 378
pottedplant 0.0012 428 60 474 127
pottedplant 0.0012 315 4 413 82
pottedplant 0.0012 175 267 227 324
pottedplant 0.0011 358 85 450 177
pottedplant 0.0010 200 25 237 74
pottedplant 0.0010 215 7 262 66
pottedplant 0.0010 79 357 131 376
train 0.0326 61 100 438 331
train 0.0174 136 121 358 257
train 0.0046 163 133 335 188
train 0.0029 183 151 315 223
train 0.0023 173 100 403 223
train 0.0013 116 61 460 255
