aeroplane 0.1245 90 228 179 326
aeroplane 0.0296 271 200 299 230
aeroplane 0.0010 18 316 40 346
aeroplane 0.0010 259 187 318 246
bird 0.4171 103 221 170 295
bird 0.3900 102 95 168 165
bird 0.2302 134 48 184 122
bird 0.1801 110 116 153 172
bird 0.1709 261 183 295 229
bird 0.1494 87 250 183 317
bird 0.0438 110 57 181 149
bird 0.0249 111 215 159 269
bird 0.0122 271 189 300 224
bird 0.0100 117 124 147 163
bird 0.0100 106 124 137 162
bird 0.0070 129 82 192 166
bird 0.0057 247 174 304 236
bird 0.0050 103 126 144 195
bird 0.0040 74 261 146 326
bird 0.0040 98 170 180 265
bird 0.0029 143 65 173 106
bird 0.0024 93 34 194 175
bird 0.0020 70 111 148 173
bird 0.0019 108 209 135 238
bird 0.0018 101 217 225 290
bird 0.0017 73 129 203 297
bird 0.0015 96 271 141 320
bird 0.0015 114 224 152 255
bird 0.0014 120 255 261 327
bird 0.0014 79 204 165 277
bird 0.0013 95 114 128 169
bird 0.0012 129 225 164 256
bird 0.0012 111 219 133 256
bird 0.0012 86 266 109 295
bird 0.0012 84 266 114 325
bird 0.0012 74 60 168 202
cat 0.0039 87 256 295 388
