bus 0.0021 -32 35 378 283
car 0.7162 -29 83 452 348
car 0.0142 171 98 480 334
car 0.0064 86 81 338 296
car 0.0015 35 134 235 295
car 0.0014 218 103 431 274
person 0.0096 19 158 42 235
person 0.0038 21 169 38 221
person 0.0015 54 165 80 196
pottedplant 0.0517 304 88 425 169
pottedplant 0.0427 275 76 452 190
pottedplant 0.0147 321 31 473 180
pottedplant 0.0110 354 86 454 168
pottedplant 0.0101 270 97 381 175
pottedplant 0.0057 193 88 289 184
pottedplant 0.0042 273 73 381 142
pottedplant 0.0038 397 87 485 175
pottedplant 0.0035 394 60 488 141
pottedplant 0.0026 297 77 452 140
pottedplant 0.0020 361 27 445 117
pottedplant 0.0019 286 -5 444 153
pottedplant 0.0019 240 34 413 169
pottedplant 0.0017 316 31 413 114
pottedplant 0.0016 3 130 45 204
pottedplant 0.0016 360 57 523 206
pottedplant 0.0015 339 63 446 124
tvmonitor 0.1483 297 183 425 249
tvmonitor 0.0089 269 162 437 281
tvmonitor 0.0088 350 164 431 282
tvmonitor 0.0014 305 193 363 252
tvmonitor 0.0012 295 196 341 251
