car 0.2088 180 153 199 174
car 0.1193 209 128 221 166
car 0.0649 174 152 192 175
car 0.0256 210 142 222 176
car 0.0238 200 147 218 173
car 0.0142 189 151 207 173
car 0.0114 201 132 217 163
car 0.0063 178 142 201 184
car 0.0030 197 135 220 183
car 0.0030 198 117 219 171
car 0.0027 0 24 9 67
car 0.0020 209 109 222 147
car 0.0018 182 134 199 165
car 0.0015 190 134 209 163
car 0.0014 165 138 218 188
person 0.6237 151 135 182 235
person 0.5575 55 243 104 394
person 0.1466 0 213 81 427
person 0.0928 -5 173 61 341
person 0.0299 148 154 170 245
person 0.0190 0 234 60 319
person 0.0130 6 223 113 368
person 0.0063 17 249 99 332
person 0.0058 0 182 28 318
person 0.0057 0 195 12 322
person 0.0054 155 151 199 247
person 0.0041 156 153 175 179
person 0.0037 119 156 178 247
person 0.0033 155 158 175 203
person 0.0027 0 257 49 395
person 0.0026 142 99 190 255
person 0.0021 166 152 181 182
person 0.0021 2 234 20 400
person 0.0019 0 220 10 412
person 0.0019 171 155 190 240
person 0.0017 68 259 92 377
person 0.0015 -11 164 38 405
person 0.0015 -6 234 59 499
person 0.0013 155 175 174 222
person 0.0012 -27 224 146 426
person 0.0011 0 126 10 279
person 0.0011 12 224 79 300
person 0.0010 149 159 164 205
person 0.0010 4 165 47 279
person 0.0010 153 182 175 248
person 0.0010 0 250 9 306
