bottle 0.4981 321 126 352 205
bottle 0.4503 146 159 176 287
bottle 0.3458 183 159 218 289
bottle 0.2968 209 132 295 303
bottle 0.2904 180 215 217 316
bottle 0.2751 394 160 430 287
bottle 0.2751 452 133 486 258
bottle 0.2504 163 130 250 303
bottle 0.2333 379 141 448 248
bottle 0.2309 304 187 364 318
bottle 0.2253 243 135 274 223
bottle 0.2218 32 173 70 304
bottle 0.2184 264 136 296 198
bottle 0.2090 181 125 215 235
bottle 0.2003 209 148 240 240
bottle 0.2002 278 136 311 221
bottle 0.1988 378 172 444 305
bottle 0.1945 436 120 512 313
bottle 0.1820 47 171 83 305
bottle 0.1639 444 174 488 300
bottle 0.1635 394 126 427 203
bottle 0.1441 0 209 25 324
bottle 0.1342 88 173 156 301
bottle 0.1320 246 118 274 185
bottle 0.1253 338 140 367 221
bottle 0.1189 10 168 41 279
bottle 0.1168 141 225 175 305
bottle 0.1093 150 136 178 224
bottle 0.1083 102 145 140 274
bottle 0.1036 95 128 125 204
bottle 0.1016 304 128 330 231
bottle 0.1013 14 134 97 303
bottle 0.0962 51 167 150 324
bottle 0.0876 206 167 241 307
bottle 0.0791 31 165 68 220
bottle 0.0731 243 151 281 297
bottle 0.0729 134 161 194 284
bottle 0.0723 90 187 128 315
bottle 0.0676 -1 170 26 279
bottle 0.0635 169 112 202 216
bottle 0.0628 69 147 138 285
bottle 0.0599 237 136 324 301
bottle 0.0577 341 167 372 280
bottle 0.0539 299 126 360 248
bottle 0.0485 147 175 217 311
bottle 0.0431 9 162 41 227
bottle 0.0426 279 163 308 285
bottle 0.0398 0 158 24 231
bottle 0.0396 378 180 409 325
bottle 0.0378 171 129 240 231
bottle 0.0377 265 143 299 246
bottle 0.0347 393 138 500 297
bottle 0.0324 220 135 253 252
bottle 0.0304 101 141 138 215
bottle 0.0283 165 149 198 239
bottle 0.0265 89 148 127 268
bottle 0.0247 144 144 215 241
bottle 0.0191 437 162 473 283
bottle 0.0186 132 151 165 268
bottle 0.0169 362 203 390 301
bottle 0.0152 285 146 308 188
bottle 0.0151 330 178 390 305
bottle 0.0148 45 161 82 230
bottle 0.0146 97 144 161 244
bottle 0.0138 315 132 405 307
bottle 0.0133 101 241 139 320
bottle 0.0126 476 149 501 297
bottle 0.0114 325 139 348 192
bottle 0.0112 361 100 448 280
bottle 0.0108 21 205 82 330
bottle 0.0107 437 130 506 232
bottle 0.0105 67 145 100 243
bottle 0.0104 133 191 165 313
bottle 0.0104 0 172 20 217
bottle 0.0100 203 117 242 215
bottle 0.0100 356 137 390 222
bottle 0.0095 374 125 453 205
bottle 0.0093 401 142 422 188
bottle 0.0092 223 133 296 224
bottle 0.0090 315 156 356 290
bottle 0.0083 16 160 37 201
bottle 0.0083 301 161 337 287
bottle 0.0083 231 184 291 320
bottle 0.0075 305 121 338 184
bottle 0.0074 248 156 269 204
bottle 0.0072 249 119 269 158
bottle 0.0071 478 225 501 307
bottle 0.0069 419 184 486 320
bottle 0.0067 247 140 269 187
bottle 0.0065 14 162 83 255
bottle 0.0064 -5 169 60 269
bottle 0.0064 308 154 326 206
bottle 0.0063 153 169 173 221
bottle 0.0061 69 169 100 308
bottle 0.0061 47 104 149 274
bottle 0.0061 434 146 468 214
bottle 0.0060 356 165 388 280
bottle 0.0056 252 142 340 214
bottle 0.0053 259 121 291 185
bottle 0.0051 190 144 248 271
bottle 0.0048 6 218 41 314
bottle 0.0046 151 199 173 249
bottle 0.0046 174 266 219 322
bottle 0.0045 0 254 17 308
bottle 0.0044 16 202 38 244
bottle 0.0042 152 215 175 263
bottle 0.0041 248 267 280 319
bottle 0.0041 167 235 237 326
bottle 0.0041 213 170 233 220
bottle 0.0040 374 142 411 247
bottle 0.0039 204 127 282 193
bottle 0.0039 286 169 307 218
bottle 0.0035 269 157 290 201
bottle 0.0034 98 141 118 190
bottle 0.0034 124 225 199 306
bottle 0.0032 404 131 475 247
bottle 0.0032 436 238 470 325
bottle 0.0031 0 227 20 278
bottle 0.0030 346 202 367 247
bottle 0.0030 325 125 392 253
bottle 0.0029 168 194 200 309
bottle 0.0029 345 142 364 190
bottle 0.0029 -29 188 47 290
bottle 0.0028 201 136 277 251
bottle 0.0028 266 134 289 170
bottle 0.0027 191 169 212 220
bottle 0.0027 66 128 143 205
bottle 0.0027 373 219 437 321
bottle 0.0026 417 173 449 304
bottle 0.0025 260 166 297 309
bottle 0.0025 459 157 479 204
bottle 0.0025 104 201 247 348
bottle 0.0023 310 131 331 175
bottle 0.0023 447 245 490 317
bottle 0.0023 187 243 211 290
bottle 0.0022 126 134 162 227
bottle 0.0022 55 205 82 243
bottle 0.0021 400 199 423 248
bottle 0.0021 217 189 253 316
bottle 0.0021 264 276 287 313
bottle 0.0020 181 196 254 308
bottle 0.0020 346 188 366 231
bottle 0.0020 190 199 213 249
bottle 0.0020 151 144 174 186
bottle 0.0020 248 175 270 214
bottle 0.0020 238 135 314 199
bottle 0.0019 283 200 310 332
bottle 0.0019 304 174 328 214
bottle 0.0019 325 123 346 157
bottle 0.0019 0 200 21 248
bottle 0.0019 389 237 428 323
bottle 0.0018 286 144 349 275
bottle 0.0017 72 244 99 316
bottle 0.0017 108 125 176 267
bottle 0.0016 36 202 61 245
bottle 0.0016 302 206 341 326
bottle 0.0016 228 173 249 217
bottle 0.0015 399 175 428 213
bottle 0.0015 70 204 187 333
bottle 0.0015 270 173 292 215
bottle 0.0015 172 142 194 189
bottle 0.0015 399 219 427 257
bottle 0.0015 14 230 37 275
bottle 0.0014 31 242 70 316
bottle 0.0014 480 243 500 290
bottle 0.0014 15 187 39 230
bottle 0.0014 299 114 374 192
bottle 0.0014 77 260 96 302
bottle 0.0014 381 124 412 205
bottle 0.0014 182 133 215 168
bottle 0.0013 286 185 308 234
bottle 0.0013 417 141 451 247
bottle 0.0013 437 221 503 317
bottle 0.0013 256 269 293 317
bottle 0.0013 174 315 235 366
bottle 0.0012 49 156 122 260
bottle 0.0012 460 169 482 221
bottle 0.0011 148 242 173 292
bottle 0.0011 382 216 404 259
bottle 0.0011 211 217 236 260
bottle 0.0011 37 216 61 262
bottle 0.0011 37 187 62 230
bottle 0.0011 171 157 192 202
bottle 0.0011 275 124 311 181
bottle 0.0011 37 161 62 198
bottle 0.0010 101 116 140 187
bottle 0.0010 283 136 307 170
bottle 0.0010 113 143 134 190
bottle 0.0010 319 237 350 270
bottle 0.0010 52 174 78 215
diningtable 0.0077 -25 243 448 418
diningtable 0.0028 85 269 337 397
diningtable 0.0018 101 300 245 361
diningtable 0.0014 175 289 402 429
diningtable 0.0013 41 103 381 327
diningtable 0.0012 364 191 527 348
diningtable 0.0010 71 224 275 377
person 0.2529 35 -2 143 206
person 0.1527 165 112 235 191
person 0.0273 0 243 19 345
person 0.0213 9 21 110 237
person 0.0209 174 104 222 171
person 0.0052 23 44 103 163
person 0.0042 51 13 117 118
person 0.0041 2 267 17 322
person 0.0038 137 97 215 173
person 0.0032 78 -4 174 208
person 0.0020 246 127 320 200
person 0.0019 59 26 134 177
person 0.0016 283 129 363 198
person 0.0012 0 287 18 330
person 0.0012 92 59 123 185
tvmonitor 0.0037 9 8 124 92
tvmonitor 0.0015 63 17 106 83
