bottle 0.0018 317 156 350 205
bottle 0.0012 332 152 378 208
bottle 0.0010 321 136 352 195
dog 0.0088 251 215 342 317
dog 0.0062 268 206 379 293
dog 0.0029 236 173 406 311
person 0.8589 80 60 418 314
person 0.0119 333 152 402 278
person 0.0113 236 46 418 271
person 0.0088 305 128 428 302
person 0.0054 202 66 526 307
person 0.0048 110 53 313 266
person 0.0043 137 0 188 15
person 0.0024 120 0 169 14
person 0.0021 99 0 149 14
person 0.0015 157 0 207 15
person 0.0013 477 242 500 377
person 0.0012 385 130 409 167
person 0.0011 327 103 471 277
person 0.0011 367 0 418 14
person 0.0010 355 150 440 279
