bottle 0.0500 351 265 388 311
bottle 0.0162 440 251 471 326
bottle 0.0138 448 247 482 332
bottle 0.0066 437 287 469 340
bottle 0.0062 260 226 295 275
bottle 0.0060 355 178 391 296
bottle 0.0056 360 263 386 337
bottle 0.0023 442 297 463 334
bottle 0.0017 439 312 467 336
bottle 0.0015 455 301 479 330
bottle 0.0015 353 192 398 257
bottle 0.0012 448 291 484 335
bottle 0.0012 330 256 414 321
bottle 0.0012 345 272 373 304
bottle 0.0012 225 222 297 331
bottle 0.0011 342 251 377 304
chair 0.0018 285 294 444 335
chair 0.0016 358 225 440 318
chair 0.0013 382 293 441 335
diningtable 0.0032 328 293 479 336
diningtable 0.0013 80 174 419 362
diningtable 0.0012 162 203 345 337
person 0.9538 223 98 360 333
person 0.7477 87 78 243 353
person 0.4889 116 95 382 341
person 0.0129 226 76 352 221
person 0.0124 249 68 383 269
person 0.0069 139 67 269 315
person 0.0054 229 168 352 264
person 0.0023 62 62 207 273
person 0.0020 0 54 106 279
person 0.0018 92 69 243 219
person 0.0018 239 203 397 325
person 0.0013 289 102 363 182
person 0.0011 115 145 231 238
person 0.0010 21 129 171 308
