bottle 0.0017 259 -1 306 43
bus 0.0013 80 120 496 367
car 0.0588 30 22 470 351
car 0.0149 263 -2 375 38
car 0.0019 194 -1 359 44
chair 0.0015 105 -5 239 37
person 0.0145 12 79 165 301
person 0.0013 224 174 267 246
person 0.0012 133 -4 290 38
train 0.0014 36 130 463 358
tvmonitor 0.0097 11 105 171 325
tvmonitor 0.0076 230 125 423 306
tvmonitor 0.0072 183 83 468 347
tvmonitor 0.0049 172 -1 328 39
tvmonitor 0.0026 122 -5 281 48
tvmonitor 0.0023 148 134 352 300
tvmonitor 0.0020 201 172 295 262
tvmonitor 0.0012 277 177 378 261
tvmonitor 0.0010 11 159 102 271
