aeroplane 0.5254 -17 56 517 318
aeroplane 0.0104 165 37 487 279
aeroplane 0.0062 128 104 373 269
aeroplane 0.0037 -16 124 362 364
boat 0.1552 7 35 492 282
boat 0.0077 116 48 224 145
boat 0.0073 154 93 498 337
boat 0.0065 60 113 361 263
boat 0.0061 197 112 450 260
boat 0.0050 17 102 178 268
boat 0.0034 72 50 273 207
boat 0.0033 88 94 199 148
boat 0.0028 36 31 231 168
boat 0.0027 193 129 307 193
boat 0.0027 296 129 505 299
boat 0.0023 95 17 251 137
boat 0.0019 351 158 462 218
boat 0.0017 17 141 102 233
boat 0.0016 194 95 305 169
boat 0.0015 23 54 179 208
boat 0.0015 135 23 364 178
boat 0.0015 37 119 154 202
boat 0.0013 266 148 386 230
boat 0.0013 398 158 492 267
boat 0.0013 116 96 230 165
boat 0.0012 43 93 149 169
boat 0.0012 155 123 268 187
boat 0.0011 75 56 189 143
boat 0.0010 196 151 304 226
boat 0.0010 232 125 345 195
car 0.0508 223 129 286 171
car 0.0350 406 148 496 210
car 0.0116 0 108 500 380
car 0.0114 236 135 276 164
car 0.0102 432 146 502 186
car 0.0087 6 64 340 311
car 0.0075 438 155 518 226
car 0.0047 474 136 502 221
car 0.0028 478 160 500 198
car 0.0027 433 154 474 176
car 0.0024 0 192 22 225
car 0.0022 216 137 264 166
car 0.0021 356 161 507 225
car 0.0021 360 109 514 266
car 0.0017 444 154 495 176
car 0.0016 424 166 489 216
car 0.0012 430 163 476 192
car 0.0011 66 111 106 129
car 0.0010 1 152 27 236
person 0.0112 297 340 328 365
person 0.0069 3 142 17 187
person 0.0031 218 151 258 173
person 0.0027 0 132 21 200
person 0.0017 283 336 315 366
person 0.0015 192 117 212 157
person 0.0014 290 331 331 373
person 0.0013 189 107 214 141
person 0.0010 189 106 218 167
pottedplant 0.0022 0 97 21 176
tvmonitor 0.0043 234 301 345 368
