bottle 0.0085 432 309 479 370
bottle 0.0033 438 327 497 374
bottle 0.0022 409 305 500 375
bottle 0.0010 380 -5 414 49
chair 0.0649 233 339 416 379
chair 0.0351 187 334 310 377
chair 0.0283 149 0 210 44
chair 0.0273 391 167 500 386
chair 0.0206 0 217 23 342
chair 0.0167 121 206 201 291
chair 0.0159 310 234 490 363
chair 0.0144 434 187 501 284
chair 0.0134 428 131 513 365
chair 0.0110 128 -6 293 37
chair 0.0091 446 235 504 369
chair 0.0091 477 243 500 375
chair 0.0080 5 233 123 313
chair 0.0079 5 288 103 376
chair 0.0075 186 294 314 370
chair 0.0071 438 134 505 240
chair 0.0071 287 231 347 271
chair 0.0067 210 226 266 271
chair 0.0066 190 260 312 350
chair 0.0066 137 229 189 301
chair 0.0060 424 195 485 250
chair 0.0058 138 269 358 379
chair 0.0055 446 176 502 243
chair 0.0053 135 203 196 243
chair 0.0053 410 201 493 302
chair 0.0051 227 300 367 376
chair 0.0050 215 227 343 277
chair 0.0046 2 222 192 369
chair 0.0045 472 178 499 325
chair 0.0043 403 241 491 364
chair 0.0043 2 173 129 329
chair 0.0043 132 213 193 261
chair 0.0037 54 235 289 374
chair 0.0037 307 251 415 353
chair 0.0036 10 202 112 292
chair 0.0033 453 142 493 215
chair 0.0031 115 327 290 377
chair 0.0031 313 165 499 333
chair 0.0030 342 255 460 351
chair 0.0029 192 221 249 260
chair 0.0027 162 214 196 291
chair 0.0025 208 274 445 384
chair 0.0024 333 291 475 369
chair 0.0024 146 8 187 59
chair 0.0023 12 246 105 355
chair 0.0020 308 335 499 377
chair 0.0020 250 355 307 375
chair 0.0019 473 119 501 212
chair 0.0018 309 335 368 374
chair 0.0017 469 154 501 262
chair 0.0017 384 205 442 245
chair 0.0016 185 225 215 254
chair 0.0016 146 264 278 347
chair 0.0016 66 230 181 300
chair 0.0015 236 257 343 354
chair 0.0015 199 209 278 268
chair 0.0015 0 179 20 296
chair 0.0015 179 217 220 261
chair 0.0014 275 306 392 371
chair 0.0014 412 167 494 268
chair 0.0014 179 221 264 282
chair 0.0014 257 194 290 252
chair 0.0014 -3 246 57 356
chair 0.0013 0 113 29 216
chair 0.0013 -14 280 66 369
chair 0.0013 2 7 116 68
chair 0.0012 67 270 203 336
chair 0.0012 1 226 20 276
chair 0.0012 357 218 507 284
chair 0.0012 231 356 287 375
chair 0.0012 117 262 224 345
chair 0.0012 480 274 500 314
chair 0.0011 199 226 238 254
chair 0.0011 194 349 361 378
chair 0.0011 399 326 497 381
chair 0.0011 481 288 500 330
chair 0.0011 28 258 141 327
chair 0.0010 357 174 452 261
chair 0.0010 143 347 298 377
diningtable 0.0652 264 233 465 370
diningtable 0.0515 6 275 261 382
diningtable 0.0317 150 240 338 367
diningtable 0.0118 47 300 222 372
diningtable 0.0045 78 328 270 378
diningtable 0.0027 17 328 167 377
diningtable 0.0021 182 241 318 304
diningtable 0.0016 228 239 350 312
diningtable 0.0016 191 204 386 347
diningtable 0.0016 3 220 341 383
diningtable 0.0010 64 296 282 415
person 0.0089 475 298 499 375
person 0.0014 0 134 24 252
person 0.0013 0 263 20 383
person 0.0011 481 314 500 362
pottedplant 0.0274 263 177 288 213
pottedplant 0.0269 255 170 291 222
pottedplant 0.0120 249 178 280 238
pottedplant 0.0111 250 177 274 213
pottedplant 0.0088 40 303 174 375
pottedplant 0.0061 402 135 425 163
pottedplant 0.0057 404 126 429 155
pottedplant 0.0047 239 46 289 86
pottedplant 0.0036 480 81 502 193
pottedplant 0.0032 102 312 147 363
pottedplant 0.0026 87 308 129 370
pottedplant 0.0018 473 223 499 338
pottedplant 0.0015 248 148 280 215
pottedplant 0.0014 237 156 319 236
pottedplant 0.0014 378 142 410 162
pottedplant 0.0013 398 115 436 162
pottedplant 0.0012 255 54 294 77
pottedplant 0.0011 398 130 432 174
pottedplant 0.0011 234 215 342 268
sofa 0.6230 23 186 191 315
sofa 0.0704 72 208 198 279
sofa 0.0373 8 233 182 303
sofa 0.0049 83 199 203 251
sofa 0.0021 21 202 148 272
sofa 0.0011 -27 156 220 333
sofa 0.0010 101 180 228 313
tvmonitor 0.5113 392 151 433 206
tvmonitor 0.4227 375 154 418 205
tvmonitor 0.0985 274 106 319 170
tvmonitor 0.0586 -3 105 28 166
tvmonitor 0.0431 378 151 407 185
tvmonitor 0.0315 263 91 331 185
tvmonitor 0.0110 77 144 132 189
tvmonitor 0.0082 -1 134 24 168
tvmonitor 0.0081 63 101 112 146
tvmonitor 0.0079 29 -7 152 51
tvmonitor 0.0073 421 164 444 196
tvmonitor 0.0064 415 150 446 208
tvmonitor 0.0051 360 136 429 200
tvmonitor 0.0040 455 131 496 202
tvmonitor 0.0035 32 -8 176 25
tvmonitor 0.0033 82 95 126 152
tvmonitor 0.0032 189 -4 308 37
tvmonitor 0.0026 0 98 45 176
tvmonitor 0.0025 32 126 70 204
tvmonitor 0.0023 403 142 424 188
tvmonitor 0.0022 281 120 311 156
tvmonitor 0.0016 76 -1 136 15
tvmonitor 0.0015 -6 0 141 71
tvmonitor 0.0012 200 91 295 167
tvmonitor 0.0010 70 -8 141 24
