aeroplane 0.0506 -1 32 376 389
bird 0.0690 -2 159 376 494
car 0.3349 -2 9 377 491
car 0.0110 145 -2 238 102
car 0.0044 -1 139 261 438
car 0.0040 41 196 216 377
car 0.0031 112 0 271 131
car 0.0022 0 207 18 348
car 0.0017 97 174 277 404
car 0.0011 65 242 191 331
chair 0.0084 293 85 371 181
chair 0.0056 156 12 333 170
chair 0.0051 200 43 290 143
chair 0.0042 129 0 203 98
chair 0.0041 278 72 343 181
chair 0.0032 260 46 347 150
chair 0.0019 233 41 317 146
chair 0.0014 149 77 227 182
chair 0.0013 296 51 367 143
chair 0.0013 243 1 357 184
chair 0.0010 155 10 231 121
chair 0.0010 289 82 327 171
person 0.0061 194 -4 297 54
person 0.0014 128 -10 306 142
pottedplant 0.1471 270 -2 346 54
pottedplant 0.1109 258 2 305 48
pottedplant 0.0257 237 -6 318 54
pottedplant 0.0200 332 -2 371 58
pottedplant 0.0117 214 0 256 54
pottedplant 0.0106 294 -1 381 53
pottedplant 0.0092 222 -1 250 29
pottedplant 0.0087 253 -17 337 41
pottedplant 0.0076 292 10 328 44
pottedplant 0.0066 275 12 315 45
pottedplant 0.0055 289 9 376 97
pottedplant 0.0046 153 -9 233 108
pottedplant 0.0043 225 0 325 89
pottedplant 0.0039 255 7 281 45
pottedplant 0.0035 194 -1 282 58
pottedplant 0.0026 309 9 338 46
pottedplant 0.0026 229 0 277 50
pottedplant 0.0025 210 6 235 42
pottedplant 0.0023 225 4 247 50
pottedplant 0.0023 191 -16 357 137
pottedplant 0.0022 161 -4 250 61
pottedplant 0.0022 159 13 273 97
pottedplant 0.0022 185 -3 230 57
pottedplant 0.0021 345 0 381 59
pottedplant 0.0019 232 0 269 26
pottedplant 0.0018 189 -1 227 26
pottedplant 0.0016 173 -1 215 22
pottedplant 0.0016 322 9 356 43
pottedplant 0.0016 264 -23 399 148
pottedplant 0.0016 247 0 285 27
pottedplant 0.0013 210 0 239 26
pottedplant 0.0012 157 -2 201 22
pottedplant 0.0010 353 7 376 49
