car 0.0011 -4 352 29 376
chair 0.7756 346 272 438 379
chair 0.3450 66 237 259 375
chair 0.3149 206 269 306 347
chair 0.1829 411 286 488 385
chair 0.1621 201 292 315 377
chair 0.1003 349 303 470 370
chair 0.0583 325 267 394 383
chair 0.0448 184 283 389 378
chair 0.0316 333 273 414 348
chair 0.0294 438 272 500 380
chair 0.0276 222 247 260 345
chair 0.0229 289 283 375 379
chair 0.0193 91 294 242 368
chair 0.0165 186 190 221 256
chair 0.0145 131 205 221 288
chair 0.0130 154 184 210 233
chair 0.0121 232 261 283 360
chair 0.0107 78 279 344 378
chair 0.0099 241 277 351 371
chair 0.0099 147 231 190 301
chair 0.0096 400 265 502 358
chair 0.0094 220 326 355 381
chair 0.0094 185 188 309 358
chair 0.0089 149 328 276 379
chair 0.0076 472 261 501 356
chair 0.0066 148 184 182 231
chair 0.0058 -20 277 215 374
chair 0.0056 24 330 165 375
chair 0.0049 133 186 221 254
chair 0.0048 319 321 422 380
chair 0.0046 366 278 459 344
chair 0.0045 116 233 225 317
chair 0.0042 52 300 197 376
chair 0.0041 -4 325 34 380
chair 0.0041 107 259 228 354
chair 0.0038 200 233 292 325
chair 0.0037 167 231 254 324
chair 0.0034 342 270 400 323
chair 0.0031 161 220 199 313
chair 0.0029 410 307 462 371
chair 0.0028 102 187 246 319
chair 0.0028 431 301 476 375
chair 0.0027 369 267 412 326
chair 0.0026 179 229 218 303
chair 0.0025 168 273 274 373
chair 0.0023 317 295 360 380
chair 0.0023 -4 295 109 364
chair 0.0022 3 300 48 377
chair 0.0022 409 278 454 345
chair 0.0021 384 286 436 335
chair 0.0020 150 304 253 370
chair 0.0020 156 296 343 412
chair 0.0019 0 327 113 378
chair 0.0019 363 303 424 373
chair 0.0018 292 303 347 373
chair 0.0018 -20 298 63 370
chair 0.0017 199 235 245 329
chair 0.0017 154 181 176 211
chair 0.0017 147 183 190 291
chair 0.0017 199 194 233 254
chair 0.0016 242 235 310 356
chair 0.0014 -1 338 26 371
chair 0.0013 400 323 500 375
chair 0.0012 186 190 218 224
chair 0.0012 159 178 237 241
chair 0.0012 327 323 377 377
chair 0.0012 359 231 449 319
chair 0.0011 36 283 135 366
chair 0.0010 443 268 501 322
chair 0.0010 197 191 237 311
person 0.5973 40 248 248 368
person 0.0043 2 149 21 183
person 0.0016 32 154 313 393
person 0.0011 69 260 181 359
pottedplant 0.1056 253 211 295 262
pottedplant 0.0498 216 84 256 131
pottedplant 0.0238 438 196 513 297
pottedplant 0.0212 450 222 502 282
pottedplant 0.0199 243 197 286 250
pottedplant 0.0164 209 198 292 283
pottedplant 0.0114 234 84 286 135
pottedplant 0.0100 263 217 290 257
pottedplant 0.0061 249 217 275 253
pottedplant 0.0058 248 192 320 294
pottedplant 0.0051 246 208 278 240
pottedplant 0.0050 259 209 290 242
pottedplant 0.0038 239 180 331 254
pottedplant 0.0035 469 237 504 295
pottedplant 0.0033 182 171 321 322
pottedplant 0.0032 426 170 529 316
pottedplant 0.0020 466 202 505 274
pottedplant 0.0020 475 249 500 282
pottedplant 0.0017 453 253 489 277
pottedplant 0.0016 202 73 279 142
pottedplant 0.0012 456 234 489 268
sofa 0.0037 18 220 327 384
tvmonitor 0.0715 46 66 122 146
tvmonitor 0.0270 46 196 91 248
tvmonitor 0.0191 2 176 47 244
tvmonitor 0.0188 107 199 146 244
tvmonitor 0.0164 61 201 117 245
tvmonitor 0.0106 471 295 501 380
tvmonitor 0.0082 163 103 235 203
tvmonitor 0.0044 -6 171 103 248
tvmonitor 0.0034 48 208 85 237
tvmonitor 0.0029 47 182 144 252
tvmonitor 0.0027 35 31 150 169
tvmonitor 0.0024 176 115 221 188
tvmonitor 0.0023 6 153 42 177
tvmonitor 0.0023 85 206 120 235
tvmonitor 0.0014 50 74 95 140
tvmonitor 0.0012 47 191 82 223
tvmonitor 0.0012 66 210 111 237
