bird 0.0028 109 25 466 347
bird 0.0022 29 256 62 284
bird 0.0016 456 114 492 134
bird 0.0016 67 200 111 246
boat 0.0161 -2 53 115 99
boat 0.0016 0 69 51 87
boat 0.0012 58 72 114 90
boat 0.0010 24 56 69 73
car 0.1161 444 55 496 75
car 0.0282 468 55 504 77
car 0.0215 -1 65 24 88
car 0.0040 0 50 22 82
car 0.0016 422 51 487 79
dog 0.3239 69 -8 431 267
dog 0.0130 106 140 144 221
dog 0.0092 99 138 173 236
dog 0.0022 81 104 192 263
horse 0.3824 20 6 403 252
horse 0.0048 86 27 269 232
horse 0.0012 133 50 371 263
