car 0.0348 4 201 46 241
car 0.0087 15 202 73 240
car 0.0061 0 208 25 239
car 0.0047 16 181 95 258
car 0.0043 0 200 25 228
car 0.0018 -1 188 29 239
car 0.0018 54 91 90 152
person 0.0221 259 66 290 93
person 0.0149 296 72 338 94
person 0.0073 246 71 279 93
person 0.0023 475 142 498 231
person 0.0020 280 72 314 94
person 0.0017 343 74 370 98
person 0.0016 243 66 285 102
person 0.0016 245 63 279 84
person 0.0013 128 175 159 249
person 0.0010 481 178 499 220
pottedplant 0.0061 54 63 89 133
train 0.6784 49 69 527 262
train 0.1739 -2 16 427 215
train 0.0226 117 41 381 240
train 0.0087 232 63 495 220
train 0.0035 360 59 516 228
train 0.0026 176 -2 552 233
train 0.0015 -62 95 410 287
train 0.0014 64 55 283 226
train 0.0011 440 96 501 225
train 0.0011 102 121 321 260
