bottle 0.0885 375 331 418 376
bottle 0.0081 431 332 475 373
bottle 0.0080 338 -8 374 107
bottle 0.0069 400 336 457 372
bottle 0.0055 212 98 229 144
bottle 0.0053 392 280 471 368
bottle 0.0051 360 329 399 377
bottle 0.0050 365 346 429 380
bottle 0.0042 393 335 428 372
bottle 0.0038 206 92 233 150
bottle 0.0034 407 354 453 375
bottle 0.0033 433 0 469 21
bottle 0.0030 336 -3 382 47
bottle 0.0026 353 331 472 374
bottle 0.0025 250 172 303 219
bottle 0.0024 350 354 400 375
bottle 0.0022 365 38 417 121
bottle 0.0017 279 -3 394 75
bottle 0.0016 316 10 357 89
bottle 0.0016 348 0 391 74
bottle 0.0015 336 39 376 117
bottle 0.0015 386 310 435 370
bottle 0.0015 369 302 461 377
cat 0.0045 171 225 403 370
chair 0.0022 440 20 502 126
chair 0.0011 12 180 188 365
dog 0.2688 147 113 429 377
dog 0.0147 164 143 333 352
dog 0.0012 183 204 317 287
dog 0.0010 194 226 307 312
person 0.7162 142 43 433 390
person 0.1031 340 11 480 362
person 0.0753 19 68 327 363
person 0.0711 359 10 425 121
person 0.0233 290 -14 436 117
person 0.0209 380 141 491 403
person 0.0194 167 42 340 329
person 0.0183 403 -2 456 42
person 0.0131 373 -10 448 112
person 0.0125 383 -1 442 47
person 0.0102 197 46 375 215
person 0.0085 382 0 443 17
person 0.0055 345 0 444 72
person 0.0055 369 -1 417 18
person 0.0037 238 -10 491 327
person 0.0034 346 0 401 19
person 0.0031 208 185 442 360
person 0.0031 373 56 502 261
person 0.0030 406 0 459 20
person 0.0029 429 -1 467 43
person 0.0028 358 -10 467 28
person 0.0027 83 6 415 254
person 0.0026 39 171 226 374
person 0.0025 275 0 379 87
person 0.0022 431 302 515 374
person 0.0022 289 27 443 288
person 0.0019 424 358 478 375
person 0.0019 229 -4 421 151
person 0.0016 282 97 523 391
person 0.0013 342 -3 470 200
person 0.0012 30 80 239 242
person 0.0012 475 263 499 385
person 0.0012 351 346 473 381
person 0.0011 382 354 442 375
person 0.0011 74 108 267 323
person 0.0010 459 3 493 126
person 0.0010 385 -4 478 72
pottedplant 0.0494 453 333 497 373
pottedplant 0.0092 452 354 495 376
pottedplant 0.0055 472 337 500 372
pottedplant 0.0048 471 302 499 376
pottedplant 0.0044 370 329 514 375
pottedplant 0.0035 457 326 490 353
pottedplant 0.0026 476 321 498 357
pottedplant 0.0022 397 299 497 377
pottedplant 0.0012 39 332 171 372
