bottle 0.0084 329 68 346 107
bottle 0.0028 321 63 348 137
car 0.0108 476 126 499 159
car 0.0042 459 128 489 154
car 0.0031 476 113 499 148
car 0.0029 472 101 500 160
car 0.0017 478 138 499 169
car 0.0013 264 134 298 155
car 0.0011 450 116 496 164
chair 0.0621 272 168 446 351
chair 0.0064 260 148 295 212
chair 0.0023 227 122 257 188
chair 0.0022 330 211 476 358
chair 0.0020 261 156 294 182
chair 0.0019 318 152 488 311
chair 0.0015 275 183 380 276
chair 0.0015 400 107 463 226
chair 0.0012 132 113 163 173
chair 0.0010 322 205 407 313
person 0.8770 340 100 378 209
person 0.7026 406 92 463 204
person 0.2234 300 119 330 166
person 0.0446 307 133 327 172
person 0.0265 400 95 431 212
person 0.0220 308 116 327 147
person 0.0166 290 125 311 162
person 0.0126 342 101 373 160
person 0.0086 342 132 371 179
person 0.0078 284 119 318 168
person 0.0064 332 120 395 221
person 0.0064 320 114 353 192
person 0.0045 321 124 343 159
person 0.0043 372 103 449 194
person 0.0040 351 102 387 184
person 0.0022 390 48 475 206
person 0.0020 430 112 464 198
person 0.0019 414 123 449 161
person 0.0019 414 137 446 174
person 0.0018 316 92 412 209
person 0.0017 436 92 467 166
person 0.0016 283 140 315 165
person 0.0014 378 119 418 188
person 0.0013 343 148 376 214
person 0.0012 286 120 314 144
person 0.0011 419 100 444 128
person 0.0011 350 138 391 198
person 0.0010 231 111 260 175
person 0.0010 474 116 500 192
person 0.0010 475 51 500 152
person 0.0010 345 101 370 132
pottedplant 0.0153 195 240 246 290
pottedplant 0.0014 200 266 237 287
