chair 0.0237 317 -1 491 178
chair 0.0042 360 0 510 125
chair 0.0014 352 73 455 155
chair 0.0014 383 3 493 70
chair 0.0010 12 204 256 317
person 0.8786 16 4 252 321
person 0.1046 33 107 466 318
person 0.0229 109 8 390 317
person 0.0125 311 -11 497 137
person 0.0123 362 113 502 311
person 0.0092 170 53 323 271
person 0.0087 278 53 527 323
person 0.0086 196 -1 380 175
person 0.0082 165 -30 488 255
person 0.0073 -3 28 195 245
person 0.0062 245 -1 405 129
person 0.0053 5 -1 194 130
person 0.0048 141 134 359 291
person 0.0046 228 117 425 310
person 0.0044 333 0 476 80
person 0.0040 332 53 482 224
person 0.0035 279 -3 370 82
person 0.0024 403 7 499 78
person 0.0019 -6 88 121 284
person 0.0019 176 139 553 335
person 0.0012 82 90 264 283
person 0.0012 0 5 28 106
person 0.0012 -3 117 197 305
person 0.0011 329 -3 480 39
person 0.0011 -35 147 304 326
person 0.0011 -1 35 22 150
person 0.0010 179 88 398 234
tvmonitor 0.0128 17 3 184 64
tvmonitor 0.0029 19 -4 173 37
tvmonitor 0.0026 31 -3 221 90
