bottle 0.0334 114 105 132 143
bottle 0.0132 248 189 269 231
bottle 0.0021 246 192 278 248
bottle 0.0017 250 201 269 244
bottle 0.0014 97 119 119 150
bottle 0.0013 98 104 119 142
chair 0.7438 74 148 256 351
chair 0.1603 406 104 491 330
chair 0.1480 388 179 473 266
chair 0.0655 271 159 362 266
chair 0.0387 112 151 389 281
chair 0.0365 412 154 483 286
chair 0.0316 79 220 213 369
chair 0.0235 245 161 416 328
chair 0.0231 318 170 422 256
chair 0.0155 358 167 438 267
chair 0.0147 335 158 475 331
chair 0.0112 395 207 468 295
chair 0.0109 124 195 376 351
chair 0.0078 362 195 450 297
chair 0.0076 444 217 502 372
chair 0.0064 283 150 445 284
chair 0.0060 436 57 512 317
chair 0.0058 333 195 414 279
chair 0.0056 107 171 232 257
chair 0.0053 117 222 214 326
chair 0.0045 156 174 340 249
chair 0.0044 89 167 184 266
chair 0.0043 370 187 414 257
chair 0.0043 2 166 118 380
chair 0.0041 312 174 363 217
chair 0.0041 226 156 367 235
chair 0.0038 0 221 57 343
chair 0.0037 19 163 180 331
chair 0.0033 416 216 481 330
chair 0.0029 282 198 347 244
chair 0.0026 271 200 384 278
chair 0.0025 284 167 381 225
chair 0.0024 312 157 418 222
chair 0.0023 327 177 376 234
chair 0.0021 229 208 349 283
chair 0.0020 438 182 506 322
chair 0.0018 153 203 266 293
chair 0.0018 339 180 367 210
chair 0.0017 4 242 42 374
chair 0.0016 0 161 21 255
chair 0.0016 0 233 29 355
chair 0.0016 13 197 101 296
chair 0.0012 286 159 351 202
chair 0.0012 112 293 235 363
chair 0.0012 42 269 150 339
chair 0.0011 113 228 306 374
chair 0.0011 178 264 321 346
chair 0.0010 52 198 143 293
chair 0.0010 181 206 318 277
chair 0.0010 480 31 501 155
diningtable 0.0060 75 149 424 338
diningtable 0.0055 164 234 409 365
diningtable 0.0036 104 213 472 389
person 0.0032 389 33 495 284
person 0.0016 478 43 501 199
person 0.0012 1 184 26 318
person 0.0011 434 6 526 256
person 0.0010 0 183 24 261
sofa 0.0251 96 114 402 317
sofa 0.0143 88 155 332 286
sofa 0.0138 118 136 385 248
sofa 0.0107 229 153 351 235
tvmonitor 0.0853 0 -6 190 152
tvmonitor 0.0065 41 20 146 121
tvmonitor 0.0027 38 66 152 142
tvmonitor 0.0010 127 -5 295 152
