boat 0.0538 404 162 502 228
boat 0.0177 393 123 509 254
boat 0.0017 421 185 513 239
boat 0.0015 409 177 452 195
boat 0.0011 405 200 459 242
bottle 0.0020 373 159 510 326
dog 0.0011 334 -4 453 43
motorbike 0.3184 262 144 330 227
motorbike 0.0134 247 119 350 250
motorbike 0.0010 90 65 485 317
person 0.7011 259 110 329 218
person 0.0123 271 109 320 162
person 0.0043 259 104 305 191
person 0.0011 263 156 294 186
person 0.0010 275 125 356 207
person 0.0010 16 71 482 312
pottedplant 0.0208 393 86 492 256
pottedplant 0.0094 399 125 484 216
pottedplant 0.0045 435 107 503 215
