boat 0.0054 364 121 457 191
boat 0.0043 382 134 479 168
boat 0.0033 339 96 465 222
boat 0.0026 277 111 451 254
boat 0.0024 435 153 470 173
boat 0.0012 207 80 520 283
bus 0.7022 29 60 468 303
bus 0.0070 -40 74 311 288
bus 0.0060 100 100 323 262
bus 0.0050 0 132 116 276
bus 0.0047 1 136 60 238
bus 0.0028 9 163 99 246
bus 0.0022 18 110 172 254
bus 0.0020 188 114 389 248
bus 0.0011 163 148 259 216
bus 0.0011 92 66 331 195
bus 0.0010 199 124 297 191
bus 0.0010 202 148 295 217
car 0.0018 230 0 288 12
person 0.0161 319 132 358 194
person 0.0143 7 196 44 249
person 0.0109 359 121 393 184
person 0.0100 339 126 370 180
person 0.0091 256 0 307 12
person 0.0068 269 0 322 14
person 0.0066 63 165 105 214
person 0.0065 52 157 88 220
person 0.0060 344 133 364 171
person 0.0052 260 147 297 204
person 0.0048 276 144 317 203
person 0.0041 116 165 170 209
person 0.0035 14 206 38 242
person 0.0033 3 207 23 239
person 0.0031 193 151 247 201
person 0.0030 110 187 138 211
person 0.0027 1 195 29 250
person 0.0026 1 198 22 228
person 0.0026 243 149 336 217
person 0.0025 108 159 145 219
person 0.0023 11 202 44 226
person 0.0022 328 134 347 171
person 0.0020 265 160 291 189
person 0.0019 181 153 223 201
person 0.0018 244 147 278 206
person 0.0018 95 184 119 213
person 0.0017 123 189 164 207
person 0.0016 27 150 103 227
person 0.0016 148 188 177 208
person 0.0015 366 140 384 186
person 0.0014 246 124 333 190
person 0.0014 0 150 23 250
person 0.0013 298 150 332 200
person 0.0013 303 161 327 189
person 0.0013 249 162 272 191
person 0.0011 73 172 98 204
person 0.0011 29 191 61 256
person 0.0010 143 161 180 211
person 0.0010 57 173 83 202
person 0.0010 -13 193 55 268
person 0.0010 334 111 411 195
train 0.0064 -18 138 517 320
