bicycle 0.0113 245 235 405 358
bicycle 0.0076 277 289 384 370
bicycle 0.0039 320 138 352 185
bird 0.0017 204 272 242 291
boat 0.0349 258 159 468 335
boat 0.0095 262 234 302 295
boat 0.0088 222 271 256 289
boat 0.0056 108 75 138 143
boat 0.0043 379 151 502 338
boat 0.0033 309 214 419 277
boat 0.0030 255 227 328 319
boat 0.0030 271 219 381 274
boat 0.0026 112 93 136 126
boat 0.0018 229 192 353 357
boat 0.0016 273 238 380 318
boat 0.0014 264 256 333 348
boat 0.0013 250 203 330 287
boat 0.0010 262 242 298 270
boat 0.0010 79 74 169 143
bottle 0.0039 423 247 444 287
bottle 0.0029 420 238 450 297
car 0.0797 242 199 470 349
car 0.0401 392 263 470 355
car 0.0095 268 256 384 353
car 0.0010 407 287 458 360
chair 0.0013 447 234 497 298
motorbike 0.0066 391 188 491 356
motorbike 0.0025 310 232 499 361
motorbike 0.0012 308 268 400 378
person 0.6919 79 126 135 262
person 0.5365 322 127 351 177
person 0.5133 343 117 365 181
person 0.4895 415 108 442 170
person 0.2389 384 115 406 184
person 0.2084 419 125 439 176
person 0.2013 401 105 423 173
person 0.1945 100 121 137 239
person 0.1695 147 123 171 155
person 0.1625 53 133 75 168
person 0.0310 135 123 161 155
person 0.0252 48 126 159 251
person 0.0246 112 127 137 153
person 0.0221 41 132 62 165
person 0.0203 328 114 344 161
person 0.0164 324 147 350 176
person 0.0142 364 114 381 162
person 0.0112 418 110 441 140
person 0.0090 343 145 364 178
person 0.0068 385 106 401 141
person 0.0049 360 110 387 133
person 0.0045 104 127 140 175
person 0.0038 356 118 385 180
person 0.0027 49 128 78 150
person 0.0025 384 127 404 231
person 0.0022 69 116 141 210
person 0.0021 346 112 371 140
person 0.0021 91 125 128 181
person 0.0020 92 126 123 150
person 0.0019 397 105 469 171
person 0.0017 93 174 122 214
person 0.0016 95 133 121 167
person 0.0016 92 156 123 200
person 0.0016 452 214 496 290
person 0.0015 37 126 68 172
person 0.0014 87 165 155 247
person 0.0014 299 128 372 174
person 0.0014 126 130 168 165
person 0.0013 320 117 389 182
person 0.0012 471 217 500 286
person 0.0011 380 88 406 162
person 0.0010 111 176 134 214
person 0.0010 360 236 391 328
tvmonitor 0.0174 412 190 459 256
tvmonitor 0.0046 409 168 486 267
tvmonitor 0.0027 398 196 492 291
tvmonitor 0.0015 388 123 497 311
