car 0.8477 308 17 402 58
car 0.8453 4 19 263 178
car 0.8020 32 75 467 301
car 0.5525 271 16 329 52
car 0.5477 444 29 495 76
car 0.5317 415 32 487 70
car 0.2239 152 14 268 63
car 0.1679 451 25 501 104
car 0.0949 454 41 497 143
car 0.0938 222 21 349 63
car 0.0780 389 24 436 47
car 0.0708 391 14 435 36
car 0.0666 403 36 493 96
car 0.0517 367 19 425 55
car 0.0507 344 19 462 65
car 0.0481 96 15 243 69
car 0.0327 413 36 455 68
car 0.0321 384 7 441 42
car 0.0310 327 24 384 50
car 0.0280 391 55 491 142
car 0.0264 312 23 359 51
car 0.0214 260 16 375 54
car 0.0212 431 15 508 82
car 0.0209 348 22 400 50
car 0.0149 470 18 500 83
car 0.0148 292 21 337 47
car 0.0147 152 69 425 253
car 0.0147 11 -4 254 102
car 0.0140 304 26 437 67
car 0.0114 230 -1 349 41
car 0.0106 308 38 419 93
car 0.0093 406 27 455 48
car 0.0089 399 20 464 55
car 0.0083 -1 12 105 79
car 0.0075 153 3 284 45
car 0.0069 373 14 420 34
car 0.0068 215 12 266 60
car 0.0067 0 16 56 60
car 0.0063 350 68 461 142
car 0.0059 307 -2 423 43
car 0.0058 394 -8 496 49
car 0.0055 -11 36 139 224
car 0.0054 379 79 484 168
car 0.0049 294 12 337 37
car 0.0047 326 69 479 206
car 0.0046 99 55 323 268
car 0.0043 475 30 500 69
car 0.0041 263 22 298 50
car 0.0039 407 14 453 36
car 0.0038 197 0 243 15
car 0.0036 328 46 478 98
car 0.0036 218 0 260 15
car 0.0036 196 6 321 64
car 0.0036 197 37 305 102
car 0.0033 455 47 493 79
car 0.0032 4 51 189 145
car 0.0030 474 47 501 82
car 0.0029 350 14 398 31
car 0.0028 276 79 451 245
car 0.0028 217 44 358 99
car 0.0026 387 31 442 64
car 0.0025 441 1 498 45
car 0.0024 345 -6 460 37
car 0.0024 336 30 412 63
car 0.0023 453 23 488 50
car 0.0023 304 27 370 66
car 0.0022 243 10 274 35
car 0.0022 474 73 502 112
car 0.0021 475 22 498 52
car 0.0021 56 70 214 253
car 0.0019 274 37 380 99
car 0.0018 309 66 420 141
car 0.0018 182 62 318 134
car 0.0017 332 13 378 32
car 0.0017 414 49 455 73
car 0.0017 174 0 228 15
car 0.0017 425 27 479 49
car 0.0017 232 1 286 16
car 0.0016 143 83 220 164
car 0.0016 277 34 320 58
car 0.0015 410 42 465 81
car 0.0015 152 40 273 101
car 0.0015 137 40 362 159
car 0.0015 132 -8 286 93
car 0.0014 235 10 280 59
car 0.0014 268 66 385 137
car 0.0014 184 27 258 68
car 0.0014 261 11 299 36
car 0.0014 299 34 336 60
car 0.0014 471 49 501 166
car 0.0013 310 12 358 33
car 0.0013 372 36 421 59
car 0.0013 106 25 240 113
car 0.0013 185 4 257 43
car 0.0012 171 24 229 45
car 0.0012 291 -8 440 98
car 0.0012 193 24 251 47
car 0.0011 86 -7 240 53
car 0.0011 254 0 303 17
car 0.0011 160 -1 204 18
car 0.0010 276 36 455 174
car 0.0010 243 20 274 50
car 0.0010 108 54 238 147
car 0.0010 223 24 260 53
car 0.0010 32 12 154 86
car 0.0010 84 118 186 201
car 0.0010 326 35 380 59
car 0.0010 165 23 199 49
car 0.0010 252 6 309 42
chair 0.0014 3 98 41 206
person 0.0048 226 34 255 65
person 0.0039 68 36 100 63
person 0.0030 68 24 104 50
person 0.0028 350 87 399 132
person 0.0021 0 89 29 215
person 0.0019 21 23 74 73
person 0.0014 41 28 93 69
person 0.0014 358 107 388 137
person 0.0013 109 24 141 50
person 0.0012 89 37 123 62
person 0.0010 128 21 159 50
person 0.0010 0 28 22 159
person 0.0010 359 91 390 125
person 0.0010 131 35 157 66
person 0.0010 109 36 141 62
