bottle 0.0101 1 120 191 314
bottle 0.0064 -8 67 60 309
bottle 0.0044 2 127 45 234
bottle 0.0040 5 134 111 355
bottle 0.0020 80 170 194 265
bottle 0.0011 -1 97 59 218
cat 0.0018 100 163 190 282
chair 0.0017 42 122 148 189
chair 0.0017 6 83 41 193
chair 0.0016 10 212 181 382
chair 0.0011 8 112 100 202
dog 0.0073 38 152 225 337
person 0.8489 158 171 328 376
person 0.0555 -13 181 359 365
person 0.0352 22 42 477 331
person 0.0058 12 92 179 290
person 0.0056 197 212 299 327
person 0.0035 -29 79 221 352
person 0.0033 48 144 211 286
person 0.0024 169 102 481 387
person 0.0024 186 188 294 288
person 0.0023 188 155 387 341
person 0.0017 84 153 263 338
person 0.0010 160 175 260 264
sofa 0.0169 14 14 484 245
sofa 0.0150 -16 82 439 350
tvmonitor 0.0022 -5 -4 117 40
