bus 0.6349 95 41 481 293
bus 0.0194 159 101 417 282
bus 0.0098 8 153 97 229
bus 0.0037 -7 125 121 257
bus 0.0036 108 83 316 252
bus 0.0026 -15 57 363 276
bus 0.0026 361 114 513 272
bus 0.0025 247 95 481 240
bus 0.0024 4 171 47 253
bus 0.0024 69 84 195 250
bus 0.0022 165 64 412 178
bus 0.0022 89 158 123 214
bus 0.0019 167 111 561 323
bus 0.0011 127 77 220 150
person 0.7494 408 196 453 280
person 0.0131 400 190 436 288
person 0.0118 326 134 350 162
person 0.0108 342 135 367 161
person 0.0107 437 176 464 275
person 0.0076 398 177 470 261
person 0.0032 183 105 221 167
person 0.0027 366 208 454 277
person 0.0024 422 134 444 163
person 0.0023 397 134 428 157
person 0.0022 414 217 446 257
person 0.0021 416 185 482 288
person 0.0020 0 159 22 265
person 0.0018 320 125 355 166
person 0.0017 266 98 290 125
person 0.0017 95 170 118 200
person 0.0014 416 174 447 253
person 0.0013 187 94 215 123
person 0.0011 -3 23 64 108
person 0.0011 208 107 231 135
person 0.0011 379 134 409 162
person 0.0010 266 109 291 133
person 0.0010 189 105 216 135
person 0.0010 415 231 445 270
tvmonitor 0.0014 2 0 52 40
