bicycle 0.0035 25 312 104 410
bottle 0.0056 74 231 96 277
bottle 0.0048 307 211 332 254
bottle 0.0048 75 251 98 292
bottle 0.0024 74 216 99 255
bottle 0.0022 103 331 143 399
bottle 0.0016 440 304 462 349
bottle 0.0013 138 300 180 391
bottle 0.0012 301 199 334 235
bottle 0.0010 69 241 105 301
bottle 0.0010 301 198 338 266
bottle 0.0010 383 253 410 291
chair 0.0012 340 289 474 425
person 0.9625 81 141 174 414
person 0.9405 305 144 445 431
person 0.8682 199 181 286 440
person 0.7144 250 168 327 467
person 0.1219 128 140 212 425
person 0.0898 268 147 385 424
person 0.0587 335 235 482 457
person 0.0417 256 141 333 261
person 0.0317 148 135 223 298
person 0.0224 60 197 152 369
person 0.0181 187 217 259 411
person 0.0178 168 129 265 379
person 0.0166 71 254 145 403
person 0.0142 170 141 269 250
person 0.0071 348 215 447 351
person 0.0070 -10 138 279 424
person 0.0065 229 169 501 468
person 0.0057 333 231 411 400
person 0.0051 209 167 265 229
person 0.0049 74 177 175 290
person 0.0044 319 174 426 308
person 0.0042 141 187 200 383
person 0.0036 367 162 499 404
person 0.0035 84 274 134 384
person 0.0035 322 198 346 239
person 0.0030 171 137 236 220
person 0.0028 162 126 414 438
person 0.0026 250 170 344 297
person 0.0025 203 142 293 268
person 0.0020 159 173 243 331
person 0.0018 163 151 207 241
person 0.0018 221 182 258 218
person 0.0016 200 173 272 299
person 0.0015 288 205 366 369
person 0.0015 237 174 276 256
person 0.0014 194 156 247 235
person 0.0013 16 271 98 385
person 0.0013 369 256 456 397
person 0.0013 250 153 303 239
person 0.0012 242 183 271 218
person 0.0011 398 330 474 459
person 0.0010 155 180 208 291
person 0.0010 245 191 270 237
person 0.0010 208 264 272 450
person 0.0010 178 124 324 309
person 0.0010 157 201 203 341
pottedplant 0.0026 16 332 84 395
pottedplant 0.0020 13 290 88 407
