bird 0.0106 92 186 123 210
bird 0.0031 91 178 158 208
boat 0.4201 226 134 338 304
boat 0.0278 218 70 357 249
boat 0.0271 96 131 328 302
boat 0.0239 114 161 233 212
boat 0.0229 219 261 338 300
boat 0.0182 237 237 328 312
boat 0.0172 115 143 284 216
boat 0.0138 212 275 345 314
boat 0.0126 226 270 260 291
boat 0.0106 261 164 330 283
boat 0.0100 245 145 334 236
boat 0.0095 232 269 280 289
boat 0.0055 88 89 333 231
boat 0.0052 218 193 353 343
boat 0.0047 155 66 420 308
boat 0.0047 224 261 286 297
boat 0.0046 242 112 341 202
boat 0.0038 197 198 306 292
boat 0.0034 198 168 312 263
boat 0.0032 245 271 309 290
boat 0.0028 115 176 231 244
boat 0.0028 259 157 304 260
boat 0.0023 261 96 398 281
boat 0.0022 231 284 285 303
boat 0.0015 246 285 310 302
boat 0.0014 145 181 277 246
boat 0.0014 54 163 444 383
boat 0.0013 215 225 301 310
boat 0.0013 273 145 319 244
boat 0.0012 285 142 373 236
boat 0.0012 226 274 290 311
boat 0.0011 259 133 303 199
boat 0.0011 255 210 338 295
boat 0.0011 187 154 312 220
boat 0.0011 110 130 235 199
boat 0.0010 278 116 315 215
bottle 0.0528 293 76 330 144
bottle 0.0016 299 81 328 108
bottle 0.0010 276 87 355 154
