bottle 0.1602 168 121 196 282
bottle 0.0846 116 140 172 272
bottle 0.0347 132 135 160 226
bottle 0.0156 158 124 220 245
bottle 0.0136 126 135 149 226
bottle 0.0116 140 117 188 245
bottle 0.0062 235 131 262 235
bottle 0.0052 206 137 238 230
bottle 0.0047 37 131 80 308
bottle 0.0039 107 76 184 280
bottle 0.0037 80 298 112 371
bottle 0.0035 82 193 107 288
bottle 0.0032 198 137 251 265
bottle 0.0022 105 191 169 285
bottle 0.0021 138 96 246 265
bottle 0.0016 159 147 208 293
bottle 0.0014 79 123 106 279
bottle 0.0012 109 124 159 238
bottle 0.0012 161 162 187 278
bottle 0.0010 164 114 189 216
chair 0.0370 249 190 334 457
chair 0.0345 0 153 41 279
chair 0.0256 42 136 91 278
chair 0.0115 244 134 307 270
chair 0.0081 207 132 274 239
chair 0.0080 -3 156 82 415
chair 0.0069 -9 136 45 361
chair 0.0063 282 175 347 473
chair 0.0062 60 124 111 240
chair 0.0061 80 119 104 249
chair 0.0051 216 238 321 492
chair 0.0046 26 134 107 372
chair 0.0045 136 264 293 466
chair 0.0038 262 175 327 320
chair 0.0026 264 251 327 402
chair 0.0024 4 177 59 308
chair 0.0022 145 272 233 382
chair 0.0018 220 143 322 359
chair 0.0017 237 190 304 305
chair 0.0016 89 349 245 519
chair 0.0015 291 212 339 366
chair 0.0014 32 110 134 310
chair 0.0014 1 260 71 388
chair 0.0012 186 100 300 254
chair 0.0011 27 65 103 282
chair 0.0011 119 351 208 453
chair 0.0010 176 276 261 378
chair 0.0010 233 141 294 226
chair 0.0010 205 197 277 291
diningtable 0.3116 4 177 327 474
diningtable 0.1844 -1 286 283 517
diningtable 0.0155 80 182 251 398
diningtable 0.0137 111 147 373 430
diningtable 0.0111 141 175 291 408
diningtable 0.0091 72 321 259 483
diningtable 0.0052 -20 113 250 383
diningtable 0.0049 190 163 258 254
diningtable 0.0044 1 217 178 432
diningtable 0.0028 10 183 114 384
diningtable 0.0025 54 95 329 326
diningtable 0.0025 171 192 263 293
diningtable 0.0022 110 161 270 333
diningtable 0.0022 -3 299 134 503
diningtable 0.0021 -56 249 185 556
diningtable 0.0017 26 362 204 512
diningtable 0.0017 150 155 220 249
diningtable 0.0016 36 160 193 330
diningtable 0.0011 103 189 168 288
diningtable 0.0010 70 351 160 456
