aeroplane 0.6383 41 114 381 211
aeroplane 0.0111 77 132 265 198
aeroplane 0.0064 38 39 384 233
aeroplane 0.0039 110 159 313 212
aeroplane 0.0034 136 136 364 194
aeroplane 0.0019 46 102 228 215
boat 0.0870 313 23 362 39
boat 0.0114 326 22 380 38
boat 0.0044 279 13 393 46
boat 0.0038 290 24 346 40
boat 0.0035 122 46 163 61
boat 0.0025 4 46 52 62
boat 0.0021 312 -1 363 42
boat 0.0017 103 46 151 61
boat 0.0017 75 47 132 61
boat 0.0016 -2 42 24 64
boat 0.0015 26 45 67 62
boat 0.0015 272 23 323 40
boat 0.0014 107 35 142 54
boat 0.0013 248 25 308 39
boat 0.0012 247 0 389 40
boat 0.0011 350 22 399 37
boat 0.0010 328 1 382 38
boat 0.0010 0 37 113 89
