bottle 0.0798 38 88 62 123
bottle 0.0236 52 90 76 122
chair 0.0016 153 297 252 378
person 0.7754 226 50 503 382
person 0.3425 77 10 422 364
person 0.1450 92 331 192 374
person 0.0062 271 123 456 365
person 0.0053 281 25 451 287
person 0.0047 364 -1 430 102
person 0.0027 186 65 392 309
person 0.0024 391 8 429 91
person 0.0023 -8 136 122 351
person 0.0023 412 97 444 205
person 0.0016 84 294 185 380
person 0.0014 322 7 419 78
person 0.0013 116 68 309 305
person 0.0013 395 54 440 162
person 0.0013 376 4 414 68
person 0.0012 -30 50 224 382
person 0.0010 117 338 170 368
tvmonitor 0.0048 -11 87 127 293
