bottle 0.0187 315 234 351 297
bottle 0.0124 307 238 371 355
bottle 0.0078 322 247 349 281
bottle 0.0024 184 244 215 316
bottle 0.0018 163 252 201 311
bottle 0.0017 314 311 355 369
bottle 0.0017 247 241 409 371
bottle 0.0014 297 208 372 300
chair 0.0061 0 239 61 379
chair 0.0029 2 252 98 353
chair 0.0019 8 224 193 366
chair 0.0013 -10 118 63 368
chair 0.0010 111 299 234 366
diningtable 0.0015 119 304 243 370
person 0.8935 41 104 211 385
person 0.4678 197 82 455 350
person 0.4227 311 69 498 361
person 0.2135 112 109 388 378
person 0.0270 213 72 365 297
person 0.0058 280 88 455 285
person 0.0034 292 86 376 158
person 0.0028 99 122 146 183
person 0.0026 87 117 157 207
person 0.0022 298 93 431 164
person 0.0021 -2 103 113 328
person 0.0018 166 167 345 370
person 0.0017 348 87 460 172
person 0.0017 308 92 367 129
person 0.0015 178 53 320 217
person 0.0013 316 69 490 202
person 0.0011 71 194 193 295
person 0.0011 238 69 339 184
person 0.0010 78 167 261 376
person 0.0010 246 53 406 210
pottedplant 0.2451 80 1 139 44
pottedplant 0.0056 79 -8 168 47
pottedplant 0.0038 40 0 151 75
pottedplant 0.0028 23 2 146 43
pottedplant 0.0027 103 3 139 35
pottedplant 0.0024 95 7 146 60
pottedplant 0.0017 87 2 180 84
pottedplant 0.0015 16 -19 179 112
pottedplant 0.0011 125 40 160 64
tvmonitor 0.0092 -3 146 56 279
tvmonitor 0.0080 -17 95 62 334
tvmonitor 0.0065 2 3 132 43
tvmonitor 0.0024 -1 158 27 258
