cat 0.0016 224 191 394 331
cat 0.0010 4 148 402 375
dog 0.4859 15 -8 390 368
dog 0.0097 104 51 302 310
dog 0.0014 118 71 434 341
horse 0.1633 -15 -8 349 369
person 0.7749 383 197 450 285
person 0.0863 76 0 476 359
person 0.0740 459 200 482 283
person 0.0209 460 210 480 247
person 0.0050 367 197 469 328
person 0.0025 459 220 480 264
person 0.0020 405 192 451 266
person 0.0019 455 173 479 259
person 0.0011 401 226 466 285
sheep 0.0052 358 210 484 366
sheep 0.0052 286 249 490 380
sheep 0.0029 376 242 463 340
sheep 0.0022 334 282 445 352
sheep 0.0017 335 250 442 332
sheep 0.0013 284 280 416 358
