bottle 0.0020 252 432 366 507
bottle 0.0016 257 273 279 357
bottle 0.0011 259 288 276 341
car 0.0058 -2 33 48 140
chair 0.0153 -1 69 45 200
chair 0.0070 -1 105 43 263
chair 0.0046 -5 30 48 155
chair 0.0017 0 126 20 274
chair 0.0016 -15 47 50 296
chair 0.0015 298 388 370 498
chair 0.0010 -14 -19 54 212
diningtable 0.0181 -13 340 331 540
diningtable 0.0074 8 368 251 508
diningtable 0.0024 114 360 319 511
diningtable 0.0022 55 329 261 478
diningtable 0.0019 87 -23 402 292
diningtable 0.0018 187 438 302 502
diningtable 0.0016 -4 302 150 507
diningtable 0.0010 73 353 186 458
diningtable 0.0010 -52 263 197 541
person 0.8076 18 61 298 438
person 0.1191 233 22 370 478
person 0.1041 213 -1 332 54
person 0.0221 38 124 218 377
person 0.0191 279 125 375 448
person 0.0190 28 221 345 505
person 0.0169 154 -2 277 52
person 0.0134 187 -12 315 39
person 0.0132 110 -1 206 55
person 0.0094 32 9 399 338
person 0.0084 128 100 361 476
person 0.0084 202 -3 244 53
person 0.0067 26 0 173 57
person 0.0065 -15 155 218 496
person 0.0055 243 219 364 502
person 0.0054 107 127 268 449
person 0.0054 211 124 337 450
person 0.0048 11 73 127 352
person 0.0034 288 -7 371 51
person 0.0033 219 8 342 85
person 0.0032 134 -13 225 37
person 0.0031 233 0 270 26
person 0.0026 229 -1 276 49
person 0.0024 186 -3 231 53
person 0.0020 13 12 129 85
person 0.0020 -1 40 21 169
person 0.0019 217 0 256 27
person 0.0017 51 204 208 439
person 0.0017 177 -1 211 27
person 0.0016 246 0 287 27
person 0.0016 8 189 139 380
person 0.0016 193 -1 227 28
person 0.0013 158 0 202 26
person 0.0013 211 -10 259 38
person 0.0012 13 246 129 342
person 0.0011 -34 28 179 393
person 0.0011 356 324 374 500
person 0.0010 141 245 290 478
tvmonitor 0.0027 -5 4 48 114
tvmonitor 0.0019 22 -2 119 56
tvmonitor 0.0014 2 4 36 89
tvmonitor 0.0011 -2 12 89 88
