bus 0.6592 29 18 471 356
bus 0.1660 70 157 506 388
bus 0.0486 -1 180 31 267
bus 0.0127 134 -12 517 272
bus 0.0111 -1 160 47 229
bus 0.0104 0 146 30 218
bus 0.0060 369 145 502 347
bus 0.0060 133 82 369 293
bus 0.0054 198 74 530 358
bus 0.0051 153 147 425 341
bus 0.0045 36 55 311 319
bus 0.0033 162 33 414 224
bus 0.0029 82 62 261 256
bus 0.0022 -25 182 43 264
bus 0.0019 9 -29 413 231
bus 0.0015 441 162 503 272
bus 0.0015 431 84 509 284
bus 0.0014 214 97 439 274
bus 0.0014 255 172 471 372
bus 0.0014 17 77 172 238
bus 0.0010 145 221 354 380
car 0.2564 -3 214 29 263
car 0.0543 -1 234 23 265
car 0.0029 0 206 25 244
car 0.0022 -33 209 50 266
car 0.0015 56 223 79 252
chair 0.0011 445 126 496 262
person 0.0384 348 212 394 260
person 0.0303 332 211 380 259
person 0.0103 371 211 414 266
person 0.0080 358 217 388 252
person 0.0063 357 210 391 237
person 0.0051 338 209 373 238
person 0.0038 339 218 372 252
person 0.0032 380 220 407 254
person 0.0029 329 209 418 264
person 0.0025 148 223 179 250
person 0.0017 322 209 352 240
person 0.0017 316 202 361 248
person 0.0017 258 214 301 263
person 0.0016 38 207 60 241
person 0.0016 265 225 294 255
person 0.0012 283 223 309 252
person 0.0012 388 211 433 266
person 0.0012 478 55 501 189
person 0.0011 377 210 411 236
person 0.0010 320 222 351 250
person 0.0010 144 214 187 259
tvmonitor 0.0029 453 211 499 264
tvmonitor 0.0028 439 0 498 46
