bottle 0.0503 380 -3 408 25
bottle 0.0385 360 -2 392 21
bottle 0.0295 398 -2 429 23
bottle 0.0079 216 2 262 73
bottle 0.0031 74 -1 133 43
bottle 0.0022 411 0 448 21
bottle 0.0016 389 -8 436 26
bottle 0.0015 241 -5 273 82
bottle 0.0011 197 12 245 83
bottle 0.0010 391 48 432 142
bottle 0.0010 370 -6 413 42
chair 0.0186 263 -6 469 107
chair 0.0121 299 0 432 84
chair 0.0085 13 40 98 154
chair 0.0077 -16 55 132 262
chair 0.0066 311 23 418 112
chair 0.0055 248 1 343 102
chair 0.0049 166 -2 406 99
chair 0.0033 348 21 457 118
chair 0.0029 261 28 384 104
chair 0.0029 412 38 495 156
chair 0.0023 44 42 129 159
chair 0.0022 21 19 150 181
chair 0.0021 316 24 488 181
chair 0.0019 -2 38 61 158
chair 0.0019 401 175 498 367
chair 0.0016 353 -1 396 70
chair 0.0015 346 36 405 95
chair 0.0015 356 51 453 144
chair 0.0014 -1 3 60 42
chair 0.0012 83 5 129 62
chair 0.0012 292 -2 436 45
chair 0.0012 15 0 76 37
chair 0.0011 130 -1 222 82
chair 0.0010 -21 26 74 234
chair 0.0010 308 63 423 136
diningtable 0.1853 43 107 455 329
diningtable 0.0074 117 138 382 303
diningtable 0.0067 43 28 455 233
diningtable 0.0032 115 86 384 234
diningtable 0.0016 147 17 354 193
diningtable 0.0011 158 97 340 167
person 0.0387 432 12 506 124
person 0.0313 196 2 296 88
person 0.0224 403 6 502 188
person 0.0147 434 47 507 332
person 0.0138 398 5 495 87
person 0.0127 475 -9 499 168
person 0.0096 169 -3 261 87
person 0.0085 224 0 345 91
person 0.0069 36 -2 152 41
person 0.0054 333 -2 378 16
person 0.0053 388 44 497 277
person 0.0040 475 50 500 225
person 0.0031 471 -7 500 80
person 0.0025 438 -17 498 92
person 0.0020 404 -3 500 47
person 0.0019 473 116 499 275
person 0.0019 310 0 361 16
person 0.0017 477 4 497 40
person 0.0017 429 0 474 19
person 0.0015 456 109 496 225
person 0.0014 217 0 263 19
person 0.0013 452 15 494 171
person 0.0012 448 0 494 19
person 0.0011 111 -7 231 39
person 0.0011 472 0 503 21
person 0.0010 4 -5 109 42
pottedplant 0.0049 46 -7 128 49
pottedplant 0.0023 45 0 89 20
pottedplant 0.0016 61 0 112 19
sofa 0.0071 22 30 401 347
