boat 0.4565 154 57 222 280
boat 0.1721 37 95 140 248
boat 0.1160 40 119 100 243
boat 0.0416 135 -24 247 222
boat 0.0306 2 167 32 195
boat 0.0305 300 184 328 211
boat 0.0221 0 152 35 209
boat 0.0220 65 116 157 219
boat 0.0220 250 168 273 202
boat 0.0209 237 169 261 198
boat 0.0187 154 216 188 266
boat 0.0185 57 36 173 243
boat 0.0179 151 202 219 278
boat 0.0136 261 130 327 219
boat 0.0132 158 145 211 276
boat 0.0125 286 171 315 201
boat 0.0112 45 207 69 237
boat 0.0103 298 170 329 200
boat 0.0102 233 87 263 164
boat 0.0095 190 35 296 237
boat 0.0094 141 110 198 245
boat 0.0092 112 20 225 260
boat 0.0088 259 170 286 199
boat 0.0083 106 169 137 199
boat 0.0076 311 184 334 211
boat 0.0074 295 156 333 207
boat 0.0072 211 87 277 184
boat 0.0067 121 170 148 198
boat 0.0067 237 108 259 142
boat 0.0065 129 170 162 198
boat 0.0060 92 96 150 195
boat 0.0049 297 176 332 219
boat 0.0044 215 121 275 234
boat 0.0043 27 171 61 197
boat 0.0042 234 133 302 210
boat 0.0040 49 160 123 240
boat 0.0040 101 159 142 207
boat 0.0039 70 170 171 226
boat 0.0039 87 153 155 212
boat 0.0038 126 232 217 278
boat 0.0037 84 168 108 200
boat 0.0036 270 170 304 199
boat 0.0036 281 160 320 206
boat 0.0035 66 99 97 229
boat 0.0034 233 159 266 206
boat 0.0033 161 245 206 269
boat 0.0032 100 110 141 179
boat 0.0031 82 185 109 213
boat 0.0030 206 171 236 198
boat 0.0030 -3 150 67 213
boat 0.0029 79 112 108 214
boat 0.0029 93 169 123 198
boat 0.0027 297 131 331 195
boat 0.0027 240 156 333 206
boat 0.0025 101 186 140 210
boat 0.0025 118 -63 315 255
boat 0.0024 186 159 252 265
boat 0.0023 185 41 249 155
boat 0.0022 91 188 125 211
boat 0.0022 207 168 276 258
boat 0.0022 125 160 166 206
boat 0.0021 54 210 83 234
boat 0.0020 254 160 290 206
boat 0.0020 249 183 274 211
boat 0.0019 220 170 251 197
boat 0.0018 261 183 284 212
boat 0.0018 209 154 289 210
boat 0.0018 312 164 333 203
boat 0.0018 105 162 175 253
boat 0.0017 119 184 148 212
boat 0.0016 237 182 261 212
boat 0.0016 314 105 334 186
boat 0.0016 106 71 134 179
boat 0.0016 233 160 303 247
boat 0.0016 157 31 225 153
boat 0.0015 42 196 72 245
boat 0.0015 12 -19 217 288
boat 0.0015 34 97 97 190
boat 0.0014 272 169 351 228
boat 0.0013 209 184 237 211
boat 0.0013 184 83 248 191
boat 0.0013 80 164 147 252
boat 0.0012 271 187 301 212
boat 0.0012 51 85 118 196
boat 0.0012 248 87 342 252
boat 0.0012 53 96 85 232
boat 0.0011 126 119 216 286
boat 0.0011 96 126 122 161
boat 0.0011 182 246 213 272
boat 0.0011 286 84 337 208
boat 0.0011 144 242 174 270
boat 0.0011 162 214 204 268
boat 0.0010 12 170 50 195
boat 0.0010 126 137 191 223
boat 0.0010 139 143 175 217
boat 0.0010 156 105 239 224
boat 0.0010 288 185 315 211
boat 0.0010 86 158 130 205
boat 0.0010 49 169 88 233
person 0.0381 160 224 182 260
person 0.0122 150 225 172 257
