bird 0.0098 -15 -78 194 347
bird 0.0032 26 -1 152 268
bottle 0.0055 314 319 332 507
bottle 0.0013 302 346 332 482
cat 0.5574 91 320 291 470
cat 0.0655 111 305 181 428
cat 0.0074 129 342 253 457
cat 0.0063 60 362 228 508
cat 0.0011 72 392 210 478
cat 0.0010 79 304 304 577
chair 0.0359 296 6 342 338
chair 0.0234 -2 385 44 490
chair 0.0055 294 44 335 225
chair 0.0013 317 65 333 258
chair 0.0010 205 365 281 444
dog 0.0038 80 350 251 512
person 0.0120 292 215 347 516
person 0.0089 290 29 342 394
person 0.0039 298 309 335 497
person 0.0029 -2 339 44 473
person 0.0015 313 292 332 495
person 0.0014 -3 235 80 497
person 0.0013 257 38 335 305
person 0.0011 -12 291 53 514
pottedplant 0.0170 0 -24 128 223
pottedplant 0.0095 80 11 150 335
pottedplant 0.0027 -25 -52 153 398
pottedplant 0.0025 92 89 141 256
pottedplant 0.0013 29 38 99 157
pottedplant 0.0012 -7 36 81 303
pottedplant 0.0011 36 82 142 341
