boat 0.0094 18 91 154 339
car 0.0032 395 273 504 345
chair 0.0105 374 189 505 358
chair 0.0088 393 261 496 342
chair 0.0021 383 290 498 365
chair 0.0018 414 185 443 257
chair 0.0014 395 190 437 250
person 0.9626 278 130 386 365
person 0.9319 134 128 213 367
person 0.7412 179 135 253 364
person 0.6922 205 142 279 356
person 0.4641 257 135 326 367
person 0.0226 287 183 377 309
person 0.0158 261 163 297 341
person 0.0150 218 144 253 192
person 0.0063 221 137 260 308
person 0.0061 262 128 302 178
person 0.0056 211 131 442 360
person 0.0051 163 117 205 185
person 0.0042 251 133 309 286
person 0.0040 277 201 357 342
person 0.0031 256 147 303 241
person 0.0027 146 193 181 339
person 0.0026 135 140 195 297
person 0.0024 475 239 499 351
person 0.0023 266 132 294 167
person 0.0023 210 146 236 182
person 0.0021 182 127 215 203
person 0.0019 292 121 377 238
person 0.0017 202 141 242 275
person 0.0017 226 139 251 170
person 0.0017 188 175 216 330
person 0.0016 185 129 212 260
person 0.0014 189 146 210 184
person 0.0014 207 143 242 218
person 0.0013 474 213 504 319
person 0.0013 264 125 293 154
person 0.0012 244 149 272 179
person 0.0012 189 161 211 195
person 0.0011 148 123 212 265
person 0.0011 237 140 278 192
person 0.0010 245 197 275 306
train 0.0093 28 47 145 329
train 0.0025 -18 33 210 342
tvmonitor 0.0059 426 144 478 191
tvmonitor 0.0023 393 123 489 200
