boat 0.0529 82 160 262 210
boat 0.0191 1 160 92 228
boat 0.0145 63 182 113 201
boat 0.0116 46 181 89 202
boat 0.0094 -3 170 137 216
boat 0.0059 423 170 479 187
boat 0.0059 122 94 376 222
boat 0.0056 154 185 212 201
boat 0.0051 218 155 359 215
boat 0.0050 125 174 316 215
boat 0.0046 265 156 392 207
boat 0.0043 412 170 457 187
boat 0.0041 140 183 186 202
boat 0.0040 44 181 149 245
boat 0.0040 28 181 71 203
boat 0.0037 -10 161 68 256
boat 0.0036 307 135 427 191
boat 0.0034 41 154 149 221
boat 0.0033 265 131 390 194
boat 0.0033 21 167 80 218
boat 0.0033 146 129 274 194
boat 0.0032 0 165 48 221
boat 0.0032 366 172 419 188
boat 0.0031 6 127 108 193
boat 0.0030 351 170 398 188
boat 0.0030 8 180 42 205
boat 0.0029 58 174 117 208
boat 0.0029 0 183 114 239
boat 0.0029 67 139 277 230
boat 0.0026 97 183 153 201
boat 0.0026 29 171 70 192
boat 0.0025 37 174 98 209
boat 0.0025 23 129 74 200
boat 0.0024 338 170 375 191
boat 0.0024 117 183 168 202
boat 0.0024 44 172 85 191
boat 0.0024 62 169 186 216
boat 0.0024 63 172 111 191
boat 0.0022 114 152 211 209
boat 0.0021 0 158 28 260
boat 0.0020 331 157 472 211
boat 0.0018 382 172 445 187
boat 0.0018 106 182 255 235
boat 0.0016 76 173 134 191
boat 0.0016 3 199 44 273
boat 0.0016 148 176 218 209
boat 0.0016 76 128 191 192
boat 0.0015 6 172 46 193
boat 0.0014 174 126 402 244
boat 0.0014 227 127 351 196
boat 0.0013 147 161 213 200
boat 0.0013 130 173 196 212
boat 0.0013 64 70 435 246
boat 0.0013 79 179 191 248
boat 0.0012 238 157 280 178
boat 0.0011 71 163 138 201
boat 0.0011 156 169 206 192
boat 0.0011 111 173 172 211
boat 0.0010 10 117 180 253
boat 0.0010 193 184 248 201
boat 0.0010 240 168 280 189
boat 0.0010 117 170 168 191
boat 0.0010 41 137 228 290
car 0.0013 0 221 28 280
cow 0.0042 265 264 324 329
dog 0.4836 264 256 366 351
dog 0.0039 287 273 347 342
dog 0.0025 227 269 337 345
dog 0.0020 255 261 376 305
dog 0.0014 243 219 388 342
dog 0.0014 244 246 347 319
dog 0.0010 268 272 324 346
horse 0.2415 240 263 360 353
person 0.0027 0 168 28 278
