bird 0.2281 82 123 263 242
bird 0.0769 23 69 253 257
bird 0.0539 115 126 231 208
bird 0.0030 157 132 260 234
bird 0.0015 39 150 234 226
bird 0.0013 207 109 244 162
boat 0.0019 -9 32 127 218
chair 0.0010 447 5 501 152
chair 0.0010 451 66 499 148
cow 0.1489 277 182 359 240
sheep 0.4767 279 185 363 244
sheep 0.0058 301 182 423 245
sheep 0.0053 273 161 458 329
sheep 0.0035 270 186 330 231
sheep 0.0034 257 155 392 274
sheep 0.0032 310 105 498 272
sheep 0.0022 206 121 524 369
sheep 0.0020 271 204 383 275
sheep 0.0020 353 171 454 258
sheep 0.0019 311 204 418 284
sheep 0.0012 394 142 494 235
sheep 0.0011 327 187 380 234
sheep 0.0010 377 68 511 249
