person 0.0014 463 260 485 296
person 0.0011 458 249 492 302
train 0.0502 51 179 448 359
train 0.0411 23 248 311 333
train 0.0243 58 258 228 321
train 0.0101 134 203 364 334
train 0.0084 384 247 500 291
train 0.0083 -8 126 431 309
train 0.0073 232 221 492 318
train 0.0065 47 241 219 298
train 0.0041 342 245 466 294
train 0.0031 246 260 422 316
train 0.0028 228 267 348 320
train 0.0028 36 199 309 292
train 0.0028 158 195 418 292
train 0.0025 281 243 450 306
train 0.0024 -6 226 352 363
train 0.0024 154 119 345 265
train 0.0021 49 221 215 272
train 0.0018 178 217 322 278
train 0.0015 0 225 115 268
train 0.0015 147 259 295 318
train 0.0014 365 226 501 303
train 0.0013 189 238 308 308
train 0.0013 -6 226 206 322
train 0.0011 24 267 188 334
train 0.0011 182 235 394 349
