cat 0.0339 8 -6 337 158
cat 0.0014 77 13 269 138
person 0.0131 1 -10 267 163
person 0.0055 19 12 159 143
person 0.0048 173 47 253 159
person 0.0035 188 56 252 121
person 0.0029 200 44 234 114
person 0.0029 430 17 530 134
person 0.0015 476 52 499 120
person 0.0013 0 3 23 71
person 0.0013 90 37 256 143
person 0.0011 199 64 239 136
train 0.1310 145 20 508 159
train 0.0192 37 -7 386 159
train 0.0045 211 22 369 129
train 0.0032 174 43 327 163
train 0.0029 225 58 425 148
train 0.0029 98 44 401 189
train 0.0017 -22 28 291 178
train 0.0011 158 21 272 132
train 0.0011 8 56 180 150
train 0.0010 362 40 526 137
tvmonitor 0.0032 174 33 269 144
tvmonitor 0.0019 4 28 178 152
