bird 0.0273 -2 27 347 347
bird 0.0134 215 88 286 230
bird 0.0026 188 26 308 237
bird 0.0013 46 58 222 317
bottle 0.0017 320 339 348 373
bottle 0.0017 311 331 355 376
bottle 0.0016 271 331 318 374
bottle 0.0014 222 308 257 370
bottle 0.0014 293 335 344 372
cat 0.0042 361 199 458 292
chair 0.0106 26 -4 180 147
chair 0.0055 70 -11 135 141
chair 0.0054 360 169 507 323
chair 0.0044 47 1 129 100
chair 0.0044 86 12 165 131
chair 0.0034 382 198 497 294
chair 0.0022 474 168 500 306
chair 0.0022 396 230 500 310
chair 0.0019 79 0 186 88
chair 0.0019 74 1 270 152
chair 0.0010 211 244 442 362
chair 0.0010 264 264 389 344
person 0.0128 -22 1 292 315
person 0.0059 92 65 483 367
person 0.0055 375 62 501 308
person 0.0054 -2 153 21 293
person 0.0043 335 162 480 330
person 0.0028 473 114 500 273
person 0.0025 194 76 303 290
person 0.0021 429 89 514 343
person 0.0018 0 247 21 371
person 0.0016 0 82 21 219
person 0.0013 471 57 499 215
person 0.0012 203 55 361 263
person 0.0012 471 -1 500 72
person 0.0011 475 184 501 319
person 0.0010 473 11 499 146
person 0.0010 308 217 498 383
person 0.0010 477 1 498 38
person 0.0010 442 185 498 301
pottedplant 0.0147 113 289 221 378
pottedplant 0.0143 431 8 513 253
pottedplant 0.0086 72 274 270 380
pottedplant 0.0060 152 298 264 366
pottedplant 0.0059 86 288 180 375
pottedplant 0.0031 446 61 505 199
pottedplant 0.0024 163 308 205 371
pottedplant 0.0021 475 77 499 225
pottedplant 0.0021 371 23 507 236
pottedplant 0.0016 157 322 264 383
pottedplant 0.0014 177 306 223 373
pottedplant 0.0011 79 324 187 385
sofa 0.0027 189 164 540 382
sofa 0.0022 246 195 481 349
tvmonitor 0.0030 321 37 486 224
