car 0.1573 78 -18 497 271
motorbike 0.6125 -28 44 452 297
motorbike 0.0127 149 51 351 246
motorbike 0.0057 85 154 337 280
motorbike 0.0049 136 107 516 279
motorbike 0.0032 53 90 214 254
motorbike 0.0023 -5 126 353 306
motorbike 0.0016 149 7 503 244
motorbike 0.0014 221 133 433 255
motorbike 0.0011 172 165 401 267
person 0.4973 34 6 465 246
person 0.0249 100 18 325 231
person 0.0056 130 9 292 151
person 0.0022 191 37 386 212
person 0.0015 163 -3 254 70
person 0.0013 182 12 255 93
person 0.0012 62 60 210 237
person 0.0012 186 96 312 156
person 0.0011 238 95 336 157
tvmonitor 0.0037 390 67 473 150
