chair 0.0072 338 180 467 363
chair 0.0028 324 173 386 301
chair 0.0026 301 329 505 376
chair 0.0023 77 226 271 368
chair 0.0022 314 304 475 371
chair 0.0017 259 237 471 366
chair 0.0015 104 215 183 346
chair 0.0013 10 220 166 374
chair 0.0010 344 259 460 359
chair 0.0010 320 226 415 317
chair 0.0010 166 252 268 355
diningtable 0.0033 273 329 456 375
person 0.9593 156 91 264 349
person 0.9561 -5 80 139 353
person 0.9307 356 80 467 353
person 0.6201 374 285 517 376
person 0.1509 13 155 111 384
person 0.0376 -11 78 70 355
person 0.0306 286 74 521 359
person 0.0277 313 228 483 374
person 0.0174 99 88 323 345
person 0.0158 191 105 295 380
person 0.0144 471 209 500 381
person 0.0135 311 58 432 314
person 0.0123 4 44 131 228
person 0.0118 433 280 502 386
person 0.0094 168 148 254 287
person 0.0083 372 71 493 258
person 0.0073 364 161 506 376
person 0.0065 -5 70 274 363
person 0.0065 351 155 465 276
person 0.0053 441 305 499 365
person 0.0052 477 297 500 377
person 0.0035 60 108 210 328
person 0.0032 4 161 124 272
person 0.0031 219 108 355 323
person 0.0027 477 143 500 301
person 0.0023 0 144 22 300
person 0.0017 425 125 514 361
person 0.0016 478 113 501 245
person 0.0015 373 82 454 188
person 0.0015 326 325 499 373
person 0.0013 -1 233 28 358
person 0.0013 368 128 455 243
person 0.0012 405 302 462 371
person 0.0012 399 265 495 359
pottedplant 0.0137 318 171 361 219
pottedplant 0.0100 324 177 353 209
pottedplant 0.0038 326 166 353 197
pottedplant 0.0032 199 0 246 18
pottedplant 0.0030 198 -4 243 43
pottedplant 0.0022 216 0 260 17
pottedplant 0.0021 322 155 360 206
pottedplant 0.0011 336 178 366 208
pottedplant 0.0010 205 2 236 34
tvmonitor 0.0060 22 0 188 38
tvmonitor 0.0015 2 -9 170 24
