bottle 0.0033 72 95 98 121
bottle 0.0013 262 156 291 233
bottle 0.0010 167 149 203 239
chair 0.0311 5 168 96 252
chair 0.0238 26 121 144 209
chair 0.0056 2 115 116 263
chair 0.0053 0 209 23 298
chair 0.0050 -1 190 47 255
chair 0.0044 1 235 20 272
chair 0.0041 79 142 193 231
chair 0.0038 147 111 219 217
chair 0.0035 3 103 44 230
chair 0.0035 -1 122 27 237
chair 0.0032 0 127 60 251
chair 0.0030 155 113 204 189
chair 0.0029 424 109 472 160
chair 0.0027 60 107 201 252
chair 0.0023 88 179 185 249
chair 0.0023 20 110 95 214
chair 0.0019 -10 79 64 294
chair 0.0017 51 98 84 119
chair 0.0015 89 122 187 203
chair 0.0014 474 185 499 287
chair 0.0013 101 199 181 300
chair 0.0013 431 111 464 137
chair 0.0013 324 56 399 148
chair 0.0013 33 197 96 248
chair 0.0012 291 212 341 258
chair 0.0012 2 207 108 270
chair 0.0012 70 107 100 132
chair 0.0010 146 105 189 172
diningtable 0.1812 36 182 461 363
diningtable 0.0483 70 238 349 366
diningtable 0.0384 21 244 478 417
diningtable 0.0094 365 203 513 338
diningtable 0.0076 44 118 149 203
diningtable 0.0066 189 239 465 367
diningtable 0.0054 11 92 182 226
diningtable 0.0043 125 165 374 323
diningtable 0.0032 -69 196 339 407
diningtable 0.0031 256 124 475 251
diningtable 0.0014 124 261 291 343
diningtable 0.0013 183 293 318 363
diningtable 0.0013 95 236 250 314
diningtable 0.0012 300 152 429 229
diningtable 0.0011 126 209 295 282
diningtable 0.0011 99 293 247 363
person 0.8701 150 111 337 251
person 0.0437 -5 39 62 282
person 0.0230 42 110 456 264
person 0.0207 190 124 304 236
person 0.0043 1 245 18 283
person 0.0030 166 97 267 222
person 0.0025 5 71 109 246
person 0.0022 0 213 23 347
person 0.0014 0 229 20 298
person 0.0013 101 97 240 230
person 0.0013 475 190 499 312
person 0.0010 126 98 157 121
pottedplant 0.4119 409 144 497 245
pottedplant 0.1897 404 112 492 205
pottedplant 0.0939 442 162 498 229
pottedplant 0.0384 471 139 501 249
pottedplant 0.0315 430 153 478 238
pottedplant 0.0163 289 133 518 240
pottedplant 0.0152 472 134 502 197
pottedplant 0.0136 344 146 465 223
pottedplant 0.0125 356 122 450 192
pottedplant 0.0101 392 153 436 208
pottedplant 0.0097 405 143 457 218
pottedplant 0.0087 424 176 509 241
pottedplant 0.0039 475 181 498 264
pottedplant 0.0038 430 124 473 209
pottedplant 0.0034 451 181 490 210
pottedplant 0.0027 389 110 475 165
pottedplant 0.0027 450 136 497 195
pottedplant 0.0023 402 123 463 175
pottedplant 0.0021 456 137 518 252
pottedplant 0.0019 397 164 429 196
pottedplant 0.0018 401 134 426 165
pottedplant 0.0016 478 185 498 229
pottedplant 0.0016 478 172 499 213
pottedplant 0.0014 377 147 511 283
pottedplant 0.0013 435 179 468 211
pottedplant 0.0013 393 176 432 239
pottedplant 0.0012 33 80 58 111
pottedplant 0.0011 430 195 472 224
pottedplant 0.0011 385 167 479 251
pottedplant 0.0010 476 158 500 200
pottedplant 0.0010 31 95 64 118
tvmonitor 0.0114 243 104 342 165
tvmonitor 0.0074 154 106 199 169
tvmonitor 0.0025 8 29 87 130
