boat 0.0122 -15 77 143 231
boat 0.0027 -1 120 118 198
boat 0.0011 -1 116 64 213
boat 0.0010 -1 119 25 211
car 0.0060 0 112 50 164
car 0.0041 0 88 24 186
car 0.0034 0 119 21 156
car 0.0012 9 123 43 154
cow 0.2111 398 38 474 152
person 0.9402 157 55 269 259
person 0.0224 173 82 306 295
person 0.0190 397 39 481 122
person 0.0079 156 115 177 157
person 0.0026 381 53 446 143
person 0.0019 402 23 433 105
person 0.0018 163 102 193 169
person 0.0016 406 30 457 98
person 0.0016 80 53 342 264
person 0.0014 167 117 189 158
person 0.0011 170 68 270 179
person 0.0010 168 106 190 143
sheep 0.7088 220 170 369 328
sheep 0.5640 394 139 506 346
sheep 0.1743 391 142 496 229
sheep 0.0588 243 190 344 306
sheep 0.0263 433 179 504 314
sheep 0.0263 307 174 365 219
sheep 0.0179 389 148 437 209
sheep 0.0070 404 50 460 139
sheep 0.0068 339 240 378 291
sheep 0.0055 398 85 480 170
sheep 0.0054 407 140 451 161
sheep 0.0044 356 143 451 229
sheep 0.0041 387 138 478 196
sheep 0.0038 176 137 335 307
sheep 0.0036 428 149 512 239
sheep 0.0035 367 96 510 228
sheep 0.0034 293 174 345 216
sheep 0.0033 314 167 494 321
sheep 0.0031 446 141 499 193
sheep 0.0029 274 175 370 251
sheep 0.0029 396 122 550 267
sheep 0.0028 345 247 372 281
sheep 0.0027 154 141 423 349
sheep 0.0025 329 184 372 234
sheep 0.0023 316 180 356 210
sheep 0.0021 326 115 483 269
sheep 0.0019 357 199 451 289
sheep 0.0019 400 136 457 170
sheep 0.0018 379 154 413 179
sheep 0.0018 365 109 419 165
sheep 0.0018 301 182 336 207
sheep 0.0014 416 135 520 200
sheep 0.0014 334 183 370 209
sheep 0.0012 388 126 513 181
sheep 0.0012 299 176 406 245
sheep 0.0012 470 156 502 260
sheep 0.0012 228 165 366 225
sheep 0.0011 341 240 374 268
sheep 0.0011 215 189 298 305
sheep 0.0011 433 141 470 163
sheep 0.0011 298 184 375 292
sheep 0.0011 272 217 375 319
sheep 0.0010 403 169 500 278
sheep 0.0010 334 186 372 290
train 0.0063 -1 87 192 223
train 0.0032 16 99 155 174
