bottle 0.0657 114 85 144 132
cat 0.6439 32 25 467 272
cat 0.0260 126 114 451 234
cat 0.0165 39 121 304 227
cat 0.0115 18 139 154 215
cat 0.0073 10 131 412 256
cat 0.0049 80 163 193 219
cat 0.0021 129 52 371 199
cat 0.0018 258 128 460 256
cat 0.0010 57 145 207 209
person 0.2070 3 11 59 137
person 0.0778 31 -4 63 131
person 0.0361 477 58 500 181
person 0.0307 29 16 157 139
person 0.0289 -1 19 24 128
person 0.0201 17 6 79 112
person 0.0148 121 12 155 135
person 0.0066 374 57 504 241
person 0.0057 92 28 163 130
person 0.0048 26 4 59 53
person 0.0042 54 17 136 101
person 0.0024 128 23 157 80
person 0.0019 26 24 105 125
person 0.0011 63 0 202 121
person 0.0011 44 34 81 115
person 0.0010 478 22 501 126
person 0.0010 4 6 52 50
