bottle 0.0021 481 131 499 173
car 0.8857 100 146 399 343
car 0.0130 341 166 408 279
car 0.0054 365 185 416 258
car 0.0050 305 135 411 307
car 0.0039 337 162 412 227
car 0.0028 311 158 359 176
car 0.0023 234 163 415 323
car 0.0023 144 137 274 185
car 0.0020 88 144 262 298
car 0.0017 140 163 280 217
car 0.0015 170 201 327 286
car 0.0012 305 154 336 175
car 0.0010 273 204 381 284
person 0.0104 263 178 292 214
person 0.0076 240 175 279 217
person 0.0070 0 320 24 380
person 0.0058 422 139 445 170
person 0.0045 246 192 271 223
person 0.0033 0 278 26 372
person 0.0030 -1 238 22 351
person 0.0027 261 193 296 219
person 0.0025 437 141 464 168
person 0.0024 283 178 310 210
person 0.0022 2 301 45 376
person 0.0022 -2 139 19 249
person 0.0021 399 150 425 179
person 0.0016 463 145 483 185
person 0.0014 0 160 22 313
person 0.0014 -6 194 60 299
person 0.0012 -23 211 70 396
person 0.0011 183 159 220 232
pottedplant 0.0735 69 217 98 288
pottedplant 0.0146 -4 207 100 299
pottedplant 0.0056 72 231 95 276
pottedplant 0.0043 476 151 500 183
pottedplant 0.0040 16 220 87 328
pottedplant 0.0033 53 183 121 294
pottedplant 0.0030 22 238 72 296
pottedplant 0.0026 -2 202 59 331
pottedplant 0.0022 71 219 95 258
pottedplant 0.0017 472 139 502 190
pottedplant 0.0017 46 223 94 283
pottedplant 0.0014 31 252 63 281
pottedplant 0.0012 0 190 108 357
pottedplant 0.0012 53 252 85 278
