car 0.5771 -1 76 64 189
car 0.1053 208 75 442 357
car 0.0769 -21 48 72 216
car 0.0284 1 118 56 211
car 0.0161 226 74 415 247
car 0.0083 284 85 442 293
car 0.0039 10 107 82 202
car 0.0033 0 59 23 156
car 0.0026 -177 -4 214 265
car 0.0024 476 150 499 182
car 0.0021 1 62 22 98
car 0.0018 1 117 18 154
car 0.0018 85 150 259 332
car 0.0017 31 134 68 193
car 0.0015 450 130 498 198
car 0.0015 0 74 21 114
car 0.0014 5 64 94 145
car 0.0013 -1 45 28 118
car 0.0011 12 80 37 108
car 0.0011 455 152 493 176
car 0.0010 473 132 500 199
car 0.0010 -1 117 25 210
person 0.5653 208 69 371 361
person 0.1184 1 92 52 209
person 0.0688 86 17 413 359
person 0.0496 422 94 455 151
person 0.0249 431 80 462 164
person 0.0108 237 211 275 380
person 0.0048 7 70 48 150
person 0.0042 195 62 319 259
person 0.0034 211 206 365 391
person 0.0027 424 93 449 128
person 0.0023 91 142 121 167
person 0.0019 0 96 28 204
person 0.0016 435 91 460 127
person 0.0014 223 221 290 325
person 0.0013 225 140 351 230
person 0.0013 223 171 345 264
pottedplant 0.0031 479 176 500 212
pottedplant 0.0028 477 159 501 226
train 0.0324 40 70 382 361
train 0.0012 79 123 263 311
