bird 0.0010 133 57 194 108
cat 0.0025 16 5 330 273
cat 0.0023 46 48 223 233
person 0.8869 281 122 383 313
person 0.7432 396 89 475 302
person 0.6183 294 84 432 304
person 0.5671 365 76 450 253
person 0.2736 260 145 294 270
person 0.0224 424 110 483 230
person 0.0144 405 128 471 254
person 0.0075 248 183 393 336
person 0.0060 246 139 339 297
person 0.0043 368 63 408 104
person 0.0041 288 156 364 276
person 0.0041 332 76 369 141
person 0.0033 419 128 516 303
person 0.0030 331 153 485 321
person 0.0028 322 85 360 132
person 0.0028 356 72 430 168
person 0.0022 271 85 390 248
person 0.0019 412 146 447 271
person 0.0018 429 98 464 146
person 0.0016 374 149 442 279
person 0.0016 201 115 451 316
person 0.0016 432 145 470 273
person 0.0015 398 97 472 182
person 0.0014 479 148 503 270
person 0.0014 473 135 499 231
person 0.0013 246 159 281 258
person 0.0013 299 167 420 263
person 0.0011 450 135 491 257
person 0.0011 322 135 402 250
