bottle 0.0146 449 263 490 358
bottle 0.0105 441 277 467 344
bottle 0.0018 307 187 363 231
bottle 0.0016 474 255 500 363
bottle 0.0015 0 300 29 376
bottle 0.0015 0 212 22 349
cat 0.0474 269 130 364 229
chair 0.0107 435 65 510 310
chair 0.0100 10 65 114 307
chair 0.0075 471 117 500 273
chair 0.0055 440 92 503 226
chair 0.0029 455 115 496 244
chair 0.0018 446 140 500 279
chair 0.0017 472 71 500 200
chair 0.0016 81 157 343 333
chair 0.0013 108 17 312 138
dog 0.0503 287 144 375 221
dog 0.0017 271 108 403 265
dog 0.0013 291 172 380 243
person 0.5985 71 44 351 329
person 0.0747 333 61 463 370
person 0.0341 116 74 378 239
person 0.0316 246 22 482 352
person 0.0301 6 77 106 360
person 0.0261 359 57 459 128
person 0.0144 437 46 510 267
person 0.0118 433 158 509 388
person 0.0048 391 68 496 305
person 0.0045 282 60 448 255
person 0.0023 78 23 496 236
person 0.0022 19 108 171 328
person 0.0020 441 70 503 185
person 0.0018 321 66 424 131
person 0.0012 458 196 494 336
person 0.0011 -18 121 68 370
person 0.0010 -6 29 113 235
person 0.0010 283 122 368 208
sofa 0.0706 56 70 519 361
sofa 0.0072 124 190 375 350
sofa 0.0035 108 30 316 172
tvmonitor 0.0069 454 186 496 316
tvmonitor 0.0059 470 41 501 147
tvmonitor 0.0056 468 167 502 278
tvmonitor 0.0022 455 248 489 346
tvmonitor 0.0020 443 255 497 366
tvmonitor 0.0013 475 238 499 354
