bottle 0.0017 254 143 274 190
bottle 0.0013 243 143 260 191
chair 0.0149 250 94 318 211
chair 0.0080 219 81 293 201
chair 0.0079 198 76 267 200
chair 0.0023 272 81 331 197
chair 0.0022 217 81 259 156
chair 0.0016 266 83 306 166
chair 0.0015 303 88 320 162
chair 0.0014 209 105 254 170
chair 0.0013 230 88 279 159
chair 0.0010 257 123 313 184
chair 0.0010 276 92 325 151
horse 0.5024 28 46 194 197
horse 0.0784 60 8 257 203
horse 0.0058 92 52 225 190
horse 0.0022 48 63 133 179
person 0.4315 87 34 175 117
person 0.0217 110 39 201 139
person 0.0182 100 33 163 85
person 0.0110 51 50 80 104
person 0.0103 107 30 133 73
person 0.0077 134 55 189 117
person 0.0077 126 44 180 102
person 0.0065 88 34 139 83
person 0.0034 60 17 258 163
person 0.0026 19 49 101 163
person 0.0019 96 25 140 113
person 0.0018 56 48 115 99
person 0.0017 122 14 294 197
person 0.0016 154 50 180 119
person 0.0016 41 40 131 143
person 0.0016 125 32 190 83
person 0.0015 104 21 211 98
person 0.0014 254 33 309 180
person 0.0013 57 62 110 116
person 0.0013 71 19 157 103
pottedplant 0.0065 305 168 321 215
pottedplant 0.0018 0 117 13 167
pottedplant 0.0015 305 82 321 120
