bottle 0.0032 400 98 433 177
bottle 0.0029 412 95 450 177
bottle 0.0010 320 244 358 268
bus 0.0013 144 13 284 188
car 0.4664 -3 79 203 302
car 0.0121 322 251 353 274
car 0.0110 -13 135 128 351
car 0.0047 -3 207 51 268
car 0.0043 0 164 32 282
car 0.0015 32 168 161 264
car 0.0014 1 25 190 179
car 0.0011 37 88 151 164
car 0.0010 -2 201 64 302
chair 0.0270 478 59 501 185
chair 0.0026 473 96 499 201
chair 0.0026 385 25 506 232
chair 0.0014 452 52 494 165
chair 0.0013 481 98 500 146
chair 0.0012 451 59 529 158
person 0.0026 175 217 191 258
person 0.0023 66 37 112 87
person 0.0017 208 105 232 140
person 0.0013 74 46 101 84
person 0.0011 170 209 194 266
person 0.0011 33 52 63 76
person 0.0010 3 23 48 79
person 0.0010 56 49 75 84
person 0.0010 88 66 122 87
pottedplant 0.0034 325 48 400 154
pottedplant 0.0030 351 145 402 188
pottedplant 0.0029 359 153 392 182
pottedplant 0.0026 293 14 435 194
pottedplant 0.0021 298 50 363 152
pottedplant 0.0020 391 37 428 94
pottedplant 0.0019 374 153 409 182
pottedplant 0.0015 317 87 407 175
pottedplant 0.0013 356 163 392 191
pottedplant 0.0013 331 -1 379 44
pottedplant 0.0012 316 126 416 195
pottedplant 0.0011 254 138 305 191
train 0.0180 44 97 200 335
train 0.0113 3 60 264 372
train 0.0052 220 27 352 226
train 0.0040 137 3 439 313
train 0.0019 259 16 396 242
train 0.0013 244 83 326 179
tvmonitor 0.0011 185 9 256 119
