bicycle 0.0448 304 -1 373 113
bicycle 0.0016 335 16 366 97
car 0.0145 300 3 371 83
chair 0.6838 116 132 216 293
chair 0.4337 192 128 303 310
chair 0.2412 273 133 365 295
chair 0.1710 225 140 339 289
chair 0.0517 296 143 373 252
chair 0.0426 213 196 291 298
chair 0.0424 332 133 368 210
chair 0.0358 278 145 325 201
chair 0.0274 284 125 357 217
chair 0.0205 123 139 213 208
chair 0.0182 201 139 282 240
chair 0.0120 254 162 330 272
chair 0.0100 257 140 337 207
chair 0.0097 163 124 261 207
chair 0.0091 317 131 363 236
chair 0.0087 323 131 361 191
chair 0.0079 133 191 205 293
chair 0.0052 109 143 184 238
chair 0.0046 94 175 187 257
chair 0.0043 299 113 417 268
chair 0.0032 166 204 266 281
chair 0.0030 288 130 338 192
chair 0.0028 143 128 224 193
chair 0.0023 139 114 288 232
chair 0.0022 115 182 310 293
chair 0.0022 169 149 258 237
chair 0.0018 180 114 262 154
chair 0.0017 160 145 210 226
chair 0.0016 202 143 308 202
chair 0.0014 325 125 397 205
chair 0.0011 286 172 344 250
chair 0.0010 192 122 248 167
diningtable 0.2324 126 140 313 296
diningtable 0.0101 229 128 342 266
diningtable 0.0015 109 105 389 279
motorbike 0.0024 302 -3 371 94
person 0.0067 317 -3 357 42
person 0.0020 335 -4 367 44
person 0.0019 0 239 20 335
person 0.0017 318 1 357 88
person 0.0015 307 2 332 33
person 0.0011 334 0 368 92
tvmonitor 0.0204 194 116 255 150
tvmonitor 0.0114 428 0 472 63
tvmonitor 0.0011 211 124 261 142
