bottle 0.0021 247 193 285 288
car 0.0081 2 -1 71 134
chair 0.0092 198 275 360 435
chair 0.0047 203 309 284 428
chair 0.0037 178 232 313 425
chair 0.0029 182 271 256 383
chair 0.0023 -2 1 93 99
chair 0.0017 156 264 282 460
chair 0.0015 225 313 330 417
chair 0.0013 203 261 291 399
chair 0.0013 238 2 373 101
chair 0.0012 218 353 333 446
diningtable 0.0061 39 109 396 463
person 0.8673 189 59 362 440
person 0.1307 230 210 369 433
person 0.0936 15 34 188 464
person 0.0413 -5 66 149 362
person 0.0167 91 115 403 458
person 0.0036 112 13 381 334
person 0.0027 0 243 16 428
person 0.0025 276 81 382 342
person 0.0019 -10 202 101 441
person 0.0012 -25 -9 287 356
person 0.0012 9 -9 135 279
person 0.0010 147 69 289 352
person 0.0010 0 199 18 357
person 0.0010 -16 102 54 399
sofa 0.0044 213 -6 396 134
