bottle 0.0019 476 85 498 157
car 0.0221 49 11 372 307
car 0.0031 68 75 281 239
car 0.0025 480 99 497 145
car 0.0010 95 125 253 188
chair 0.0027 206 225 368 372
motorbike 0.1138 0 52 346 380
motorbike 0.0044 29 -5 469 265
motorbike 0.0022 70 105 278 326
person 0.0120 52 -3 446 379
pottedplant 0.0327 323 -1 478 151
pottedplant 0.0246 362 9 463 63
pottedplant 0.0144 377 22 488 77
pottedplant 0.0131 196 35 301 115
pottedplant 0.0128 355 22 454 123
pottedplant 0.0097 123 11 224 76
pottedplant 0.0088 394 23 490 124
pottedplant 0.0077 0 11 109 194
pottedplant 0.0070 22 0 166 201
pottedplant 0.0058 197 2 280 69
pottedplant 0.0053 17 47 96 156
pottedplant 0.0050 369 -16 512 116
pottedplant 0.0045 79 37 187 101
pottedplant 0.0035 217 68 268 121
pottedplant 0.0034 114 37 228 107
pottedplant 0.0032 164 8 328 139
pottedplant 0.0031 159 9 262 79
pottedplant 0.0031 369 29 426 69
pottedplant 0.0027 13 25 101 116
pottedplant 0.0025 9 88 86 187
pottedplant 0.0024 244 33 334 112
pottedplant 0.0023 229 81 286 130
pottedplant 0.0022 45 27 144 116
pottedplant 0.0021 214 5 304 97
pottedplant 0.0021 285 36 312 60
pottedplant 0.0017 94 5 181 85
pottedplant 0.0016 314 37 416 116
pottedplant 0.0015 157 38 267 109
pottedplant 0.0015 393 -18 490 53
pottedplant 0.0015 433 34 526 112
pottedplant 0.0014 215 23 261 108
pottedplant 0.0013 477 23 501 135
pottedplant 0.0013 232 10 286 61
pottedplant 0.0012 201 64 301 138
pottedplant 0.0012 375 37 415 64
pottedplant 0.0011 76 6 269 137
pottedplant 0.0010 48 -23 451 225
train 0.1541 35 -4 310 381
train 0.0062 72 63 276 312
