bus 0.0513 384 99 483 279
bus 0.0059 364 133 465 249
bus 0.0019 451 159 484 231
car 0.3175 382 154 477 236
car 0.0177 323 130 484 292
car 0.0044 449 176 484 243
car 0.0022 354 169 465 267
car 0.0019 400 180 466 236
car 0.0012 455 192 481 230
car 0.0011 387 211 492 273
person 0.1589 99 101 146 146
person 0.0932 170 130 261 243
person 0.0437 121 132 305 250
person 0.0377 205 110 245 168
person 0.0222 114 99 165 145
person 0.0186 91 107 124 139
person 0.0085 107 118 141 147
person 0.0076 185 114 249 188
person 0.0066 150 109 173 140
person 0.0047 217 114 252 189
person 0.0042 105 115 146 192
person 0.0040 86 100 163 207
person 0.0033 128 119 158 148
person 0.0031 478 61 499 212
person 0.0030 479 10 500 148
person 0.0028 198 141 300 238
person 0.0028 149 123 176 149
person 0.0027 84 111 130 157
person 0.0024 92 97 121 125
person 0.0024 87 120 123 147
person 0.0023 211 116 238 156
person 0.0019 112 150 138 182
person 0.0018 473 136 502 254
person 0.0018 215 145 260 243
person 0.0016 461 134 479 174
person 0.0014 119 116 163 189
person 0.0012 440 207 463 237
person 0.0012 96 79 189 141
person 0.0011 142 103 180 145
person 0.0010 459 112 484 193
person 0.0010 383 135 407 171
person 0.0010 85 89 130 134
pottedplant 0.0024 476 17 499 170
pottedplant 0.0011 451 74 490 171
train 0.4561 47 85 197 242
train 0.1364 -19 88 519 287
train 0.0646 253 128 473 257
train 0.0429 170 111 409 259
train 0.0131 274 129 361 229
train 0.0096 -7 58 277 259
train 0.0037 -7 73 144 240
train 0.0018 138 135 362 297
train 0.0017 227 144 346 237
train 0.0015 265 176 386 251
train 0.0015 209 111 519 321
train 0.0012 14 111 111 206
train 0.0010 73 94 186 159
tvmonitor 0.0108 82 127 202 233
