car 0.7358 67 19 433 344
car 0.4175 24 161 474 400
car 0.0107 145 20 357 277
car 0.0102 68 196 353 366
car 0.0050 113 116 390 307
car 0.0017 421 72 474 174
car 0.0013 166 51 562 378
car 0.0011 137 1 361 156
person 0.0048 416 63 486 216
person 0.0033 216 -1 259 19
person 0.0031 195 46 248 99
person 0.0025 180 32 300 114
person 0.0022 142 29 260 120
person 0.0015 151 -10 268 44
person 0.0011 195 -10 303 46
person 0.0011 179 41 224 108
person 0.0011 213 43 266 102
person 0.0010 438 56 464 97
tvmonitor 0.0060 267 19 387 88
tvmonitor 0.0060 428 62 469 122
tvmonitor 0.0030 228 10 349 93
tvmonitor 0.0021 176 16 399 148
tvmonitor 0.0021 306 13 407 106
tvmonitor 0.0013 231 -8 343 47
tvmonitor 0.0011 57 180 118 227
tvmonitor 0.0011 138 26 227 126
