bottle 0.0084 122 160 158 228
bottle 0.0072 111 149 144 212
bottle 0.0044 116 160 137 199
bottle 0.0034 260 134 293 197
bottle 0.0033 92 157 128 234
bottle 0.0032 40 191 96 230
bottle 0.0017 323 149 353 209
bottle 0.0013 117 121 163 212
bottle 0.0010 127 163 158 195
cat 0.6442 207 174 354 361
cat 0.0178 75 148 179 219
cat 0.0096 176 118 399 373
cat 0.0043 3 120 195 244
cat 0.0031 38 176 154 243
cat 0.0019 231 185 332 301
cat 0.0017 188 217 323 328
cat 0.0011 174 131 334 310
cat 0.0011 115 158 227 216
chair 0.0095 6 38 124 217
chair 0.0086 19 81 114 177
chair 0.0064 75 -6 196 211
chair 0.0050 99 78 181 183
chair 0.0036 355 228 513 364
chair 0.0034 25 65 161 257
chair 0.0031 148 110 178 190
chair 0.0019 113 114 169 187
chair 0.0010 -12 102 128 328
dog 0.0016 81 159 168 228
person 0.0037 -1 257 20 390
person 0.0024 371 200 500 357
tvmonitor 0.0112 145 20 189 79
tvmonitor 0.0026 268 0 329 15
tvmonitor 0.0016 284 -5 427 47
tvmonitor 0.0013 365 -7 424 49
