bottle 0.3531 281 247 349 374
bottle 0.2174 297 201 332 303
bottle 0.0499 4 220 42 289
bottle 0.0319 -5 237 59 366
bottle 0.0303 48 236 81 295
bottle 0.0296 257 277 338 380
bottle 0.0248 53 245 81 347
bottle 0.0240 275 162 368 385
bottle 0.0154 0 212 28 317
bottle 0.0103 32 237 71 295
bottle 0.0092 0 231 21 360
bottle 0.0080 6 247 125 345
bottle 0.0058 294 218 340 342
bottle 0.0053 33 221 67 340
bottle 0.0048 214 241 372 364
bottle 0.0047 286 199 359 291
bottle 0.0045 278 253 319 368
bottle 0.0038 2 261 91 384
bottle 0.0036 57 275 78 316
bottle 0.0032 279 226 312 305
bottle 0.0028 300 190 332 260
bottle 0.0025 69 247 104 344
bottle 0.0025 -2 219 58 312
bottle 0.0019 304 229 329 277
bottle 0.0019 13 232 37 274
bottle 0.0018 36 247 64 282
bottle 0.0017 264 255 298 366
bottle 0.0017 55 261 77 299
bottle 0.0015 36 236 66 271
bottle 0.0012 61 238 110 295
bottle 0.0011 51 279 84 367
bottle 0.0010 268 206 298 298
bottle 0.0010 168 330 235 373
bottle 0.0010 313 254 357 365
chair 0.0018 164 265 268 341
chair 0.0017 147 -1 187 43
chair 0.0012 17 330 77 375
diningtable 0.0734 -9 272 278 385
diningtable 0.0129 75 328 271 377
diningtable 0.0106 101 270 396 383
diningtable 0.0096 -18 236 113 371
diningtable 0.0072 18 255 481 406
diningtable 0.0042 36 294 235 370
diningtable 0.0027 143 287 280 371
diningtable 0.0019 57 269 211 339
diningtable 0.0019 58 304 286 410
diningtable 0.0013 110 240 314 365
diningtable 0.0012 168 136 485 410
diningtable 0.0011 22 326 166 377
person 0.7418 122 73 286 360
person 0.7263 303 35 503 397
person 0.0242 18 124 327 363
person 0.0116 370 118 507 369
person 0.0070 354 51 511 212
person 0.0059 -1 284 20 389
person 0.0057 69 184 274 349
person 0.0056 258 100 472 327
person 0.0053 162 94 260 169
person 0.0052 40 121 234 308
person 0.0024 152 70 179 92
person 0.0021 97 95 479 394
person 0.0019 -12 202 56 292
person 0.0018 62 0 112 18
person 0.0014 152 77 178 103
person 0.0012 176 271 232 322
pottedplant 0.0150 0 211 30 294
pottedplant 0.0029 1 218 23 257
tvmonitor 0.0021 214 43 259 115
