bicycle 0.6849 3 11 496 362
bicycle 0.0098 -16 110 362 377
bicycle 0.0040 96 83 326 292
bicycle 0.0037 221 67 507 363
bicycle 0.0033 183 72 393 304
bicycle 0.0010 48 111 222 322
bird 0.0031 266 20 320 79
bird 0.0011 256 11 307 61
car 0.0089 0 4 19 41
car 0.0019 -8 -2 118 37
cat 0.0173 116 0 304 40
chair 0.0076 332 14 413 114
chair 0.0038 327 0 419 72
chair 0.0022 395 110 487 207
chair 0.0022 286 -1 444 144
chair 0.0016 381 71 496 252
dog 0.0087 120 4 286 42
dog 0.0023 168 6 312 61
dog 0.0017 185 -1 311 41
dog 0.0014 211 3 270 44
motorbike 0.0208 34 80 542 406
person 0.0099 96 0 480 260
person 0.0028 190 9 309 70
person 0.0018 -1 17 21 47
person 0.0011 192 39 385 221
pottedplant 0.0067 96 -3 246 43
