bicycle 0.0980 1 215 60 293
bicycle 0.0073 23 213 91 301
bottle 0.0038 285 237 314 318
bottle 0.0017 290 255 310 296
chair 0.1653 2 206 59 305
chair 0.1459 50 224 89 293
chair 0.0212 0 224 39 288
chair 0.0103 56 241 83 278
chair 0.0076 31 221 60 297
chair 0.0064 99 235 119 273
chair 0.0057 43 216 72 298
chair 0.0050 317 168 333 307
chair 0.0045 271 12 332 116
chair 0.0038 64 244 100 300
chair 0.0034 9 245 49 303
chair 0.0027 7 238 30 279
chair 0.0019 33 241 101 313
chair 0.0016 153 234 169 273
chair 0.0015 18 238 45 280
chair 0.0012 112 234 129 273
chair 0.0010 84 256 104 294
chair 0.0010 231 10 308 105
chair 0.0010 0 244 70 310
diningtable 0.0010 106 237 174 333
person 0.8728 70 197 99 287
person 0.8314 277 177 321 296
person 0.4963 112 218 127 262
person 0.2437 101 221 120 260
person 0.1786 77 210 109 276
person 0.1760 125 215 142 258
person 0.1231 153 215 166 265
person 0.1088 164 212 177 264
person 0.0888 38 220 95 285
person 0.0856 138 216 154 260
person 0.0670 55 199 88 284
person 0.0365 67 196 93 252
person 0.0353 0 185 43 308
person 0.0294 128 201 143 247
person 0.0258 73 213 94 271
person 0.0246 138 202 152 244
person 0.0176 101 208 119 244
person 0.0173 112 208 129 245
person 0.0162 84 219 106 266
person 0.0139 0 197 19 282
person 0.0129 74 189 90 223
person 0.0114 84 236 104 279
person 0.0109 273 167 306 276
person 0.0105 152 206 169 243
person 0.0102 282 163 318 246
person 0.0098 262 132 329 304
person 0.0087 59 205 82 237
person 0.0083 317 174 333 265
person 0.0079 301 155 324 283
person 0.0062 65 218 123 291
person 0.0046 75 232 95 285
person 0.0045 289 149 332 291
person 0.0043 44 207 74 275
person 0.0038 286 215 313 259
person 0.0036 60 217 80 259
person 0.0032 0 197 15 242
person 0.0026 33 201 58 283
person 0.0025 320 193 333 247
person 0.0023 95 226 122 281
person 0.0022 99 196 122 253
person 0.0021 43 210 71 236
person 0.0019 36 204 55 236
person 0.0018 40 185 100 264
person 0.0015 0 174 62 269
person 0.0014 294 202 333 271
person 0.0012 84 209 107 239
person 0.0012 288 194 311 247
person 0.0012 0 119 17 282
person 0.0010 107 198 131 251
pottedplant 0.1800 189 182 210 254
pottedplant 0.1033 208 152 268 290
pottedplant 0.0855 209 132 244 193
pottedplant 0.0436 195 185 221 252
pottedplant 0.0329 185 122 255 226
pottedplant 0.0317 177 213 190 261
pottedplant 0.0224 155 84 282 259
pottedplant 0.0202 190 186 210 222
pottedplant 0.0165 165 202 182 245
pottedplant 0.0145 185 174 216 235
pottedplant 0.0126 177 201 194 245
pottedplant 0.0103 173 203 194 270
pottedplant 0.0056 184 86 250 193
pottedplant 0.0052 195 176 251 308
pottedplant 0.0048 203 116 246 176
pottedplant 0.0046 199 184 218 224
pottedplant 0.0034 171 175 223 262
pottedplant 0.0034 85 32 349 313
pottedplant 0.0031 200 218 217 261
pottedplant 0.0030 216 152 257 252
pottedplant 0.0029 206 147 241 257
pottedplant 0.0027 191 215 207 258
pottedplant 0.0026 250 188 280 252
pottedplant 0.0026 266 214 283 259
pottedplant 0.0018 218 143 252 217
pottedplant 0.0018 263 203 287 269
pottedplant 0.0016 133 195 155 251
pottedplant 0.0012 171 151 269 329
pottedplant 0.0011 209 75 329 272
pottedplant 0.0011 161 189 184 218
pottedplant 0.0010 235 118 303 235
