aeroplane 0.0166 93 285 460 395
aeroplane 0.0100 91 199 462 418
aeroplane 0.0014 265 310 307 332
aeroplane 0.0011 183 283 370 338
boat 0.0027 257 275 312 292
car 0.0153 119 30 226 84
car 0.0038 122 31 191 107
car 0.0013 262 318 306 339
car 0.0012 263 386 308 405
chair 0.0092 373 145 421 225
chair 0.0011 345 139 440 210
horse 0.4596 80 96 399 324
horse 0.2184 144 60 334 306
horse 0.0167 257 63 376 237
horse 0.0015 124 29 427 264
horse 0.0013 80 109 258 308
person 0.6078 172 53 297 240
person 0.2450 193 41 266 185
person 0.0227 167 82 250 201
person 0.0176 312 49 376 178
person 0.0097 312 46 370 100
person 0.0080 317 41 356 137
person 0.0080 304 83 371 226
person 0.0075 271 57 360 169
person 0.0075 100 32 378 262
person 0.0067 186 34 366 210
person 0.0041 303 69 347 145
person 0.0030 392 172 428 225
person 0.0021 299 73 344 203
person 0.0016 87 50 253 247
person 0.0014 149 124 240 249
person 0.0013 154 137 191 203
person 0.0013 401 165 425 212
person 0.0011 358 172 400 227
person 0.0010 289 113 324 194
person 0.0010 220 63 273 121
person 0.0010 319 70 361 204
