bottle 0.0023 200 133 228 155
bottle 0.0022 193 203 242 247
car 0.0187 64 70 161 126
car 0.0041 72 46 178 162
chair 0.0663 363 223 441 301
chair 0.0499 212 221 446 302
chair 0.0112 262 237 396 296
chair 0.0093 308 229 425 299
chair 0.0060 393 201 453 289
chair 0.0027 17 139 144 291
chair 0.0024 244 261 411 303
chair 0.0023 282 170 445 280
chair 0.0016 273 212 386 281
chair 0.0015 311 188 415 252
chair 0.0014 331 202 446 270
chair 0.0013 48 261 195 303
chair 0.0013 175 212 269 273
chair 0.0011 382 240 460 298
chair 0.0011 91 218 289 313
chair 0.0010 379 182 474 302
diningtable 0.0375 36 207 482 321
diningtable 0.0231 168 217 422 306
diningtable 0.0019 187 234 331 294
diningtable 0.0014 226 262 355 302
person 0.1706 6 21 154 280
person 0.0174 2 47 105 213
person 0.0046 40 62 198 236
person 0.0018 215 1 303 63
person 0.0016 10 122 108 308
person 0.0014 193 -6 326 130
person 0.0010 181 202 253 270
pottedplant 0.1213 3 34 81 121
pottedplant 0.0036 284 144 321 163
pottedplant 0.0018 278 139 329 171
pottedplant 0.0014 266 148 304 163
pottedplant 0.0010 287 136 318 155
pottedplant 0.0010 280 144 326 190
tvmonitor 0.5419 165 56 238 138
tvmonitor 0.2229 233 54 305 150
tvmonitor 0.1015 204 14 320 152
tvmonitor 0.0425 88 66 171 131
tvmonitor 0.0203 170 31 268 143
tvmonitor 0.0111 130 159 229 221
tvmonitor 0.0055 235 75 335 164
tvmonitor 0.0033 146 85 178 132
tvmonitor 0.0024 122 88 169 129
tvmonitor 0.0023 192 63 310 132
tvmonitor 0.0019 78 46 223 159
tvmonitor 0.0018 150 92 236 154
tvmonitor 0.0018 287 74 323 167
tvmonitor 0.0013 113 66 211 132
tvmonitor 0.0010 154 167 209 213
