bottle 0.0137 92 64 124 125
bottle 0.0029 354 256 397 306
bottle 0.0028 256 153 305 205
bottle 0.0017 97 65 119 97
bottle 0.0016 319 260 354 326
bottle 0.0011 422 263 446 293
car 0.0078 -1 105 110 156
car 0.0048 11 98 87 177
car 0.0021 33 109 66 132
car 0.0014 -1 121 24 151
car 0.0012 3 112 51 132
chair 0.0619 476 179 500 295
chair 0.0548 2 223 117 377
chair 0.0270 397 327 508 376
chair 0.0184 442 174 501 317
chair 0.0087 24 239 104 350
chair 0.0047 391 160 500 326
chair 0.0046 473 230 500 355
chair 0.0045 436 101 510 331
chair 0.0042 433 293 505 373
chair 0.0038 2 222 61 368
chair 0.0035 480 214 499 262
chair 0.0032 375 218 504 379
chair 0.0029 432 206 511 394
chair 0.0028 -9 263 203 385
chair 0.0028 19 180 178 357
chair 0.0023 36 251 152 353
chair 0.0022 -1 231 23 358
chair 0.0022 406 207 504 296
chair 0.0017 473 299 502 375
chair 0.0014 1 237 45 326
chair 0.0013 7 216 89 317
chair 0.0013 2 266 47 381
chair 0.0012 456 187 522 285
chair 0.0011 456 231 492 327
chair 0.0010 45 276 85 372
chair 0.0010 -13 141 67 345
chair 0.0010 400 167 488 265
chair 0.0010 405 251 496 356
diningtable 0.0826 104 216 548 387
diningtable 0.0289 178 262 475 398
diningtable 0.0223 3 234 419 426
diningtable 0.0183 101 242 398 366
diningtable 0.0071 286 232 518 373
diningtable 0.0041 37 159 385 386
diningtable 0.0037 372 331 497 372
diningtable 0.0020 163 208 414 338
diningtable 0.0013 308 239 414 309
diningtable 0.0012 168 241 332 307
diningtable 0.0010 218 261 358 344
person 0.9363 216 30 378 280
person 0.5528 95 69 239 304
person 0.1445 24 86 163 349
person 0.0856 89 91 120 124
person 0.0507 154 77 423 295
person 0.0375 198 82 243 131
person 0.0368 42 48 303 270
person 0.0329 72 104 99 132
person 0.0229 54 106 81 132
person 0.0144 8 102 262 385
person 0.0115 202 83 236 110
person 0.0063 109 65 135 94
person 0.0036 104 75 137 136
person 0.0034 87 105 121 132
person 0.0031 110 87 133 126
person 0.0028 232 105 346 216
person 0.0024 134 113 271 312
person 0.0021 -33 13 226 305
person 0.0017 167 58 338 257
person 0.0016 478 113 501 247
person 0.0014 -11 97 70 335
person 0.0014 66 113 433 374
person 0.0013 80 99 128 138
person 0.0013 -12 76 136 248
person 0.0013 238 32 317 151
person 0.0012 46 101 90 141
person 0.0012 235 136 398 278
person 0.0011 15 40 180 226
tvmonitor 0.0130 371 -5 520 146
tvmonitor 0.0095 390 25 494 117
tvmonitor 0.0016 439 135 510 240
