bottle 0.0585 6 258 51 360
bottle 0.0090 0 220 24 342
bottle 0.0040 -1 213 57 349
bottle 0.0018 -1 274 24 371
bottle 0.0013 28 236 63 322
bottle 0.0012 162 231 200 300
bottle 0.0011 0 279 64 394
chair 0.1026 -6 176 129 315
chair 0.0407 4 229 122 305
chair 0.0126 433 81 478 130
chair 0.0086 446 69 497 121
chair 0.0067 437 92 500 227
chair 0.0043 420 89 442 126
chair 0.0033 401 89 427 119
chair 0.0030 -4 227 66 323
chair 0.0026 119 228 382 365
chair 0.0024 6 185 127 259
chair 0.0022 0 252 100 349
chair 0.0019 3 194 43 314
chair 0.0018 12 200 176 336
chair 0.0012 442 86 467 129
chair 0.0012 61 237 106 298
chair 0.0012 477 128 499 259
chair 0.0011 412 76 491 135
chair 0.0010 454 78 490 109
chair 0.0010 362 90 390 121
diningtable 0.0030 402 83 495 172
diningtable 0.0013 370 62 516 202
diningtable 0.0011 -27 199 297 404
diningtable 0.0011 35 298 157 359
diningtable 0.0010 -4 235 194 372
person 0.6114 98 61 478 371
person 0.4438 370 47 422 114
person 0.0572 363 78 391 107
person 0.0559 372 60 440 128
person 0.0543 110 67 313 305
person 0.0394 391 61 427 122
person 0.0177 120 216 218 284
person 0.0162 359 70 400 110
person 0.0127 130 48 280 218
person 0.0072 374 76 413 108
person 0.0066 399 59 423 96
person 0.0065 383 48 410 83
person 0.0060 376 62 412 96
person 0.0047 177 104 402 326
person 0.0041 430 103 525 331
person 0.0038 477 189 501 342
person 0.0035 362 69 391 95
person 0.0034 477 112 500 248
person 0.0028 412 62 443 124
person 0.0026 94 203 258 342
person 0.0026 383 40 411 67
person 0.0024 400 71 424 115
person 0.0021 -10 95 126 277
person 0.0019 123 168 302 326
person 0.0018 327 68 426 113
person 0.0018 344 41 465 218
person 0.0016 109 199 394 350
person 0.0015 395 53 426 79
person 0.0015 391 70 485 136
person 0.0013 -27 156 374 390
person 0.0013 359 77 396 133
person 0.0013 221 20 508 297
person 0.0013 365 78 418 128
person 0.0012 -1 150 22 267
person 0.0011 377 111 503 322
person 0.0011 385 43 432 92
pottedplant 0.1937 397 -3 475 105
pottedplant 0.0075 412 29 456 101
pottedplant 0.0056 380 0 489 47
pottedplant 0.0030 402 8 460 61
pottedplant 0.0016 384 -3 500 151
pottedplant 0.0014 422 60 443 99
pottedplant 0.0012 385 33 478 126
