bottle 0.0028 111 170 139 205
bottle 0.0017 104 162 144 212
bottle 0.0016 163 104 199 205
bottle 0.0010 455 332 486 369
chair 0.0010 246 392 426 431
diningtable 0.0016 140 372 287 429
person 0.9421 384 18 486 214
person 0.9317 333 236 466 402
person 0.8912 114 255 302 417
person 0.7918 25 247 165 382
person 0.7763 170 30 238 186
person 0.7544 84 53 173 192
person 0.6312 -1 84 127 224
person 0.5360 280 291 375 401
person 0.5271 310 20 406 204
person 0.3323 234 256 321 378
person 0.2906 118 39 234 194
person 0.2742 247 22 330 269
person 0.2560 270 24 392 257
person 0.2114 240 35 319 183
person 0.1442 213 248 293 367
person 0.1374 178 248 336 390
person 0.1106 379 247 487 421
person 0.1098 82 235 168 366
person 0.0788 275 263 353 374
person 0.0665 322 248 411 364
person 0.0640 214 17 292 277
person 0.0634 154 260 247 374
person 0.0552 264 258 332 409
person 0.0431 4 94 51 177
person 0.0420 285 45 375 175
person 0.0401 29 68 158 354
person 0.0296 235 262 277 370
person 0.0292 -1 93 116 392
person 0.0269 238 248 339 324
person 0.0260 123 272 229 394
person 0.0211 436 331 478 397
person 0.0200 250 245 390 392
person 0.0193 228 61 344 353
person 0.0191 152 42 262 234
person 0.0181 292 41 433 313
person 0.0167 34 249 388 434
person 0.0156 -5 91 63 209
person 0.0135 305 39 399 138
person 0.0121 105 39 180 142
person 0.0120 151 20 222 161
person 0.0113 60 73 150 201
person 0.0113 28 26 172 210
person 0.0107 271 257 324 346
person 0.0101 343 241 449 335
person 0.0093 319 33 491 243
person 0.0070 162 59 206 183
person 0.0065 205 298 313 399
person 0.0062 314 272 396 398
person 0.0055 38 117 148 223
person 0.0055 275 235 372 325
person 0.0054 199 276 241 329
person 0.0054 174 272 227 329
person 0.0047 220 259 264 344
person 0.0046 -35 66 90 239
person 0.0046 -7 67 277 357
person 0.0046 476 325 499 406
person 0.0046 445 316 493 383
person 0.0045 350 262 394 339
person 0.0044 152 296 345 431
person 0.0044 287 276 339 360
person 0.0041 410 269 495 398
person 0.0041 292 299 344 398
person 0.0039 135 25 275 157
person 0.0038 208 27 290 142
person 0.0037 229 250 287 320
person 0.0037 478 56 499 219
person 0.0035 365 71 506 285
person 0.0034 207 282 235 319
person 0.0032 247 304 409 431
person 0.0032 -1 99 25 240
person 0.0030 307 320 362 409
person 0.0030 91 83 253 269
person 0.0029 333 218 376 290
person 0.0029 157 264 210 342
person 0.0027 203 79 315 197
person 0.0027 216 280 264 385
person 0.0026 305 292 360 377
person 0.0025 480 340 498 392
person 0.0024 40 98 96 209
person 0.0024 69 18 353 341
person 0.0023 244 12 485 346
person 0.0021 126 240 217 327
person 0.0021 275 308 326 388
person 0.0020 16 97 42 146
person 0.0020 221 332 357 412
person 0.0020 296 259 375 342
person 0.0019 51 230 142 338
person 0.0019 114 98 462 389
person 0.0018 54 217 212 359
person 0.0018 252 41 339 138
person 0.0018 8 143 107 270
person 0.0017 174 71 222 170
person 0.0017 412 3 537 225
person 0.0017 312 226 363 311
person 0.0016 382 241 479 327
person 0.0016 331 280 385 354
person 0.0015 192 51 241 127
person 0.0015 295 36 339 109
person 0.0014 476 221 500 381
person 0.0014 310 32 359 115
person 0.0014 406 29 497 148
person 0.0013 291 213 375 291
person 0.0013 198 280 244 386
person 0.0013 309 322 423 418
person 0.0013 175 27 230 120
person 0.0012 330 248 382 323
person 0.0012 13 83 101 165
person 0.0012 479 20 501 159
person 0.0012 172 234 249 333
person 0.0012 59 103 109 205
person 0.0012 104 329 243 410
person 0.0012 369 246 419 328
person 0.0011 23 92 67 183
person 0.0011 354 318 460 423
person 0.0011 431 286 476 382
person 0.0011 92 183 254 379
person 0.0011 133 93 294 326
person 0.0011 408 253 460 314
person 0.0011 257 262 301 344
person 0.0010 269 52 321 126
person 0.0010 410 228 493 343
person 0.0010 238 51 281 160
person 0.0010 319 163 487 330
pottedplant 0.0049 478 254 500 382
pottedplant 0.0035 449 268 496 366
pottedplant 0.0013 482 309 498 361
pottedplant 0.0010 481 292 498 343
