bottle 0.0019 131 166 165 221
bus 0.7516 -22 34 445 340
bus 0.4858 82 7 493 252
bus 0.0175 167 53 410 263
bus 0.0124 90 81 333 295
bus 0.0040 456 122 487 210
bus 0.0035 172 73 479 358
bus 0.0018 328 68 467 245
car 0.0077 22 125 477 362
person 0.0703 225 31 253 101
person 0.0278 220 59 251 123
person 0.0206 383 178 404 215
person 0.0130 462 178 486 204
person 0.0114 221 143 258 220
person 0.0100 366 162 384 202
person 0.0094 210 55 240 128
person 0.0060 420 182 444 208
person 0.0038 364 166 389 222
person 0.0035 478 172 497 213
person 0.0030 53 191 83 255
person 0.0025 209 30 240 103
person 0.0021 285 136 311 167
person 0.0018 472 96 498 207
person 0.0017 217 52 256 160
person 0.0016 399 183 428 209
person 0.0016 278 123 318 181
person 0.0014 229 34 252 69
person 0.0014 206 130 271 233
person 0.0013 472 163 500 220
person 0.0012 214 69 235 113
person 0.0011 459 153 490 210
person 0.0011 227 161 252 198
person 0.0010 361 191 389 222
person 0.0010 419 195 447 219
