bird 0.0061 227 2 330 55
bird 0.0018 273 448 310 499
bird 0.0013 246 -2 291 60
car 0.0010 4 14 37 46
dog 0.7605 119 158 257 411
dog 0.0029 133 177 244 321
dog 0.0017 59 181 315 469
dog 0.0012 147 210 230 363
pottedplant 0.1682 308 87 372 200
pottedplant 0.1228 319 128 364 200
pottedplant 0.0639 310 19 368 175
pottedplant 0.0337 295 34 381 226
pottedplant 0.0079 357 86 376 202
pottedplant 0.0073 325 144 354 184
pottedplant 0.0064 357 131 377 231
pottedplant 0.0061 327 148 373 208
pottedplant 0.0040 331 102 375 186
pottedplant 0.0027 318 74 361 178
pottedplant 0.0025 324 126 354 160
pottedplant 0.0020 359 179 375 225
pottedplant 0.0015 305 85 405 259
pottedplant 0.0011 283 108 367 218
pottedplant 0.0011 359 154 376 206
pottedplant 0.0010 360 133 375 188
pottedplant 0.0010 355 22 376 187
sheep 0.1565 70 176 107 229
sheep 0.0060 64 181 96 222
