bird 0.0014 363 108 391 133
boat 0.0095 232 213 438 262
boat 0.0022 236 201 399 244
boat 0.0011 297 213 337 230
boat 0.0010 334 210 371 230
car 0.0049 319 201 353 223
car 0.0045 413 201 449 220
car 0.0018 333 201 374 220
car 0.0015 319 210 353 230
car 0.0012 388 202 441 218
chair 0.0017 -1 252 120 307
chair 0.0010 76 243 126 293
person 0.0020 353 201 393 218
train 0.2402 65 148 219 238
train 0.1887 95 137 395 238
train 0.0832 142 162 337 226
train 0.0049 212 165 360 220
train 0.0037 2 245 185 296
train 0.0034 28 112 180 263
train 0.0034 -16 108 363 265
train 0.0033 58 135 440 296
train 0.0022 129 181 295 238
train 0.0010 212 189 366 242
