boat 0.3996 317 205 389 266
boat 0.1878 317 197 361 251
boat 0.0328 258 112 470 216
boat 0.0314 334 222 371 250
boat 0.0193 293 197 382 249
boat 0.0165 36 48 231 232
boat 0.0086 54 168 216 221
boat 0.0082 321 221 356 249
boat 0.0081 335 210 370 236
boat 0.0051 345 135 464 203
boat 0.0040 7 132 106 201
boat 0.0032 143 201 188 217
boat 0.0030 73 106 266 223
boat 0.0024 35 136 232 240
boat 0.0024 113 137 228 203
boat 0.0023 350 214 394 257
boat 0.0023 150 180 214 218
boat 0.0021 309 165 420 223
boat 0.0019 38 139 151 200
boat 0.0016 359 223 389 250
boat 0.0015 102 201 148 217
boat 0.0013 120 200 169 216
boat 0.0013 81 201 129 217
boat 0.0013 0 102 190 227
boat 0.0013 54 77 522 306
boat 0.0012 267 139 406 206
boat 0.0012 336 235 372 259
boat 0.0011 127 193 237 224
boat 0.0010 321 187 351 211
boat 0.0010 123 190 164 211
boat 0.0010 235 190 342 248
person 0.0202 322 207 352 239
person 0.0102 322 200 350 225
person 0.0028 316 195 360 233
pottedplant 0.0023 252 129 339 216
