bicycle 0.0052 150 288 399 398
bicycle 0.0020 202 310 350 388
bird 0.1636 67 168 210 410
bird 0.0056 1 101 257 412
bird 0.0010 247 313 282 336
car 0.0022 54 250 84 332
car 0.0011 206 287 254 302
horse 0.6663 39 68 441 382
horse 0.2166 165 81 394 307
horse 0.0124 81 115 244 401
horse 0.0058 239 61 372 268
horse 0.0027 145 138 336 370
horse 0.0024 273 80 420 315
horse 0.0017 192 156 292 229
horse 0.0015 217 41 482 352
horse 0.0012 225 153 399 356
person 0.8545 187 56 372 223
person 0.0089 211 97 279 228
person 0.0049 217 110 338 224
person 0.0016 242 33 378 185
person 0.0011 -1 208 19 318
pottedplant 0.0011 425 204 477 262
pottedplant 0.0011 179 124 212 192
