bottle 0.1022 -9 241 48 485
bottle 0.0297 165 384 221 485
bottle 0.0143 -1 322 43 472
bottle 0.0050 206 378 284 500
bottle 0.0037 0 233 20 440
bottle 0.0035 161 394 271 494
bottle 0.0014 216 381 255 485
bottle 0.0013 147 360 227 458
bottle 0.0012 120 367 258 522
car 0.0051 -2 333 51 490
car 0.0040 8 59 308 360
car 0.0016 139 43 218 96
chair 0.0037 -1 35 90 308
diningtable 0.0031 131 378 302 508
diningtable 0.0025 29 267 345 538
person 0.0103 192 232 228 291
person 0.0061 92 -26 340 295
person 0.0057 137 53 290 293
person 0.0025 22 67 352 429
person 0.0010 -23 138 47 439
pottedplant 0.0044 254 356 307 471
pottedplant 0.0012 208 361 284 461
train 0.0075 47 2 327 344
train 0.0012 73 55 245 293
