bottle 0.0028 160 103 346 326
bottle 0.0018 237 127 318 234
bottle 0.0015 236 120 283 182
bottle 0.0013 205 142 302 232
bottle 0.0012 124 196 294 351
bottle 0.0010 246 141 305 192
diningtable 0.0016 42 82 381 347
person 0.7218 155 -3 498 378
person 0.1515 17 -8 112 324
person 0.0374 -8 -8 202 383
person 0.0111 104 67 395 364
person 0.0055 199 53 373 322
person 0.0054 310 49 496 326
person 0.0018 385 101 498 334
person 0.0018 32 -17 390 277
person 0.0016 129 -13 286 154
person 0.0014 166 145 332 343
person 0.0013 -23 47 81 272
person 0.0010 246 -2 559 263
