cow 0.4889 111 146 239 276
cow 0.2179 146 71 357 255
cow 0.0411 138 97 266 278
cow 0.0264 163 164 241 266
cow 0.0243 209 150 272 263
cow 0.0115 87 165 170 257
cow 0.0081 225 199 262 266
cow 0.0046 237 204 274 260
cow 0.0031 130 197 229 268
cow 0.0031 202 102 303 273
cow 0.0026 16 124 329 301
cow 0.0020 56 111 218 268
cow 0.0015 240 139 338 236
cow 0.0012 201 212 235 274
cow 0.0012 189 213 224 274
cow 0.0011 199 160 239 254
cow 0.0011 205 200 288 264
cow 0.0011 256 70 397 254
horse 0.2435 126 65 298 260
horse 0.0014 115 154 171 281
person 0.0113 126 153 159 284
person 0.0011 201 51 358 225
person 0.0011 10 39 38 100
person 0.0011 105 155 143 260
person 0.0010 16 40 35 74
pottedplant 0.0069 38 34 133 104
pottedplant 0.0031 35 36 69 103
pottedplant 0.0028 45 40 85 97
pottedplant 0.0028 23 -6 166 132
pottedplant 0.0017 84 31 165 107
pottedplant 0.0016 60 44 112 93
pottedplant 0.0016 64 13 146 101
pottedplant 0.0016 10 245 43 318
pottedplant 0.0010 40 38 59 73
pottedplant 0.0010 100 42 149 95
