bicycle 0.0062 312 81 504 236
bicycle 0.0018 382 107 484 197
bicycle 0.0013 332 97 474 172
car 0.0186 434 140 505 218
car 0.0141 396 118 505 215
car 0.0030 377 109 496 266
car 0.0019 405 147 500 240
chair 0.0034 109 188 391 363
chair 0.0014 55 231 291 375
chair 0.0013 127 331 295 378
person 0.6080 56 102 443 387
person 0.0416 20 44 249 388
person 0.0324 55 63 207 299
person 0.0151 182 122 214 207
person 0.0100 156 47 496 327
person 0.0080 170 118 199 184
person 0.0062 186 130 210 173
person 0.0060 153 91 350 278
person 0.0059 187 124 215 157
person 0.0051 80 78 264 239
person 0.0047 176 129 195 172
person 0.0033 12 125 180 363
person 0.0024 108 131 318 361
person 0.0023 -20 143 58 234
person 0.0021 185 142 388 341
person 0.0021 168 117 253 205
person 0.0015 173 147 196 182
person 0.0015 213 90 434 282
person 0.0012 163 145 207 214
person 0.0011 171 122 196 154
person 0.0010 187 144 211 186
pottedplant 0.0255 1 174 45 239
pottedplant 0.0036 -3 164 34 225
pottedplant 0.0030 2 140 48 221
pottedplant 0.0014 10 188 39 226
pottedplant 0.0012 0 124 27 236
sofa 0.0011 45 216 452 385
