horse 0.0054 139 198 279 448
horse 0.0016 105 166 327 484
motorbike 0.0051 77 176 297 475
person 0.3873 134 126 242 387
person 0.0423 113 161 217 489
person 0.0280 121 138 158 223
person 0.0195 176 61 255 363
person 0.0138 129 136 191 295
person 0.0112 182 154 233 348
person 0.0061 151 169 226 337
person 0.0054 83 132 176 371
person 0.0048 85 86 289 413
person 0.0046 108 57 209 293
person 0.0020 101 171 156 333
person 0.0017 151 148 179 332
person 0.0016 242 248 363 484
person 0.0015 132 131 166 199
person 0.0013 163 148 225 258
person 0.0012 0 197 13 248
person 0.0012 110 211 160 372
person 0.0011 0 171 16 309
person 0.0010 147 236 282 490
person 0.0010 162 150 191 331
