bird 0.0020 270 38 294 68
bird 0.0017 378 42 409 81
bottle 0.0013 362 192 392 283
car 0.0022 0 37 26 65
cow 0.1673 329 75 457 246
cow 0.0037 330 100 420 221
dog 0.0935 367 154 503 346
dog 0.0301 319 76 428 282
dog 0.0172 334 95 471 336
dog 0.0014 391 169 486 269
dog 0.0012 336 114 416 249
person 0.6685 -24 53 370 379
person 0.0422 67 -4 431 321
person 0.0406 150 56 188 105
person 0.0297 -31 -9 225 328
person 0.0079 185 36 212 58
person 0.0077 57 135 518 352
person 0.0075 167 38 203 60
person 0.0069 83 45 126 138
person 0.0068 10 89 180 341
person 0.0046 -1 50 114 323
person 0.0035 69 56 277 315
person 0.0029 269 47 295 74
person 0.0020 235 90 421 276
person 0.0019 41 42 132 116
person 0.0014 48 1 140 85
person 0.0012 83 35 122 97
person 0.0011 150 41 349 274
person 0.0011 65 48 115 107
person 0.0010 17 29 177 231
sheep 0.0977 418 39 454 62
sheep 0.0752 432 39 462 64
sheep 0.0292 277 30 311 78
sheep 0.0214 380 39 406 67
sheep 0.0127 422 33 468 67
sheep 0.0011 420 48 448 74
sofa 0.0128 3 170 418 374
