bottle 0.0084 181 91 226 181
bottle 0.0071 143 9 269 193
bottle 0.0067 188 42 220 174
bottle 0.0048 160 57 253 144
bottle 0.0013 198 72 235 173
bottle 0.0011 173 70 242 187
chair 0.0011 265 350 446 376
person 0.8674 157 -1 495 377
person 0.6566 24 80 244 353
person 0.1646 382 47 500 384
person 0.0496 35 18 388 356
person 0.0242 434 59 508 372
person 0.0132 218 45 436 328
person 0.0061 327 348 497 379
person 0.0040 13 69 187 256
person 0.0035 292 340 443 380
person 0.0032 11 155 183 388
person 0.0031 328 22 487 294
person 0.0028 470 160 500 313
person 0.0027 157 61 342 312
person 0.0023 261 -20 543 281
person 0.0018 147 49 269 266
person 0.0015 -63 32 256 286
person 0.0013 5 147 339 399
person 0.0013 -9 114 134 316
person 0.0011 322 144 488 343
person 0.0010 411 49 528 270
person 0.0010 428 202 511 398
pottedplant 0.0020 462 -3 506 46
pottedplant 0.0014 391 0 435 19
