bus 0.5719 343 265 445 322
bus 0.0118 327 224 460 331
bus 0.0043 382 254 445 312
bus 0.0027 365 239 422 328
car 0.0015 1 328 45 376
chair 0.0058 225 302 251 369
chair 0.0016 6 242 109 301
person 0.0542 475 170 500 305
person 0.0339 226 298 251 353
person 0.0120 438 24 507 292
person 0.0078 363 241 385 265
person 0.0054 304 249 335 313
person 0.0049 479 214 501 347
person 0.0045 54 304 74 343
person 0.0037 283 266 308 299
person 0.0035 366 248 385 283
person 0.0033 479 170 501 249
person 0.0029 318 248 349 313
person 0.0025 37 297 68 352
person 0.0022 41 306 62 345
person 0.0021 308 262 328 304
person 0.0019 478 91 500 239
person 0.0015 478 8 500 120
person 0.0013 479 227 498 279
person 0.0012 56 280 78 311
person 0.0012 1 273 19 315
person 0.0011 53 292 75 326
person 0.0011 361 243 393 323
person 0.0011 0 260 22 360
pottedplant 0.0875 146 298 186 318
pottedplant 0.0245 20 50 165 268
pottedplant 0.0146 4 22 113 296
pottedplant 0.0038 49 106 143 213
pottedplant 0.0027 159 295 197 318
pottedplant 0.0026 -33 22 226 352
pottedplant 0.0025 16 74 101 186
pottedplant 0.0023 149 286 182 313
pottedplant 0.0021 143 277 188 320
pottedplant 0.0015 166 128 332 305
pottedplant 0.0013 228 205 257 330
train 0.0297 309 256 447 327
train 0.0087 227 207 425 338
train 0.0066 264 242 388 315
train 0.0042 230 219 258 345
train 0.0012 153 173 500 374
