bottle 0.1055 340 30 374 98
bottle 0.0559 376 35 414 96
bottle 0.0224 397 43 424 112
bottle 0.0189 345 56 364 97
bottle 0.0147 356 38 390 92
bottle 0.0094 382 46 408 87
bottle 0.0042 325 281 348 311
bottle 0.0033 359 24 427 106
bottle 0.0025 360 58 385 94
bottle 0.0024 323 292 350 322
bottle 0.0011 264 255 291 285
bottle 0.0011 1 116 21 157
bottle 0.0010 398 35 422 67
chair 0.0776 383 330 487 379
chair 0.0198 390 289 500 378
chair 0.0130 230 252 281 307
chair 0.0119 328 349 498 378
chair 0.0093 314 272 501 379
chair 0.0054 311 329 475 375
chair 0.0035 2 301 91 373
chair 0.0031 0 263 24 383
chair 0.0028 396 261 491 354
chair 0.0027 418 357 487 375
chair 0.0026 414 347 490 380
chair 0.0026 222 253 299 336
chair 0.0020 346 303 481 373
chair 0.0019 445 303 495 370
chair 0.0019 14 262 81 387
chair 0.0018 259 256 292 303
chair 0.0016 194 276 458 384
chair 0.0015 349 265 459 342
chair 0.0014 379 358 446 375
chair 0.0013 94 278 159 375
chair 0.0013 377 234 510 375
chair 0.0011 259 329 395 377
chair 0.0011 293 298 439 374
person 0.0047 187 107 253 210
person 0.0027 197 110 242 157
person 0.0022 204 111 237 138
person 0.0011 176 112 230 160
person 0.0010 224 117 250 152
pottedplant 0.0748 341 125 371 154
pottedplant 0.0459 361 123 386 155
pottedplant 0.0449 313 9 417 82
pottedplant 0.0372 333 10 376 90
pottedplant 0.0364 274 7 382 89
pottedplant 0.0324 334 118 377 157
pottedplant 0.0141 375 124 405 153
pottedplant 0.0136 352 116 396 157
pottedplant 0.0131 321 7 361 93
pottedplant 0.0123 51 136 78 167
pottedplant 0.0085 322 126 355 153
pottedplant 0.0078 319 135 350 161
pottedplant 0.0058 243 -7 414 98
pottedplant 0.0057 301 134 330 161
pottedplant 0.0055 304 125 328 154
pottedplant 0.0045 319 18 393 109
pottedplant 0.0045 354 14 388 88
pottedplant 0.0044 366 117 412 155
pottedplant 0.0043 314 120 364 158
pottedplant 0.0033 287 9 448 138
pottedplant 0.0033 355 127 392 169
pottedplant 0.0032 373 90 404 155
pottedplant 0.0017 379 134 403 162
pottedplant 0.0014 328 45 350 87
pottedplant 0.0014 339 135 374 161
pottedplant 0.0014 313 111 396 162
pottedplant 0.0012 298 126 333 170
pottedplant 0.0011 340 32 369 70
tvmonitor 0.8401 314 159 396 258
tvmonitor 0.7572 80 212 164 293
tvmonitor 0.3374 178 185 259 264
tvmonitor 0.1755 92 59 161 143
tvmonitor 0.0512 -4 49 34 105
tvmonitor 0.0403 82 223 136 284
tvmonitor 0.0366 91 293 248 368
tvmonitor 0.0332 78 82 170 158
tvmonitor 0.0317 210 8 362 78
tvmonitor 0.0130 207 196 284 298
tvmonitor 0.0130 453 288 497 362
tvmonitor 0.0126 278 146 395 288
tvmonitor 0.0124 325 332 493 377
tvmonitor 0.0118 4 255 87 363
tvmonitor 0.0108 96 95 156 145
tvmonitor 0.0102 308 200 401 275
tvmonitor 0.0095 -1 90 24 156
tvmonitor 0.0091 -1 40 29 145
tvmonitor 0.0087 160 165 261 328
tvmonitor 0.0080 285 156 381 233
tvmonitor 0.0076 30 59 73 102
tvmonitor 0.0066 323 166 387 225
tvmonitor 0.0063 220 219 291 324
tvmonitor 0.0063 194 37 320 87
tvmonitor 0.0055 106 277 234 335
tvmonitor 0.0050 104 236 144 267
tvmonitor 0.0050 183 199 224 274
tvmonitor 0.0044 36 77 64 105
tvmonitor 0.0034 4 66 107 137
tvmonitor 0.0034 1 90 46 157
tvmonitor 0.0033 225 29 329 73
tvmonitor 0.0032 310 169 361 247
tvmonitor 0.0032 -3 258 24 332
tvmonitor 0.0032 74 34 179 170
tvmonitor 0.0031 29 84 71 159
tvmonitor 0.0031 10 227 88 326
tvmonitor 0.0029 70 197 189 351
tvmonitor 0.0028 289 151 335 211
tvmonitor 0.0028 -6 44 63 115
tvmonitor 0.0028 162 95 268 281
tvmonitor 0.0027 53 221 144 310
tvmonitor 0.0026 292 97 333 151
tvmonitor 0.0025 228 235 262 298
tvmonitor 0.0024 89 238 123 269
tvmonitor 0.0024 164 -8 344 101
tvmonitor 0.0023 114 225 165 280
tvmonitor 0.0022 42 68 85 91
tvmonitor 0.0021 12 75 80 169
tvmonitor 0.0021 284 262 307 294
tvmonitor 0.0021 15 265 73 324
tvmonitor 0.0020 8 208 101 284
tvmonitor 0.0020 0 3 19 40
tvmonitor 0.0019 249 322 304 381
tvmonitor 0.0018 196 12 323 61
tvmonitor 0.0018 299 111 329 137
tvmonitor 0.0018 184 128 255 246
tvmonitor 0.0017 345 177 400 241
tvmonitor 0.0017 16 0 81 48
tvmonitor 0.0017 -5 288 66 371
tvmonitor 0.0016 108 9 148 65
tvmonitor 0.0016 12 217 82 258
tvmonitor 0.0015 240 263 276 296
tvmonitor 0.0015 0 275 20 313
tvmonitor 0.0015 184 268 223 289
tvmonitor 0.0014 172 83 253 172
tvmonitor 0.0014 173 76 319 244
tvmonitor 0.0014 171 294 224 352
tvmonitor 0.0013 0 29 46 101
tvmonitor 0.0013 266 259 290 296
tvmonitor 0.0013 78 222 209 309
tvmonitor 0.0013 76 244 268 366
tvmonitor 0.0013 -2 -6 23 51
tvmonitor 0.0012 196 99 533 334
tvmonitor 0.0012 -9 196 115 355
tvmonitor 0.0012 226 42 294 82
tvmonitor 0.0011 334 196 379 221
tvmonitor 0.0011 187 175 304 321
tvmonitor 0.0011 55 58 144 141
tvmonitor 0.0011 470 269 501 377
tvmonitor 0.0011 106 108 146 134
tvmonitor 0.0011 0 0 57 45
tvmonitor 0.0010 25 53 109 108
tvmonitor 0.0010 112 160 146 228
tvmonitor 0.0010 100 274 313 383
tvmonitor 0.0010 87 325 238 379
tvmonitor 0.0010 4 163 89 223
tvmonitor 0.0010 -25 28 139 173
tvmonitor 0.0010 -1 165 22 225
tvmonitor 0.0010 -20 212 71 394
tvmonitor 0.0010 311 235 405 307
tvmonitor 0.0010 274 175 362 270
