bottle 0.0018 310 261 335 293
car 0.0012 354 437 375 469
chair 0.1242 145 240 278 416
chair 0.1130 166 318 258 412
chair 0.0792 183 282 300 439
chair 0.0295 207 249 281 405
chair 0.0179 170 261 255 397
chair 0.0147 1 334 70 490
chair 0.0091 61 377 129 502
chair 0.0050 131 326 175 389
chair 0.0036 159 281 258 346
chair 0.0036 141 269 229 387
chair 0.0035 149 260 241 334
chair 0.0030 293 306 372 423
chair 0.0027 25 302 75 362
chair 0.0027 136 313 296 474
chair 0.0027 13 304 59 330
chair 0.0025 196 272 278 359
chair 0.0025 242 258 364 469
chair 0.0024 335 329 382 467
chair 0.0022 161 351 270 438
chair 0.0021 -1 306 43 368
chair 0.0020 238 265 303 392
chair 0.0020 40 357 154 517
chair 0.0020 13 318 115 399
chair 0.0020 231 301 316 416
chair 0.0017 3 390 95 507
chair 0.0016 88 281 171 361
chair 0.0016 263 302 342 423
chair 0.0015 140 314 223 434
chair 0.0013 118 279 179 396
chair 0.0013 212 283 254 347
chair 0.0012 213 226 329 426
chair 0.0011 33 319 68 349
chair 0.0011 54 320 78 353
chair 0.0011 110 319 206 399
chair 0.0011 234 355 316 453
chair 0.0010 105 320 140 382
diningtable 0.0014 276 260 383 463
person 0.1742 -6 281 93 379
person 0.0084 -5 292 79 348
person 0.0070 361 251 374 304
person 0.0061 356 223 375 409
person 0.0048 0 290 40 348
person 0.0037 -1 280 22 352
person 0.0033 358 232 375 322
person 0.0024 326 234 388 491
person 0.0022 357 280 375 466
person 0.0017 327 247 375 384
person 0.0012 0 295 17 454
sofa 0.2670 -5 294 102 372
sofa 0.0468 0 250 80 494
sofa 0.0210 1 304 79 413
sofa 0.0011 -5 286 135 454
tvmonitor 0.5106 159 218 226 298
tvmonitor 0.2798 208 226 266 293
tvmonitor 0.2333 98 221 165 295
tvmonitor 0.1473 -1 88 51 192
tvmonitor 0.0916 95 249 150 304
tvmonitor 0.0534 90 239 167 326
tvmonitor 0.0355 0 300 75 495
tvmonitor 0.0353 189 128 233 191
tvmonitor 0.0294 153 216 209 271
tvmonitor 0.0185 2 109 64 172
tvmonitor 0.0155 214 234 282 331
tvmonitor 0.0134 282 151 314 220
tvmonitor 0.0114 178 113 250 233
tvmonitor 0.0113 170 235 264 321
tvmonitor 0.0108 151 214 263 271
tvmonitor 0.0099 291 249 329 302
tvmonitor 0.0095 195 233 305 285
tvmonitor 0.0077 200 207 275 277
tvmonitor 0.0070 158 62 275 282
tvmonitor 0.0066 60 358 129 505
tvmonitor 0.0062 216 240 257 277
tvmonitor 0.0057 185 87 253 187
tvmonitor 0.0050 29 382 118 496
tvmonitor 0.0048 103 260 142 292
tvmonitor 0.0047 161 174 265 333
tvmonitor 0.0045 8 322 125 487
tvmonitor 0.0040 285 167 309 205
tvmonitor 0.0038 94 225 222 294
tvmonitor 0.0028 99 250 216 318
tvmonitor 0.0027 188 227 226 287
tvmonitor 0.0027 178 234 209 279
tvmonitor 0.0024 163 237 198 277
tvmonitor 0.0020 338 308 369 480
tvmonitor 0.0020 19 359 78 503
tvmonitor 0.0020 148 229 215 326
tvmonitor 0.0018 281 248 316 304
tvmonitor 0.0014 78 215 192 271
tvmonitor 0.0012 200 176 292 337
tvmonitor 0.0012 193 144 228 179
tvmonitor 0.0010 200 215 245 268
tvmonitor 0.0010 260 143 328 227
tvmonitor 0.0010 204 170 284 265
tvmonitor 0.0010 73 220 188 358
