bus 0.6269 223 97 339 226
bus 0.0074 217 150 306 223
bus 0.0036 243 72 406 219
bus 0.0029 235 134 359 211
car 0.9105 304 182 408 242
car 0.9079 -2 154 130 268
car 0.0580 476 172 500 195
car 0.0381 435 175 474 193
car 0.0175 455 173 489 194
car 0.0151 429 167 473 184
car 0.0120 328 187 476 244
car 0.0086 400 187 487 247
car 0.0062 458 182 485 210
car 0.0047 416 175 452 193
car 0.0046 474 163 499 188
car 0.0038 448 162 494 205
car 0.0037 432 168 480 203
car 0.0037 417 165 451 186
car 0.0033 436 171 502 257
car 0.0030 472 157 501 212
car 0.0027 232 156 320 226
car 0.0027 448 166 494 184
car 0.0025 -3 159 133 213
car 0.0024 -88 139 204 295
car 0.0024 292 164 378 228
car 0.0023 383 157 482 239
car 0.0020 457 194 492 248
car 0.0019 305 165 504 260
car 0.0017 302 196 369 246
car 0.0017 322 182 389 218
car 0.0017 217 173 303 221
car 0.0016 327 200 383 219
car 0.0015 477 181 500 211
car 0.0015 -8 99 134 241
car 0.0014 339 198 407 244
car 0.0013 369 177 415 193
car 0.0012 421 158 483 189
car 0.0011 461 206 484 241
car 0.0011 -31 174 153 299
car 0.0010 371 185 411 239
chair 0.0013 470 194 501 278
diningtable 0.0015 41 184 535 352
person 0.0192 458 179 493 242
person 0.0072 113 171 137 197
person 0.0054 438 178 469 241
person 0.0051 15 133 36 160
person 0.0039 468 192 501 253
person 0.0036 145 165 179 184
person 0.0031 0 170 21 201
person 0.0028 8 163 50 207
person 0.0027 14 170 41 199
person 0.0026 126 165 163 183
person 0.0014 204 162 233 182
person 0.0013 -2 160 26 212
person 0.0012 472 162 501 232
person 0.0011 462 189 484 230
pottedplant 0.0087 184 163 217 181
pottedplant 0.0062 458 94 484 146
pottedplant 0.0011 162 165 203 181
pottedplant 0.0010 460 99 486 124
