car 0.0099 83 227 112 253
car 0.0092 94 226 121 253
car 0.0074 95 212 120 236
motorbike 0.7385 85 241 256 421
motorbike 0.0108 64 274 191 437
motorbike 0.0031 164 232 264 431
motorbike 0.0030 119 271 223 389
motorbike 0.0024 78 317 175 396
motorbike 0.0013 14 238 238 489
person 0.2490 79 245 171 405
person 0.0842 93 228 160 348
person 0.0227 113 211 230 391
person 0.0080 142 233 199 358
person 0.0048 118 220 174 302
person 0.0046 78 216 139 378
person 0.0034 89 219 151 300
person 0.0030 160 245 229 345
person 0.0029 80 229 116 287
person 0.0025 99 269 195 388
person 0.0015 115 226 151 290
person 0.0014 144 261 163 297
person 0.0012 285 182 299 296
person 0.0012 138 214 204 296
person 0.0011 78 213 161 269
person 0.0010 140 241 167 314
pottedplant 0.1100 49 242 81 312
pottedplant 0.0144 59 232 104 338
pottedplant 0.0102 32 240 87 339
pottedplant 0.0069 51 226 72 258
pottedplant 0.0046 52 240 74 276
pottedplant 0.0034 70 231 99 288
pottedplant 0.0031 73 228 97 254
pottedplant 0.0027 56 235 92 287
pottedplant 0.0027 53 253 73 300
pottedplant 0.0022 74 240 94 277
pottedplant 0.0022 41 229 105 295
pottedplant 0.0016 81 218 116 262
pottedplant 0.0016 47 219 76 267
pottedplant 0.0016 76 255 94 295
pottedplant 0.0015 62 256 85 296
pottedplant 0.0015 12 201 104 382
pottedplant 0.0014 62 241 86 275
