bottle 0.0057 131 188 190 233
bottle 0.0037 167 181 195 211
bottle 0.0028 161 180 198 237
bottle 0.0023 421 229 479 275
bottle 0.0022 119 188 164 254
bottle 0.0018 230 247 286 291
bottle 0.0015 384 229 436 277
bottle 0.0011 146 182 182 210
bottle 0.0010 138 175 189 219
car 0.0029 302 171 406 249
chair 0.0248 2 177 94 261
chair 0.0207 76 118 169 241
chair 0.0066 -13 133 108 286
chair 0.0060 0 236 106 303
chair 0.0057 42 147 150 219
chair 0.0020 11 127 177 290
chair 0.0014 74 174 178 244
chair 0.0011 28 79 171 244
chair 0.0010 -4 105 62 215
diningtable 0.0022 103 184 549 360
diningtable 0.0010 182 210 470 334
person 0.0367 58 107 193 271
person 0.0159 319 165 355 188
person 0.0044 119 179 204 262
person 0.0038 336 164 371 190
person 0.0018 394 153 430 212
person 0.0018 312 160 364 194
person 0.0014 423 20 525 238
person 0.0014 -1 84 20 217
person 0.0012 317 156 355 179
person 0.0010 398 177 491 255
person 0.0010 309 162 418 224
pottedplant 0.0177 7 126 81 232
pottedplant 0.0018 -2 78 99 246
pottedplant 0.0016 20 131 69 204
pottedplant 0.0010 3 141 56 218
pottedplant 0.0010 0 87 63 214
sofa 0.0112 0 112 194 263
tvmonitor 0.7925 172 70 321 186
tvmonitor 0.0369 195 110 307 195
tvmonitor 0.0228 219 86 344 172
tvmonitor 0.0055 392 164 435 221
tvmonitor 0.0049 218 173 268 219
tvmonitor 0.0034 93 34 405 224
tvmonitor 0.0027 241 184 272 210
tvmonitor 0.0025 441 228 495 278
tvmonitor 0.0015 229 82 289 160
tvmonitor 0.0014 131 77 298 239
tvmonitor 0.0011 225 181 261 211
tvmonitor 0.0011 176 173 230 217
