bird 0.0087 128 72 202 131
bird 0.0012 118 64 202 182
chair 0.0029 161 247 190 343
person 0.8638 44 215 67 308
person 0.8184 0 201 19 352
person 0.7871 82 169 160 481
person 0.7559 36 214 55 308
person 0.7505 253 223 278 302
person 0.7372 20 243 48 316
person 0.7045 222 224 249 301
person 0.6758 214 225 237 294
person 0.4360 1 224 28 330
person 0.2529 316 185 333 408
person 0.1574 104 83 184 340
person 0.1413 135 122 182 315
person 0.1370 171 226 196 292
person 0.0653 259 241 284 306
person 0.0650 233 223 260 302
person 0.0400 265 229 281 291
person 0.0399 162 225 192 327
person 0.0372 211 226 264 298
person 0.0332 -12 206 25 318
person 0.0324 8 219 62 301
person 0.0260 292 228 314 257
person 0.0248 -5 214 44 308
person 0.0208 37 218 54 259
person 0.0205 319 167 333 316
person 0.0179 0 227 16 293
person 0.0178 206 234 221 279
person 0.0151 139 228 190 339
person 0.0138 256 251 275 298
person 0.0135 302 227 324 260
person 0.0123 278 230 301 257
person 0.0121 211 228 236 260
person 0.0116 36 208 92 300
person 0.0112 76 242 93 274
person 0.0111 56 226 77 294
person 0.0091 321 276 334 435
person 0.0087 36 247 51 309
person 0.0086 1 217 15 266
person 0.0083 292 166 344 413
person 0.0077 46 217 66 265
person 0.0069 238 252 258 296
person 0.0066 89 186 132 248
person 0.0061 188 237 208 270
person 0.0056 217 248 236 300
person 0.0056 29 163 203 491
person 0.0055 114 154 167 346
person 0.0053 46 249 66 303
person 0.0049 226 251 249 296
person 0.0047 23 270 44 319
person 0.0047 207 219 241 270
person 0.0047 88 187 138 310
person 0.0046 9 246 24 311
person 0.0043 309 201 343 394
person 0.0041 303 202 327 353
person 0.0034 255 227 275 260
person 0.0031 279 236 299 273
person 0.0030 296 214 329 268
person 0.0029 291 237 315 271
person 0.0029 0 244 14 426
person 0.0027 264 227 285 262
person 0.0024 201 230 223 257
person 0.0024 148 210 197 309
person 0.0024 320 211 333 272
person 0.0024 86 222 104 259
person 0.0024 25 235 43 289
person 0.0021 142 129 202 274
person 0.0021 231 223 304 289
person 0.0021 35 208 54 240
person 0.0020 320 245 333 313
person 0.0018 89 281 146 443
person 0.0018 295 188 342 317
person 0.0017 100 167 169 278
person 0.0015 227 227 247 261
person 0.0013 163 201 191 284
person 0.0013 25 219 41 261
person 0.0013 166 231 185 282
person 0.0012 82 200 107 280
person 0.0012 120 62 206 289
person 0.0012 125 187 201 384
person 0.0012 34 237 78 311
person 0.0012 45 201 141 455
person 0.0012 94 188 123 220
person 0.0012 287 227 320 281
person 0.0012 319 285 334 348
person 0.0011 273 226 303 284
person 0.0010 169 247 194 346
person 0.0010 321 300 333 373
person 0.0010 258 216 290 273
tvmonitor 0.0075 320 316 336 431
tvmonitor 0.0011 319 372 334 418
