bicycle 0.3384 17 245 237 331
bicycle 0.0060 166 251 265 332
bicycle 0.0035 133 234 284 342
bicycle 0.0031 11 289 199 334
bicycle 0.0026 88 290 255 335
bottle 0.0042 283 213 351 336
chair 0.0030 -1 269 113 331
chair 0.0011 276 257 358 332
chair 0.0010 336 261 415 339
person 0.9656 70 135 178 345
person 0.9395 409 164 492 331
person 0.9004 331 163 402 325
person 0.8654 291 146 357 343
person 0.8612 364 164 434 318
person 0.8153 170 143 258 338
person 0.3400 256 145 323 338
person 0.1469 217 138 284 305
person 0.0807 91 156 256 334
person 0.0462 289 166 333 232
person 0.0363 283 156 322 263
person 0.0234 415 147 488 228
person 0.0201 246 141 283 204
person 0.0193 -13 116 207 370
person 0.0190 303 150 334 198
person 0.0146 294 155 333 291
person 0.0116 87 181 168 304
person 0.0107 260 155 295 315
person 0.0093 328 160 378 287
person 0.0088 436 206 502 326
person 0.0076 476 187 500 336
person 0.0070 439 159 501 277
person 0.0070 182 203 254 320
person 0.0068 333 162 372 237
person 0.0066 169 141 240 246
person 0.0063 260 143 325 247
person 0.0062 373 164 420 235
person 0.0059 396 179 429 317
person 0.0058 262 134 293 189
person 0.0054 278 159 312 311
person 0.0050 223 155 295 241
person 0.0040 243 153 308 271
person 0.0039 236 161 276 312
person 0.0038 255 148 294 220
person 0.0037 422 149 472 199
person 0.0035 27 135 319 351
person 0.0034 300 168 326 198
person 0.0029 341 169 368 198
person 0.0028 446 159 495 215
person 0.0027 186 140 222 206
person 0.0022 305 151 333 174
person 0.0019 315 170 357 230
person 0.0019 307 167 367 306
person 0.0019 477 194 500 223
person 0.0018 392 170 430 253
person 0.0018 239 143 316 202
person 0.0016 322 172 348 199
person 0.0016 209 136 288 203
person 0.0016 187 169 252 279
person 0.0014 178 140 260 205
person 0.0013 288 171 313 200
person 0.0013 473 182 501 238
person 0.0012 378 168 408 199
person 0.0012 318 161 351 184
person 0.0012 298 172 373 249
person 0.0012 409 158 452 213
person 0.0012 433 162 474 230
person 0.0012 195 143 239 199
person 0.0011 475 184 500 211
person 0.0011 300 179 327 213
person 0.0010 288 181 313 213
person 0.0010 266 140 288 177
person 0.0010 192 177 285 349
tvmonitor 0.0011 -6 145 135 291
tvmonitor 0.0011 16 179 106 260
