cat 0.0072 295 31 447 347
cat 0.0012 260 59 547 371
chair 0.0251 0 328 113 377
chair 0.0124 44 335 229 376
chair 0.0040 81 251 164 367
chair 0.0018 70 261 267 388
chair 0.0015 60 298 205 369
chair 0.0013 76 348 216 379
chair 0.0013 140 333 281 380
chair 0.0010 1 314 173 368
person 0.8831 -20 -6 365 381
person 0.0197 246 2 483 372
person 0.0114 67 42 279 331
person 0.0043 323 45 471 330
person 0.0036 10 63 183 315
person 0.0020 1 330 100 375
person 0.0012 126 215 288 387
person 0.0011 151 68 349 306
person 0.0011 478 237 500 380
sofa 0.0024 -12 328 183 379
