car 0.8663 -5 29 504 345
car 0.3660 104 19 140 46
car 0.0616 -1 71 53 118
car 0.0443 -1 20 23 47
car 0.0428 5 23 47 44
car 0.0358 12 67 100 130
car 0.0230 29 21 65 43
car 0.0227 112 45 233 100
car 0.0202 98 3 143 45
car 0.0187 98 22 143 75
car 0.0168 88 81 334 294
car 0.0157 119 22 161 45
car 0.0136 -1 6 58 42
car 0.0126 129 116 524 371
car 0.0113 32 12 68 38
car 0.0113 17 74 93 184
car 0.0103 49 20 79 45
car 0.0091 -1 74 28 139
car 0.0084 47 -1 376 263
car 0.0079 92 18 125 48
car 0.0076 87 9 133 56
car 0.0066 6 11 47 91
car 0.0059 -2 10 27 59
car 0.0058 43 14 147 68
car 0.0052 78 13 175 58
car 0.0040 4 15 105 71
car 0.0039 74 41 191 102
car 0.0036 8 46 102 108
car 0.0034 0 75 25 112
car 0.0034 147 -8 505 268
car 0.0034 0 88 25 122
car 0.0034 -10 30 65 114
car 0.0028 68 11 104 37
car 0.0026 39 4 90 45
car 0.0026 -8 77 68 136
car 0.0025 0 14 24 111
car 0.0025 15 85 76 129
car 0.0022 4 79 47 107
car 0.0022 170 59 408 258
car 0.0022 4 -10 111 46
car 0.0021 22 15 72 51
car 0.0020 104 31 138 65
car 0.0019 0 31 22 67
car 0.0019 4 90 47 120
car 0.0018 27 100 72 200
car 0.0018 93 13 127 84
car 0.0017 26 2 146 44
car 0.0017 67 -1 105 17
car 0.0017 89 19 199 80
car 0.0016 94 15 259 136
car 0.0015 101 -3 227 52
car 0.0014 102 60 228 124
car 0.0014 23 82 67 162
car 0.0013 -17 11 67 80
car 0.0013 129 10 157 40
car 0.0013 255 95 469 279
car 0.0012 46 25 222 182
car 0.0011 5 75 53 169
car 0.0011 116 27 172 71
car 0.0010 104 47 138 80
car 0.0010 133 3 187 46
car 0.0010 196 146 302 228
person 0.0025 200 0 239 44
person 0.0025 479 208 499 243
person 0.0024 292 -1 342 19
tvmonitor 0.0414 326 -3 463 73
tvmonitor 0.0126 262 -1 390 47
tvmonitor 0.0072 309 178 496 370
tvmonitor 0.0058 207 -4 365 43
tvmonitor 0.0031 199 -7 452 95
tvmonitor 0.0027 392 1 487 87
tvmonitor 0.0021 191 11 383 64
tvmonitor 0.0010 338 3 484 42
