bus 0.0201 -26 63 126 202
bus 0.0136 84 132 181 192
bus 0.0110 -12 124 108 183
bus 0.0065 34 121 141 185
bus 0.0041 390 122 428 181
bus 0.0034 446 123 492 184
bus 0.0027 -2 105 23 197
bus 0.0020 -9 93 184 215
bus 0.0019 91 102 196 171
bus 0.0015 133 132 187 175
bus 0.0012 64 112 104 166
bus 0.0012 50 122 90 183
bus 0.0011 319 120 412 198
bus 0.0010 86 111 121 166
bus 0.0010 394 129 495 195
car 0.9276 152 110 410 261
car 0.6553 437 156 508 221
car 0.3548 -3 118 104 204
car 0.2798 464 149 504 214
car 0.0729 127 143 165 185
car 0.0313 409 168 446 215
car 0.0288 136 141 183 184
car 0.0254 435 156 468 178
car 0.0249 398 155 433 210
car 0.0173 402 166 428 199
car 0.0166 143 147 175 178
car 0.0162 414 167 445 195
car 0.0162 203 141 366 235
car 0.0154 444 180 501 230
car 0.0146 415 154 447 179
car 0.0131 454 176 492 214
car 0.0127 399 153 426 176
car 0.0104 472 160 502 198
car 0.0088 448 132 499 202
car 0.0077 -1 119 24 211
car 0.0071 454 162 491 199
car 0.0061 410 140 495 221
car 0.0056 0 147 20 184
car 0.0051 409 144 453 192
car 0.0039 428 134 525 194
car 0.0039 31 124 136 203
car 0.0038 424 148 474 212
car 0.0033 11 88 413 286
car 0.0031 473 152 502 179
car 0.0029 450 154 493 176
car 0.0028 -19 117 125 246
car 0.0028 19 119 66 209
car 0.0023 123 132 205 194
car 0.0023 140 143 182 165
car 0.0020 392 140 431 191
car 0.0018 7 132 56 200
car 0.0018 134 149 220 224
car 0.0017 392 166 475 219
car 0.0016 0 133 20 170
car 0.0014 382 153 411 177
car 0.0014 421 125 534 244
car 0.0014 155 127 265 190
car 0.0013 -12 136 72 222
car 0.0013 117 140 313 276
car 0.0013 62 124 112 179
car 0.0012 397 138 425 168
car 0.0012 431 176 530 243
car 0.0012 84 155 184 217
car 0.0012 127 162 162 191
car 0.0012 0 157 19 204
car 0.0011 369 153 457 211
car 0.0010 166 111 198 132
car 0.0010 378 168 412 191
person 0.0492 406 172 426 215
person 0.0188 417 171 440 213
person 0.0176 95 131 116 171
person 0.0098 1 171 25 243
person 0.0071 303 135 329 167
person 0.0056 -2 87 22 188
person 0.0045 66 141 100 214
person 0.0040 238 128 283 173
person 0.0039 48 123 95 208
person 0.0028 0 187 21 227
person 0.0028 218 129 267 173
person 0.0027 0 117 18 156
person 0.0024 226 137 256 169
person 0.0023 166 126 199 149
person 0.0022 92 118 114 157
person 0.0021 15 107 41 136
person 0.0019 298 129 335 175
person 0.0017 285 136 309 170
person 0.0014 85 126 120 199
person 0.0014 9 90 46 155
person 0.0013 205 137 240 166
person 0.0011 10 5 41 67
pottedplant 0.0039 297 71 417 111
pottedplant 0.0028 312 84 357 106
pottedplant 0.0014 367 71 421 116
