bottle 0.0335 169 232 196 305
bottle 0.0113 173 245 192 291
bottle 0.0043 300 41 325 117
bottle 0.0017 181 302 223 373
bottle 0.0016 166 244 200 342
bottle 0.0010 163 303 207 370
chair 0.0064 0 301 24 376
chair 0.0062 -2 292 53 361
chair 0.0039 168 292 258 377
chair 0.0021 204 232 447 360
chair 0.0020 -10 241 55 368
chair 0.0012 175 269 399 387
chair 0.0011 182 298 309 373
chair 0.0010 220 144 432 346
diningtable 0.0020 132 142 444 402
diningtable 0.0015 187 227 388 370
person 0.8779 61 113 192 371
person 0.7965 152 11 424 363
person 0.4109 402 53 501 374
person 0.0771 281 47 525 386
person 0.0538 108 99 217 387
person 0.0444 314 90 389 158
person 0.0174 172 27 399 227
person 0.0096 435 139 502 403
person 0.0092 -6 276 57 383
person 0.0088 36 104 309 385
person 0.0081 475 147 500 327
person 0.0053 155 105 344 325
person 0.0051 477 95 501 263
person 0.0045 433 39 507 279
person 0.0040 41 219 216 372
person 0.0039 -19 138 212 408
person 0.0029 199 -13 374 154
person 0.0025 322 70 485 304
person 0.0021 301 100 409 198
person 0.0020 1 331 21 373
person 0.0019 130 135 197 245
person 0.0018 -25 251 65 411
person 0.0017 58 -21 366 281
person 0.0015 284 95 444 337
person 0.0015 141 18 289 238
person 0.0014 454 111 497 248
person 0.0014 84 138 185 241
person 0.0012 375 57 586 376
person 0.0012 472 219 500 372
person 0.0012 311 78 408 139
person 0.0011 380 45 498 219
person 0.0011 150 240 217 377
person 0.0010 472 68 499 205
person 0.0010 291 64 376 143
person 0.0010 162 163 490 381
