cat 0.0014 82 68 186 137
chair 0.0064 365 73 502 290
chair 0.0019 438 228 513 313
chair 0.0015 230 95 421 280
chair 0.0013 247 191 405 251
chair 0.0010 202 181 446 311
diningtable 0.0041 44 155 456 389
diningtable 0.0017 212 227 441 373
dog 0.1274 83 101 261 335
person 0.2950 36 50 310 382
person 0.0975 10 -5 489 380
person 0.0892 55 126 443 362
person 0.0038 56 103 218 328
person 0.0029 116 94 294 339
person 0.0028 236 0 282 20
person 0.0025 362 0 426 16
person 0.0020 124 -1 167 16
person 0.0018 139 -1 184 16
person 0.0018 215 0 268 17
person 0.0014 294 -4 437 45
person 0.0013 158 50 494 323
person 0.0010 212 -4 366 40
sofa 0.0212 90 71 485 360
tvmonitor 0.1297 375 34 492 274
tvmonitor 0.0357 0 60 92 146
tvmonitor 0.0122 389 6 494 73
tvmonitor 0.0112 425 0 486 45
tvmonitor 0.0084 391 71 483 189
tvmonitor 0.0080 -3 22 101 174
tvmonitor 0.0018 363 -19 520 113
tvmonitor 0.0014 -10 81 68 177
tvmonitor 0.0013 326 8 484 200
tvmonitor 0.0011 362 78 455 182
