aeroplane 0.0088 339 80 372 100
bird 0.0044 0 25 48 76
bird 0.0032 17 29 73 73
bird 0.0015 338 72 373 94
bird 0.0011 8 36 41 64
bird 0.0010 26 38 66 65
boat 0.7256 328 265 417 326
boat 0.3204 332 212 412 279
boat 0.2579 333 230 404 306
boat 0.0543 185 213 221 237
boat 0.0450 315 215 356 260
boat 0.0290 324 215 384 262
boat 0.0287 107 225 140 246
boat 0.0269 398 188 497 260
boat 0.0220 420 229 480 274
boat 0.0178 419 251 450 280
boat 0.0170 361 220 464 280
boat 0.0163 271 215 320 236
boat 0.0141 348 272 398 292
boat 0.0136 256 214 302 235
boat 0.0132 193 215 242 236
boat 0.0131 349 280 398 307
boat 0.0126 309 195 433 252
boat 0.0114 365 216 428 253
boat 0.0108 422 245 470 284
boat 0.0092 37 183 150 238
boat 0.0092 36 172 174 219
boat 0.0080 356 193 460 252
boat 0.0080 263 206 326 239
boat 0.0077 186 188 312 235
boat 0.0076 431 219 510 281
boat 0.0075 226 186 351 242
boat 0.0074 341 213 449 258
boat 0.0070 417 240 453 264
boat 0.0065 145 189 279 241
boat 0.0065 427 241 474 264
boat 0.0065 100 214 146 234
boat 0.0056 303 225 336 248
boat 0.0050 343 297 406 319
boat 0.0050 240 216 284 234
boat 0.0050 21 214 74 232
boat 0.0050 445 208 500 266
boat 0.0049 2 214 54 233
boat 0.0048 373 223 416 249
boat 0.0046 -3 209 26 233
boat 0.0041 333 238 376 262
boat 0.0041 210 214 269 232
boat 0.0040 188 157 311 226
boat 0.0039 320 262 391 302
boat 0.0039 429 169 506 278
boat 0.0038 187 224 222 245
boat 0.0038 15 188 79 226
boat 0.0038 -2 198 98 245
boat 0.0037 352 224 432 307
boat 0.0036 199 225 238 244
boat 0.0035 64 214 108 234
boat 0.0035 179 182 221 239
boat 0.0035 330 271 380 292
boat 0.0034 317 184 425 302
boat 0.0033 309 215 363 235
boat 0.0032 317 236 350 261
boat 0.0032 453 224 490 249
boat 0.0031 390 224 433 247
boat 0.0028 120 180 223 249
boat 0.0028 258 225 299 245
boat 0.0028 445 240 495 261
boat 0.0027 278 225 319 245
boat 0.0026 244 224 278 246
boat 0.0026 375 156 516 273
boat 0.0026 81 215 130 234
boat 0.0025 296 215 341 235
boat 0.0025 39 213 94 230
boat 0.0024 103 218 143 254
boat 0.0024 409 195 454 250
boat 0.0023 -2 223 24 247
boat 0.0023 150 160 271 219
boat 0.0022 414 225 453 249
boat 0.0021 379 203 446 244
boat 0.0021 329 215 383 234
boat 0.0020 277 158 462 272
boat 0.0020 3 183 53 234
boat 0.0020 422 191 478 252
boat 0.0020 404 214 464 258
boat 0.0020 340 201 406 247
boat 0.0019 271 188 386 248
boat 0.0019 357 235 389 264
boat 0.0019 247 189 312 231
boat 0.0018 416 209 448 237
boat 0.0018 372 271 415 292
boat 0.0018 438 241 502 286
boat 0.0017 373 239 413 261
boat 0.0017 303 207 372 243
boat 0.0017 -1 203 58 242
boat 0.0017 428 224 472 249
boat 0.0016 364 225 423 273
boat 0.0016 445 183 499 239
boat 0.0016 152 124 345 244
boat 0.0016 372 239 491 289
boat 0.0015 96 206 150 239
boat 0.0014 89 224 126 245
boat 0.0014 330 281 378 306
boat 0.0014 333 223 375 253
boat 0.0014 24 196 71 221
boat 0.0014 101 182 153 231
boat 0.0013 165 211 204 233
boat 0.0013 475 161 500 260
boat 0.0012 328 257 455 304
boat 0.0012 -2 176 27 242
boat 0.0012 351 213 397 235
boat 0.0012 390 212 436 235
boat 0.0012 202 206 274 237
boat 0.0012 -22 211 120 264
boat 0.0012 276 213 383 272
boat 0.0012 471 237 502 261
boat 0.0011 305 237 335 261
boat 0.0011 111 155 312 277
boat 0.0011 386 241 439 261
boat 0.0011 369 214 420 235
boat 0.0011 364 273 420 316
boat 0.0011 139 213 188 231
boat 0.0011 187 189 254 231
boat 0.0010 58 201 189 244
boat 0.0010 257 199 302 222
chair 0.0256 78 326 134 346
