bottle 0.3780 325 141 351 223
bottle 0.3352 360 156 388 234
bottle 0.1678 399 150 429 241
bottle 0.1332 338 155 371 231
bottle 0.0977 269 173 377 375
bottle 0.0925 355 166 386 278
bottle 0.0549 322 172 352 242
bottle 0.0498 377 164 407 253
bottle 0.0343 344 168 376 277
bottle 0.0265 327 154 345 207
bottle 0.0219 286 179 351 307
bottle 0.0113 299 182 339 265
bottle 0.0097 364 168 384 221
bottle 0.0065 325 185 347 232
bottle 0.0057 342 185 366 230
bottle 0.0051 403 170 424 220
bottle 0.0045 340 166 407 278
bottle 0.0045 299 138 374 227
bottle 0.0043 381 146 447 245
bottle 0.0040 414 146 443 243
bottle 0.0032 403 158 425 201
bottle 0.0030 319 165 395 250
bottle 0.0030 296 157 335 231
bottle 0.0026 333 130 367 205
bottle 0.0024 251 217 340 331
bottle 0.0022 228 143 354 345
bottle 0.0019 318 181 491 366
bottle 0.0018 283 159 315 230
bottle 0.0018 362 199 385 247
bottle 0.0017 383 184 404 233
bottle 0.0017 360 158 428 258
bottle 0.0016 301 138 435 349
bottle 0.0016 290 244 340 317
bottle 0.0014 346 200 369 245
bottle 0.0012 399 128 428 205
bottle 0.0012 351 196 389 308
bottle 0.0010 320 114 353 193
bottle 0.0010 343 154 365 207
bottle 0.0010 326 146 348 185
diningtable 0.0126 161 95 491 394
diningtable 0.0017 254 225 474 375
person 0.8618 48 0 374 375
person 0.0236 152 19 500 355
person 0.0154 107 42 316 331
person 0.0042 269 59 383 316
person 0.0037 304 54 424 267
person 0.0033 285 123 315 208
person 0.0024 20 83 171 291
person 0.0024 -32 118 302 370
person 0.0016 202 50 370 264
person 0.0014 279 81 354 193
person 0.0013 1 149 193 340
person 0.0012 73 140 272 347
person 0.0011 317 84 395 218
person 0.0010 478 63 499 182
