boat 0.4762 154 158 423 266
boat 0.0077 197 180 379 246
boat 0.0064 181 111 390 226
boat 0.0038 226 138 346 204
boat 0.0038 154 135 270 200
boat 0.0036 113 73 463 258
boat 0.0021 152 160 350 219
boat 0.0011 116 151 460 333
car 0.0024 47 123 452 361
person 0.1853 236 138 270 203
person 0.0230 183 140 314 201
person 0.0190 226 133 262 190
person 0.0043 245 139 268 178
person 0.0031 244 137 270 161
person 0.0029 228 138 256 161
person 0.0024 259 131 301 187
person 0.0018 216 130 300 193
person 0.0015 243 149 268 193
person 0.0011 196 143 245 197
pottedplant 0.0040 146 171 176 195
pottedplant 0.0019 140 163 183 201
pottedplant 0.0016 145 162 177 186
pottedplant 0.0010 134 169 156 201
