bicycle 0.6342 -3 20 502 353
bicycle 0.0151 6 0 339 257
bicycle 0.0079 199 -7 530 325
bicycle 0.0038 133 82 365 292
bicycle 0.0029 81 31 265 229
bicycle 0.0025 229 78 421 299
bicycle 0.0024 293 4 445 195
bicycle 0.0011 -3 115 350 372
boat 0.0035 81 -2 210 45
car 0.0044 83 -4 196 43
car 0.0012 110 0 247 42
car 0.0011 97 -8 226 27
cat 0.0039 336 6 468 75
cat 0.0010 346 -2 462 42
chair 0.0050 115 5 215 79
chair 0.0031 360 45 508 277
chair 0.0010 45 261 147 344
diningtable 0.0018 52 209 524 394
person 0.0041 63 251 108 340
person 0.0016 366 69 504 307
pottedplant 0.0018 239 238 337 313
pottedplant 0.0015 245 260 306 303
pottedplant 0.0014 237 266 338 343
