aeroplane 0.0158 161 93 418 198
aeroplane 0.0095 269 126 403 192
aeroplane 0.0057 218 142 363 192
aeroplane 0.0026 48 78 451 254
aeroplane 0.0020 41 179 92 193
aeroplane 0.0015 243 110 479 211
aeroplane 0.0014 304 110 426 179
aeroplane 0.0014 228 114 351 179
aeroplane 0.0011 216 164 361 208
boat 0.0109 73 163 197 221
boat 0.0065 35 133 233 250
boat 0.0053 31 215 155 270
boat 0.0049 117 189 230 247
boat 0.0044 69 217 201 265
boat 0.0043 5 216 109 273
boat 0.0036 76 192 190 248
boat 0.0036 63 159 283 277
boat 0.0033 145 171 278 217
boat 0.0026 111 214 231 276
boat 0.0025 119 166 225 222
boat 0.0020 -21 121 290 313
boat 0.0018 0 189 187 297
boat 0.0017 128 238 162 257
boat 0.0017 37 193 152 248
boat 0.0016 103 226 146 246
boat 0.0014 89 225 124 247
boat 0.0014 119 218 172 255
boat 0.0013 64 212 108 264
boat 0.0012 126 227 164 250
boat 0.0011 102 238 146 257
boat 0.0010 108 179 313 307
boat 0.0010 159 189 204 205
boat 0.0010 455 143 492 203
person 0.0138 332 319 376 332
