car 0.0153 81 61 128 101
car 0.0043 48 55 161 105
car 0.0025 479 205 499 236
car 0.0021 451 36 490 62
car 0.0019 475 32 498 65
car 0.0018 100 54 322 95
car 0.0013 422 29 482 71
car 0.0012 443 29 496 67
motorbike 0.6321 196 109 457 316
motorbike 0.0653 154 171 282 303
motorbike 0.0252 182 115 317 311
motorbike 0.0065 181 162 257 277
motorbike 0.0035 308 131 486 300
motorbike 0.0022 205 173 271 300
motorbike 0.0021 165 233 265 310
motorbike 0.0015 240 163 319 276
motorbike 0.0014 113 138 387 348
motorbike 0.0014 76 66 424 308
person 0.6712 217 80 427 295
person 0.1033 24 54 68 107
person 0.0457 3 53 52 108
person 0.0290 9 77 43 106
person 0.0259 3 72 23 114
person 0.0240 0 52 26 109
person 0.0144 33 62 63 96
person 0.0141 91 64 118 100
person 0.0073 283 94 373 170
person 0.0059 96 18 481 301
person 0.0045 68 65 103 97
person 0.0045 109 66 139 97
person 0.0044 48 66 88 92
person 0.0040 51 77 82 104
person 0.0039 177 100 330 279
person 0.0038 224 65 255 88
person 0.0034 289 110 347 162
person 0.0030 237 94 339 168
person 0.0028 87 77 126 103
person 0.0027 7 66 45 96
person 0.0026 314 141 415 237
person 0.0025 31 74 64 111
person 0.0024 214 143 254 250
person 0.0023 8 65 82 116
person 0.0019 246 135 270 166
person 0.0019 42 69 88 110
person 0.0018 321 51 352 81
person 0.0018 129 70 159 93
person 0.0014 204 146 291 239
person 0.0013 247 57 406 208
person 0.0013 202 67 239 88
person 0.0011 208 156 243 235
person 0.0011 456 149 488 241
person 0.0010 237 132 333 244
person 0.0010 299 56 335 80
person 0.0010 297 107 374 224
person 0.0010 108 79 140 102
pottedplant 0.0151 2 39 54 92
pottedplant 0.0124 -16 -3 59 94
pottedplant 0.0119 0 19 26 110
pottedplant 0.0116 5 35 90 105
pottedplant 0.0085 26 39 70 95
pottedplant 0.0055 0 -13 31 84
pottedplant 0.0054 34 45 96 89
pottedplant 0.0049 35 52 64 81
pottedplant 0.0037 1 45 20 85
pottedplant 0.0032 10 53 43 81
pottedplant 0.0028 -37 -32 76 122
pottedplant 0.0023 8 13 104 85
pottedplant 0.0020 48 53 83 82
pottedplant 0.0016 37 46 153 103
tvmonitor 0.0013 394 173 470 243
