car 0.0774 314 101 364 132
car 0.0188 303 100 344 134
car 0.0091 260 91 368 133
car 0.0081 359 107 391 126
car 0.0077 319 96 359 115
car 0.0062 342 108 375 127
car 0.0029 298 90 402 132
car 0.0023 303 97 343 115
car 0.0015 299 96 383 158
car 0.0013 255 63 312 95
horse 0.7748 332 122 423 246
horse 0.5035 232 119 321 255
horse 0.4060 55 133 204 266
horse 0.4043 423 121 482 239
horse 0.2069 257 106 353 264
horse 0.1896 43 98 136 270
horse 0.1050 197 106 296 262
horse 0.0600 267 155 341 256
horse 0.0468 285 138 360 242
horse 0.0352 32 139 99 265
horse 0.0105 304 141 341 238
horse 0.0101 139 108 271 260
horse 0.0098 418 111 503 297
horse 0.0077 193 134 268 245
horse 0.0062 303 156 398 248
horse 0.0059 361 113 488 255
horse 0.0058 -3 123 54 239
horse 0.0057 262 157 308 247
horse 0.0047 357 140 396 239
horse 0.0045 354 130 435 199
horse 0.0030 97 135 175 232
horse 0.0027 321 151 360 229
horse 0.0026 129 149 221 255
horse 0.0026 398 136 466 230
horse 0.0025 428 155 472 248
horse 0.0023 213 131 289 223
horse 0.0019 57 120 113 243
horse 0.0018 237 87 538 278
horse 0.0017 81 161 187 251
horse 0.0016 126 120 427 293
horse 0.0015 180 139 248 210
horse 0.0012 247 152 290 253
horse 0.0011 337 144 380 236
person 0.8339 212 94 250 209
person 0.5413 433 98 482 223
person 0.5069 337 112 373 191
person 0.3023 76 82 124 199
person 0.2871 287 96 323 205
person 0.1912 455 98 479 230
person 0.1775 -1 108 28 173
person 0.1153 122 96 185 208
person 0.1140 56 84 120 243
person 0.1124 333 108 391 218
person 0.0856 256 92 318 212
person 0.0555 302 102 335 200
person 0.0528 97 102 163 212
person 0.0412 202 98 277 228
person 0.0396 274 96 342 181
person 0.0339 121 104 162 150
person 0.0338 290 100 325 154
person 0.0285 0 123 26 229
person 0.0255 308 109 374 198
person 0.0249 84 88 114 239
person 0.0177 301 104 336 150
person 0.0176 396 126 425 182
person 0.0174 80 76 113 159
person 0.0131 69 76 104 204
person 0.0124 381 122 420 186
person 0.0118 294 99 316 130
person 0.0108 341 116 414 193
person 0.0105 2 110 42 194
person 0.0096 180 107 244 209
person 0.0088 285 150 326 252
person 0.0085 138 111 176 219
person 0.0078 290 105 348 222
person 0.0078 233 117 301 213
person 0.0060 130 108 179 172
person 0.0060 338 107 374 150
person 0.0058 263 105 313 177
person 0.0057 194 130 233 199
person 0.0055 453 65 479 168
person 0.0046 307 111 334 141
person 0.0042 272 105 306 222
person 0.0042 346 111 371 141
person 0.0040 217 132 243 171
person 0.0037 214 85 279 174
person 0.0037 217 87 250 147
person 0.0035 308 135 341 218
person 0.0035 31 120 69 186
person 0.0035 376 133 415 218
person 0.0033 440 73 475 185
person 0.0032 0 109 21 145
person 0.0031 137 93 174 143
person 0.0030 357 111 399 216
person 0.0028 31 117 99 205
person 0.0027 344 131 368 171
person 0.0027 228 91 261 212
person 0.0025 402 134 423 172
person 0.0025 207 140 243 210
person 0.0024 160 94 262 229
person 0.0023 104 80 133 224
person 0.0023 274 106 304 128
person 0.0022 432 177 465 250
person 0.0021 8 85 108 244
person 0.0021 461 143 479 185
person 0.0021 0 132 24 173
person 0.0021 217 122 247 159
person 0.0020 317 142 366 212
person 0.0020 459 130 481 172
person 0.0019 292 109 319 142
person 0.0019 40 150 82 254
person 0.0018 1 143 20 185
person 0.0018 392 122 467 197
person 0.0018 250 133 289 220
person 0.0018 226 142 272 212
person 0.0017 -19 96 56 175
person 0.0017 356 117 397 166
person 0.0015 -1 63 22 169
person 0.0015 310 121 332 155
person 0.0015 4 91 40 167
person 0.0013 125 105 152 131
person 0.0013 330 111 355 141
person 0.0013 320 117 365 166
person 0.0013 154 100 186 155
person 0.0012 141 105 209 199
person 0.0012 176 148 217 201
person 0.0012 461 107 478 147
person 0.0012 160 104 244 165
person 0.0011 275 113 302 140
person 0.0011 59 83 188 196
person 0.0011 236 195 265 256
pottedplant 0.0027 150 48 195 110
pottedplant 0.0018 159 25 245 95
pottedplant 0.0015 141 49 208 134
pottedplant 0.0013 156 50 248 118
