cat 0.0825 200 4 350 66
cat 0.0023 287 0 424 71
cat 0.0013 236 -5 395 51
cat 0.0011 182 -5 389 97
chair 0.0017 12 6 177 145
chair 0.0016 9 19 102 123
chair 0.0010 0 -5 28 74
chair 0.0010 38 24 151 109
dog 0.0027 383 149 498 342
dog 0.0023 215 -2 436 143
dog 0.0019 398 197 487 298
dog 0.0018 306 1 427 84
person 0.5681 25 3 474 370
person 0.0160 230 23 498 351
person 0.0086 394 34 498 284
person 0.0048 395 0 508 71
person 0.0047 6 -18 415 220
person 0.0042 474 10 500 147
person 0.0040 319 8 488 69
person 0.0040 387 -5 495 43
person 0.0028 380 6 481 92
person 0.0027 428 9 521 253
person 0.0026 309 51 495 266
person 0.0026 473 52 499 192
person 0.0023 296 -4 512 99
person 0.0022 148 3 273 79
person 0.0020 376 -21 503 166
person 0.0018 -18 26 289 348
person 0.0017 139 68 361 304
person 0.0015 301 -5 447 49
person 0.0014 435 -5 502 107
person 0.0014 152 -35 500 180
person 0.0013 383 0 442 14
person 0.0013 198 -2 304 50
person 0.0013 471 97 500 232
person 0.0011 110 -8 312 99
person 0.0011 263 -5 389 47
person 0.0010 320 -9 467 25
person 0.0010 233 74 421 300
