bicycle 0.5607 3 60 113 267
bicycle 0.3919 199 185 453 346
bicycle 0.0847 36 145 463 372
bicycle 0.0048 5 139 125 241
bicycle 0.0039 7 84 180 310
bicycle 0.0038 238 221 414 308
bicycle 0.0029 138 175 361 347
bicycle 0.0015 -1 144 63 251
person 0.6851 6 35 107 254
person 0.6321 266 122 443 336
person 0.0073 -1 55 21 203
person 0.0055 0 55 177 280
person 0.0032 1 61 54 219
person 0.0031 -1 55 99 173
person 0.0028 169 56 484 343
person 0.0025 282 95 438 247
person 0.0015 -14 50 360 346
person 0.0014 391 130 441 187
person 0.0013 -14 60 75 266
person 0.0013 11 61 121 138
person 0.0011 0 32 25 135
person 0.0010 293 174 429 283
