boat 0.0124 119 53 168 77
boat 0.0069 98 46 199 77
boat 0.0047 120 51 164 65
boat 0.0013 0 -5 300 166
boat 0.0012 131 44 235 81
boat 0.0011 122 48 188 70
bus 0.0053 3 64 37 140
person 0.0496 295 155 322 194
person 0.0455 277 158 306 190
person 0.0304 304 156 333 192
person 0.0265 223 157 258 187
person 0.0150 39 147 75 182
person 0.0129 27 147 54 183
person 0.0104 197 154 223 208
person 0.0099 54 148 92 181
person 0.0084 256 159 296 191
person 0.0055 237 156 272 189
person 0.0047 210 154 240 193
person 0.0041 63 161 83 182
person 0.0030 76 147 108 182
person 0.0019 378 107 403 152
person 0.0019 44 161 70 180
person 0.0017 389 111 417 163
person 0.0017 394 127 414 148
person 0.0013 310 168 332 194
person 0.0012 377 105 405 187
person 0.0012 249 75 269 94
person 0.0011 412 112 433 197
person 0.0011 251 153 330 195
person 0.0011 384 125 400 148
pottedplant 0.0087 78 36 111 63
train 0.7436 27 28 404 202
train 0.0097 114 48 315 182
train 0.0096 -27 40 261 189
train 0.0053 161 51 468 213
train 0.0048 0 57 107 173
train 0.0038 -17 52 65 178
train 0.0031 185 49 379 180
train 0.0015 274 58 421 171
train 0.0013 -5 82 52 150
train 0.0012 5 72 35 148
tvmonitor 0.0010 207 50 248 80
