bottle 0.1037 110 251 145 315
bottle 0.0388 145 -8 351 104
bottle 0.0171 120 246 158 317
bottle 0.0104 187 -8 309 86
bottle 0.0077 259 276 302 374
bottle 0.0074 471 255 500 340
bottle 0.0057 116 244 231 305
bottle 0.0041 238 294 324 381
bottle 0.0031 155 253 209 308
bottle 0.0027 163 202 202 302
bottle 0.0024 211 6 360 82
bottle 0.0023 143 248 181 314
bottle 0.0023 206 233 240 326
bottle 0.0022 221 331 265 377
bottle 0.0019 111 208 143 298
bottle 0.0017 252 325 307 378
bottle 0.0016 86 255 160 332
bottle 0.0015 90 256 122 331
bottle 0.0012 147 189 217 314
bottle 0.0011 206 206 245 298
bottle 0.0011 125 274 157 343
bottle 0.0011 111 265 142 349
bottle 0.0010 451 235 494 325
bottle 0.0010 115 268 136 321
chair 0.0067 1 244 52 287
chair 0.0044 26 197 101 288
chair 0.0025 8 251 44 281
chair 0.0023 23 242 67 292
chair 0.0012 132 329 293 379
chair 0.0011 13 232 120 300
diningtable 0.2106 -45 253 391 408
diningtable 0.0550 0 238 268 368
diningtable 0.0394 -26 269 214 393
diningtable 0.0233 85 276 414 380
diningtable 0.0098 116 260 536 399
diningtable 0.0046 228 326 427 378
diningtable 0.0033 63 258 205 346
diningtable 0.0032 313 228 499 364
diningtable 0.0032 204 233 445 372
diningtable 0.0026 140 327 296 374
diningtable 0.0025 166 188 333 354
diningtable 0.0024 24 289 245 427
diningtable 0.0024 9 293 173 376
diningtable 0.0024 78 205 267 346
diningtable 0.0023 0 167 345 378
diningtable 0.0023 231 284 347 383
diningtable 0.0021 212 297 442 413
diningtable 0.0019 152 294 348 366
diningtable 0.0018 145 262 277 341
diningtable 0.0015 25 324 160 385
diningtable 0.0013 105 287 240 373
diningtable 0.0013 6 285 99 380
diningtable 0.0012 57 242 213 303
diningtable 0.0010 195 235 303 314
diningtable 0.0010 81 328 266 387
person 0.8997 63 122 216 297
person 0.8698 208 111 301 313
person 0.8565 297 105 445 377
person 0.0535 287 98 386 332
person 0.0176 25 111 174 274
person 0.0152 194 132 309 244
person 0.0072 87 123 186 256
person 0.0060 139 109 285 268
person 0.0059 -9 135 128 292
person 0.0055 -25 123 295 364
person 0.0023 315 150 402 280
person 0.0022 6 175 109 268
person 0.0020 121 130 213 251
person 0.0016 198 160 284 284
person 0.0016 50 136 139 245
person 0.0015 305 121 367 258
person 0.0014 323 187 417 301
person 0.0013 5 91 262 284
person 0.0010 180 163 257 266
tvmonitor 0.0052 -19 -10 137 154
tvmonitor 0.0046 267 115 320 162
tvmonitor 0.0019 5 52 105 146
tvmonitor 0.0011 13 11 177 189
tvmonitor 0.0010 222 105 335 197
