bottle 0.0052 280 142 354 276
bottle 0.0050 179 74 221 141
bottle 0.0044 180 329 220 375
bottle 0.0027 75 210 98 241
bottle 0.0027 49 208 79 234
chair 0.4101 -1 231 124 376
chair 0.1451 10 213 94 331
chair 0.0830 199 205 309 278
chair 0.0588 408 269 502 378
chair 0.0535 220 300 300 378
chair 0.0387 391 176 466 273
chair 0.0247 470 203 500 272
chair 0.0230 443 254 502 363
chair 0.0195 195 330 307 377
chair 0.0168 170 188 331 303
chair 0.0134 269 308 440 370
chair 0.0127 229 321 366 381
chair 0.0120 280 243 457 370
chair 0.0105 343 138 409 249
chair 0.0087 314 191 486 363
chair 0.0072 81 244 131 286
chair 0.0068 336 272 451 374
chair 0.0067 372 300 492 375
chair 0.0065 1 237 125 294
chair 0.0062 191 267 310 340
chair 0.0060 290 119 353 252
chair 0.0060 167 311 315 365
chair 0.0052 191 235 310 302
chair 0.0051 322 158 397 267
chair 0.0051 356 242 395 264
chair 0.0046 367 232 500 375
chair 0.0042 63 271 141 376
chair 0.0041 152 268 263 335
chair 0.0040 356 167 452 263
chair 0.0038 334 325 471 379
chair 0.0038 287 319 389 379
chair 0.0037 353 202 473 300
chair 0.0036 356 191 397 254
chair 0.0035 114 268 227 332
chair 0.0035 112 192 311 341
chair 0.0035 145 243 354 360
chair 0.0032 479 143 501 245
chair 0.0032 476 235 499 271
chair 0.0032 268 127 374 295
chair 0.0031 277 275 394 375
chair 0.0028 109 297 237 365
chair 0.0025 472 246 500 344
chair 0.0024 373 149 495 337
chair 0.0024 244 326 301 376
chair 0.0021 476 216 499 259
chair 0.0020 430 221 518 384
chair 0.0020 3 109 109 333
chair 0.0019 306 124 416 302
chair 0.0019 326 143 481 286
chair 0.0018 313 260 424 352
chair 0.0018 361 243 465 316
chair 0.0018 47 232 137 318
chair 0.0016 151 209 269 287
chair 0.0015 278 158 451 330
chair 0.0015 87 227 125 247
chair 0.0015 307 142 353 216
chair 0.0015 313 208 417 282
chair 0.0015 151 251 181 280
chair 0.0014 440 229 509 325
chair 0.0014 126 232 223 318
chair 0.0014 479 201 500 243
chair 0.0014 450 226 499 272
chair 0.0014 -1 218 61 342
chair 0.0013 15 301 157 371
chair 0.0013 308 237 432 305
chair 0.0013 455 190 493 258
chair 0.0013 75 293 193 369
chair 0.0013 233 264 345 344
chair 0.0012 84 241 161 350
chair 0.0012 33 245 101 285
chair 0.0012 441 301 498 374
chair 0.0011 268 241 385 309
chair 0.0011 475 249 502 278
chair 0.0011 225 286 288 333
chair 0.0011 469 230 503 297
chair 0.0010 275 205 381 275
chair 0.0010 190 330 246 374
chair 0.0010 2 197 47 277
chair 0.0010 9 203 124 273
chair 0.0010 162 242 197 267
chair 0.0010 39 199 85 245
diningtable 0.0072 207 279 449 372
diningtable 0.0018 68 234 275 365
diningtable 0.0017 100 217 476 385
person 0.1207 283 86 324 134
person 0.0214 286 85 347 177
person 0.0064 319 111 349 136
person 0.0043 273 70 360 247
person 0.0037 264 107 328 207
person 0.0030 285 83 319 184
person 0.0029 258 79 339 140
person 0.0018 0 222 28 367
person 0.0012 311 105 351 142
pottedplant 0.0056 476 110 499 222
pottedplant 0.0047 151 241 180 270
pottedplant 0.0027 133 202 212 298
pottedplant 0.0024 457 111 495 221
pottedplant 0.0011 338 281 372 307
pottedplant 0.0011 145 163 184 284
pottedplant 0.0011 121 123 227 312
sofa 0.0193 307 238 487 371
sofa 0.0121 2 209 101 295
sofa 0.0011 364 228 459 304
tvmonitor 0.0135 220 103 270 141
tvmonitor 0.0109 202 186 309 265
tvmonitor 0.0037 162 154 336 286
tvmonitor 0.0019 241 107 271 136
