cat 0.0016 289 -6 334 104
chair 0.0030 107 187 211 250
chair 0.0025 257 177 326 479
chair 0.0023 150 169 234 241
chair 0.0015 125 129 208 222
chair 0.0012 292 322 334 486
chair 0.0011 124 215 260 436
diningtable 0.0062 48 164 335 488
diningtable 0.0012 6 83 274 417
dog 0.0018 271 -4 332 100
person 0.0041 268 -1 329 118
person 0.0037 253 288 335 514
person 0.0021 51 123 332 452
person 0.0020 242 -5 348 197
person 0.0014 92 191 175 250
pottedplant 0.0024 256 224 332 503
pottedplant 0.0020 93 177 189 238
pottedplant 0.0013 76 199 152 295
pottedplant 0.0012 272 294 326 433
sofa 0.0191 -9 173 342 479
