chair 0.2546 106 298 280 502
chair 0.0339 130 216 301 453
chair 0.0079 152 361 283 509
chair 0.0069 176 388 259 499
chair 0.0053 85 255 203 473
chair 0.0045 52 310 127 426
chair 0.0039 31 272 143 454
chair 0.0037 133 338 200 472
chair 0.0033 188 289 293 508
chair 0.0030 292 301 334 451
chair 0.0029 154 342 229 473
chair 0.0026 208 381 279 506
chair 0.0026 211 256 326 473
chair 0.0023 60 271 118 385
chair 0.0019 163 320 269 413
chair 0.0019 178 374 269 455
chair 0.0017 11 213 117 438
chair 0.0016 44 356 121 435
chair 0.0014 236 303 302 423
chair 0.0013 301 303 331 406
chair 0.0012 64 205 162 447
chair 0.0011 107 305 161 481
diningtable 0.0498 73 287 310 514
person 0.3105 124 183 257 481
person 0.0358 112 160 221 361
person 0.0152 84 181 205 469
person 0.0123 103 101 330 476
person 0.0037 149 179 221 303
person 0.0018 40 126 241 450
person 0.0017 129 174 204 256
person 0.0011 156 172 193 233
sofa 0.0786 118 216 316 512
sofa 0.0012 17 224 265 502
tvmonitor 0.0368 294 87 332 236
tvmonitor 0.0232 311 118 335 209
tvmonitor 0.0094 310 19 335 110
tvmonitor 0.0091 35 178 98 263
tvmonitor 0.0068 46 213 92 267
tvmonitor 0.0021 296 -7 331 141
tvmonitor 0.0020 302 106 349 223
