boat 0.0013 -1 109 24 182
car 0.0012 12 151 42 173
person 0.0042 172 187 203 259
person 0.0031 148 183 176 264
person 0.0031 307 218 329 250
person 0.0020 181 122 221 170
person 0.0016 302 213 333 259
person 0.0016 188 132 214 160
person 0.0015 228 133 253 161
person 0.0012 178 194 218 253
person 0.0011 245 134 273 159
person 0.0011 221 122 259 173
person 0.0010 245 120 272 146
train 0.5810 147 65 335 267
train 0.2658 64 63 359 319
train 0.0022 144 71 508 309
train 0.0020 139 136 287 201
train 0.0014 121 134 304 289
