car 0.0159 -18 64 81 254
car 0.0080 11 103 87 217
car 0.0073 11 91 89 165
car 0.0028 207 66 521 365
car 0.0010 -1 90 63 185
cow 0.4068 80 104 211 201
cow 0.0557 342 101 465 157
cow 0.0234 314 97 418 163
cow 0.0143 188 104 309 161
cow 0.0101 158 118 254 199
cow 0.0075 110 96 310 222
cow 0.0055 276 118 378 198
cow 0.0049 203 114 295 203
cow 0.0047 318 88 487 233
cow 0.0034 387 93 495 167
cow 0.0029 216 104 360 279
cow 0.0026 120 105 171 199
cow 0.0025 346 85 477 134
cow 0.0023 236 123 359 180
cow 0.0019 283 65 449 198
cow 0.0018 234 99 416 221
cow 0.0016 313 117 419 195
cow 0.0016 12 65 411 251
cow 0.0015 174 129 224 170
cow 0.0014 191 117 251 163
cow 0.0012 154 101 263 167
cow 0.0012 154 73 347 190
cow 0.0012 269 103 386 162
cow 0.0011 342 102 408 145
cow 0.0011 137 116 186 211
dog 0.2401 0 136 54 290
dog 0.0409 185 149 375 344
dog 0.0021 137 63 439 370
dog 0.0016 274 206 380 285
dog 0.0012 -17 162 41 283
horse 0.0016 52 56 447 319
motorbike 0.0295 130 119 522 369
person 0.3491 4 131 45 261
person 0.0717 -6 99 63 279
person 0.0254 -1 139 26 280
person 0.0136 241 124 284 175
person 0.0067 320 109 489 323
person 0.0066 0 209 21 321
person 0.0061 3 127 41 204
person 0.0060 232 120 342 194
person 0.0031 247 130 276 166
person 0.0029 243 133 330 236
person 0.0029 284 137 371 229
person 0.0024 224 124 255 153
person 0.0018 251 131 304 198
person 0.0014 9 135 40 164
person 0.0014 -2 113 30 189
person 0.0013 1 131 24 167
person 0.0013 0 122 23 155
person 0.0011 248 117 306 161
person 0.0011 199 119 239 177
person 0.0010 201 134 297 235
person 0.0010 289 115 344 163
person 0.0010 280 176 373 254
person 0.0010 182 134 218 163
pottedplant 0.0028 436 2 511 89
pottedplant 0.0024 404 -1 498 103
pottedplant 0.0013 442 88 501 128
sheep 0.0032 101 97 218 180
sheep 0.0010 68 115 189 189
