bottle 0.0026 192 360 219 427
bottle 0.0012 198 371 215 422
bottle 0.0010 316 159 334 200
car 0.0234 39 12 277 320
car 0.0015 12 -10 144 30
car 0.0010 67 0 118 18
cat 0.2796 254 240 352 473
cat 0.0100 203 284 346 489
cat 0.0056 269 250 345 384
cat 0.0036 173 192 373 508
cat 0.0021 285 275 363 426
cat 0.0015 172 380 319 481
chair 0.0021 139 383 236 471
chair 0.0019 159 351 330 486
chair 0.0012 113 380 201 476
chair 0.0011 148 380 175 482
person 0.0010 31 86 343 464
pottedplant 0.0125 185 344 210 411
pottedplant 0.0123 151 364 174 435
tvmonitor 0.1541 66 70 245 319
tvmonitor 0.0061 -2 123 147 357
tvmonitor 0.0037 45 40 328 365
tvmonitor 0.0032 -27 26 230 379
tvmonitor 0.0014 107 146 204 253
tvmonitor 0.0012 -8 90 91 316
tvmonitor 0.0011 147 145 227 257
tvmonitor 0.0010 64 182 134 301
tvmonitor 0.0010 100 120 216 221
