bottle 0.0030 91 2 120 69
bottle 0.0013 93 0 116 37
bottle 0.0011 88 -14 119 115
chair 0.0187 6 0 106 99
chair 0.0047 11 1 173 129
chair 0.0037 47 19 144 119
chair 0.0034 89 176 339 360
chair 0.0015 43 187 226 352
chair 0.0014 2 -11 63 113
person 0.9055 107 69 391 363
person 0.0403 48 42 450 276
person 0.0188 294 86 329 132
person 0.0035 300 82 328 112
person 0.0033 83 149 269 339
person 0.0027 138 68 361 256
person 0.0026 90 10 121 119
person 0.0020 60 122 141 197
person 0.0014 81 60 266 262
person 0.0014 140 178 363 363
person 0.0012 62 4 211 145
pottedplant 0.0188 179 46 266 113
pottedplant 0.0180 181 65 216 118
pottedplant 0.0142 2 306 48 372
pottedplant 0.0102 198 55 251 104
pottedplant 0.0087 183 67 214 96
pottedplant 0.0082 127 31 216 117
pottedplant 0.0067 202 52 279 135
pottedplant 0.0041 97 26 175 124
pottedplant 0.0040 157 65 263 135
pottedplant 0.0038 0 271 29 377
pottedplant 0.0032 206 47 267 86
pottedplant 0.0031 125 14 296 137
pottedplant 0.0026 186 44 292 89
pottedplant 0.0023 27 297 62 380
pottedplant 0.0021 164 57 210 130
pottedplant 0.0016 213 55 262 78
pottedplant 0.0012 140 43 176 113
pottedplant 0.0012 30 338 60 370
pottedplant 0.0012 203 64 241 92
pottedplant 0.0011 156 32 341 165
tvmonitor 0.0026 42 0 91 19
tvmonitor 0.0013 1 -1 53 43
tvmonitor 0.0012 7 203 99 287
tvmonitor 0.0012 3 -11 130 29
