bottle 0.0238 167 142 204 203
bottle 0.0185 92 134 128 185
bottle 0.0084 371 137 404 235
bottle 0.0051 362 125 396 247
bottle 0.0046 96 140 120 178
bottle 0.0037 400 221 426 301
bottle 0.0031 3 148 49 193
bottle 0.0021 355 159 395 286
bottle 0.0017 174 157 219 213
bottle 0.0016 374 149 412 298
bottle 0.0014 371 126 408 193
bottle 0.0013 121 166 159 257
bottle 0.0013 11 144 40 172
bottle 0.0012 173 152 195 194
bottle 0.0010 396 138 426 282
chair 0.0045 439 190 504 296
chair 0.0028 407 186 474 301
chair 0.0028 477 160 500 287
chair 0.0025 391 225 485 310
chair 0.0019 437 134 500 263
chair 0.0018 430 158 514 327
chair 0.0011 362 153 420 293
diningtable 0.0199 392 150 488 329
diningtable 0.0056 351 160 462 323
diningtable 0.0011 398 167 466 279
person 0.6033 431 80 510 301
person 0.5283 127 9 370 323
person 0.4704 141 71 221 210
person 0.3512 21 24 155 258
person 0.2502 339 28 413 300
person 0.1514 362 48 447 288
person 0.0795 212 17 355 265
person 0.0533 110 57 232 320
person 0.0312 58 53 199 278
person 0.0283 337 60 405 166
person 0.0256 254 29 400 301
person 0.0245 445 74 500 219
person 0.0223 143 60 278 272
person 0.0151 2 67 266 316
person 0.0132 73 60 139 182
person 0.0124 166 76 247 164
person 0.0124 179 77 216 142
person 0.0096 138 76 224 142
person 0.0093 474 116 500 253
person 0.0091 104 124 321 305
person 0.0079 168 35 335 197
person 0.0077 -1 84 134 294
person 0.0074 -8 5 118 178
person 0.0068 17 132 171 349
person 0.0064 281 56 525 327
person 0.0059 435 129 504 253
person 0.0049 206 121 361 310
person 0.0047 121 74 206 168
person 0.0047 397 51 490 241
person 0.0044 362 56 428 173
person 0.0040 177 74 220 191
person 0.0039 85 65 125 152
person 0.0036 370 106 437 229
person 0.0033 180 12 471 270
person 0.0031 393 106 468 213
person 0.0028 120 137 456 347
person 0.0028 156 81 206 136
person 0.0026 469 55 500 187
person 0.0020 124 98 201 222
person 0.0019 449 64 498 153
person 0.0017 106 101 184 193
person 0.0016 309 152 426 327
person 0.0015 91 76 180 162
person 0.0015 346 98 402 233
person 0.0014 1 118 26 200
person 0.0013 -11 52 71 232
person 0.0013 382 74 443 196
person 0.0012 63 125 147 194
person 0.0012 137 82 182 186
person 0.0011 224 101 257 167
person 0.0011 108 125 181 246
person 0.0011 145 80 184 137
person 0.0011 415 74 493 193
person 0.0011 345 54 397 113
person 0.0011 23 13 399 218
person 0.0010 397 79 439 163
person 0.0010 -1 89 59 195
person 0.0010 433 42 517 191
tvmonitor 0.0017 475 210 501 313
tvmonitor 0.0012 256 -2 415 40
