bird 0.0061 224 191 425 345
car 0.0091 67 121 98 144
cat 0.0031 170 174 409 367
cat 0.0010 275 183 438 360
chair 0.0036 363 106 439 212
chair 0.0036 0 318 18 356
chair 0.0018 11 317 82 362
chair 0.0016 1 326 55 375
chair 0.0015 49 287 140 374
chair 0.0012 6 326 46 348
chair 0.0011 341 72 461 243
chair 0.0011 433 142 527 234
dog 0.0288 134 96 442 392
dog 0.0071 194 95 380 338
dog 0.0019 219 174 302 261
dog 0.0013 207 144 290 233
person 0.7037 35 14 386 360
person 0.1125 184 6 466 368
person 0.0159 115 60 308 313
person 0.0094 133 164 443 380
person 0.0061 230 66 416 307
person 0.0054 -11 108 65 328
person 0.0033 55 122 86 145
person 0.0030 50 98 220 335
person 0.0028 275 220 440 380
person 0.0018 -5 78 124 295
person 0.0010 54 113 87 138
pottedplant 0.0019 394 60 490 139
