bottle 0.0024 432 138 466 210
bottle 0.0013 57 269 78 305
chair 0.3037 72 206 351 319
chair 0.0866 -8 204 122 335
chair 0.0600 -1 265 66 335
chair 0.0388 409 199 490 298
chair 0.0377 18 176 169 317
chair 0.0342 346 138 461 290
chair 0.0214 49 218 140 319
chair 0.0207 -6 227 69 322
chair 0.0154 254 214 475 321
chair 0.0138 289 272 460 326
chair 0.0122 438 213 506 326
chair 0.0096 292 172 365 261
chair 0.0084 470 212 501 286
chair 0.0080 358 150 428 269
chair 0.0074 307 165 493 316
chair 0.0072 399 250 498 328
chair 0.0063 396 175 485 265
chair 0.0054 128 200 290 287
chair 0.0050 476 173 500 274
chair 0.0040 332 148 404 236
chair 0.0037 -3 265 26 333
chair 0.0037 46 183 148 250
chair 0.0036 237 222 340 309
chair 0.0035 2 235 176 344
chair 0.0034 355 37 435 127
chair 0.0034 204 171 359 312
chair 0.0032 191 227 307 304
chair 0.0032 319 170 407 264
chair 0.0030 272 230 382 307
chair 0.0027 -8 286 101 334
chair 0.0027 263 143 395 289
chair 0.0026 31 273 141 326
chair 0.0026 143 171 279 227
chair 0.0026 426 204 479 269
chair 0.0024 359 145 388 172
chair 0.0024 -6 128 128 308
chair 0.0023 294 139 343 177
chair 0.0023 20 192 116 280
chair 0.0022 433 190 501 282
chair 0.0021 192 174 307 246
chair 0.0020 281 206 362 281
chair 0.0020 1 225 48 297
chair 0.0020 324 142 349 170
chair 0.0019 379 99 489 277
chair 0.0018 0 225 26 322
chair 0.0017 330 210 476 272
chair 0.0016 336 163 373 233
chair 0.0014 213 241 438 346
chair 0.0013 227 264 350 322
chair 0.0013 306 114 425 268
chair 0.0013 355 156 394 266
chair 0.0012 315 149 361 223
chair 0.0012 259 262 393 330
chair 0.0012 297 235 433 307
chair 0.0012 313 178 360 239
chair 0.0011 356 13 452 167
chair 0.0011 234 183 342 254
chair 0.0011 362 235 523 337
chair 0.0010 472 232 501 341
chair 0.0010 188 259 311 323
chair 0.0010 109 147 314 247
chair 0.0010 -18 202 66 284
chair 0.0010 -27 307 122 337
diningtable 0.0021 122 189 531 344
person 0.0106 265 25 372 160
pottedplant 0.0393 365 32 462 249
pottedplant 0.0229 392 52 494 233
pottedplant 0.0178 265 137 302 178
pottedplant 0.0108 325 132 350 162
pottedplant 0.0071 410 84 483 191
pottedplant 0.0068 269 132 294 165
pottedplant 0.0034 379 112 451 220
pottedplant 0.0022 280 143 308 171
pottedplant 0.0019 379 61 443 164
pottedplant 0.0014 264 76 301 166
sofa 0.4807 85 172 335 312
sofa 0.0087 -28 195 374 337
sofa 0.0029 87 183 265 242
sofa 0.0014 28 159 243 285
sofa 0.0013 124 174 278 225
tvmonitor 0.0241 438 85 503 195
tvmonitor 0.0095 425 58 515 224
tvmonitor 0.0061 476 137 501 231
tvmonitor 0.0028 389 54 487 266
tvmonitor 0.0025 430 153 470 213
tvmonitor 0.0020 447 150 488 219
