car 0.8914 9 60 489 314
car 0.1438 354 55 393 77
car 0.0227 426 101 472 171
car 0.0226 396 91 484 172
car 0.0181 124 90 377 284
car 0.0151 333 57 379 74
car 0.0057 216 74 359 132
car 0.0040 388 42 436 60
car 0.0036 210 102 442 276
car 0.0034 364 57 422 71
car 0.0033 318 55 358 72
car 0.0021 13 180 106 249
car 0.0018 376 43 413 64
car 0.0017 17 148 98 231
car 0.0017 64 102 280 274
car 0.0012 176 65 400 196
car 0.0011 197 149 302 224
car 0.0011 413 103 455 170
car 0.0010 396 93 426 120
car 0.0010 -41 90 312 339
person 0.0025 236 80 357 137
person 0.0023 293 85 339 134
person 0.0017 271 84 327 133
person 0.0014 191 39 244 86
person 0.0011 263 93 295 123
pottedplant 0.0096 281 -11 357 85
pottedplant 0.0055 406 41 457 61
pottedplant 0.0035 312 -1 358 75
pottedplant 0.0023 282 27 346 73
pottedplant 0.0022 265 56 329 73
pottedplant 0.0020 290 55 345 72
pottedplant 0.0018 405 14 458 61
pottedplant 0.0017 398 33 466 66
pottedplant 0.0013 96 13 144 59
pottedplant 0.0012 428 40 473 59
pottedplant 0.0010 380 10 484 63
