chair 0.0083 154 55 263 136
chair 0.0026 137 30 276 170
chair 0.0012 3 248 59 368
chair 0.0010 0 250 24 367
person 0.0291 144 -1 272 146
person 0.0115 305 -2 422 40
person 0.0112 159 0 252 88
person 0.0074 144 -5 185 101
person 0.0059 131 1 219 89
person 0.0039 346 -2 460 42
person 0.0024 221 0 258 18
person 0.0018 332 0 379 20
person 0.0014 326 0 388 36
person 0.0011 392 -1 436 19
pottedplant 0.0014 15 197 98 286
pottedplant 0.0013 -21 170 67 378
pottedplant 0.0012 -16 196 52 298
pottedplant 0.0010 -4 215 57 336
tvmonitor 0.3920 76 131 265 303
tvmonitor 0.3197 261 35 460 226
tvmonitor 0.0753 268 102 365 201
tvmonitor 0.0575 253 64 379 122
tvmonitor 0.0497 99 186 142 258
tvmonitor 0.0441 100 164 172 274
tvmonitor 0.0350 107 0 249 148
tvmonitor 0.0234 271 33 379 111
tvmonitor 0.0227 307 6 496 195
tvmonitor 0.0133 347 122 462 201
tvmonitor 0.0115 308 91 498 228
tvmonitor 0.0111 143 218 190 257
tvmonitor 0.0106 34 48 234 267
tvmonitor 0.0103 303 123 425 198
tvmonitor 0.0093 252 3 406 143
tvmonitor 0.0091 21 161 97 271
tvmonitor 0.0079 99 167 248 265
tvmonitor 0.0068 136 13 225 119
tvmonitor 0.0065 270 154 376 222
tvmonitor 0.0062 7 109 109 321
tvmonitor 0.0061 298 54 424 144
tvmonitor 0.0055 338 0 484 41
tvmonitor 0.0049 82 149 187 235
tvmonitor 0.0049 268 -4 382 42
tvmonitor 0.0048 378 27 492 227
tvmonitor 0.0048 227 219 251 252
tvmonitor 0.0035 93 190 196 257
tvmonitor 0.0032 268 9 381 79
tvmonitor 0.0031 50 170 138 264
tvmonitor 0.0031 401 51 494 150
tvmonitor 0.0029 -1 102 185 274
tvmonitor 0.0029 76 31 189 110
tvmonitor 0.0027 339 4 467 73
tvmonitor 0.0027 277 73 356 112
tvmonitor 0.0027 287 132 344 199
tvmonitor 0.0026 235 -11 340 48
tvmonitor 0.0025 142 98 269 280
tvmonitor 0.0025 353 83 455 179
tvmonitor 0.0024 220 212 255 260
tvmonitor 0.0021 89 174 133 244
tvmonitor 0.0020 162 3 277 71
tvmonitor 0.0020 361 -4 519 153
tvmonitor 0.0020 96 140 146 190
tvmonitor 0.0019 398 28 498 114
tvmonitor 0.0019 80 61 185 143
tvmonitor 0.0017 247 107 402 266
tvmonitor 0.0017 310 0 418 78
tvmonitor 0.0017 441 8 499 118
tvmonitor 0.0017 162 142 245 239
tvmonitor 0.0016 45 58 143 141
tvmonitor 0.0016 272 -22 456 113
tvmonitor 0.0015 350 154 459 225
tvmonitor 0.0015 352 27 455 113
tvmonitor 0.0015 199 213 245 261
tvmonitor 0.0015 6 147 108 235
tvmonitor 0.0015 370 77 421 141
tvmonitor 0.0013 279 124 349 234
tvmonitor 0.0013 172 216 232 260
tvmonitor 0.0013 306 156 424 225
tvmonitor 0.0013 108 215 177 256
tvmonitor 0.0012 232 12 343 76
tvmonitor 0.0012 141 -13 271 115
tvmonitor 0.0012 201 4 248 68
tvmonitor 0.0012 213 -2 258 45
tvmonitor 0.0011 381 9 504 74
tvmonitor 0.0011 162 224 196 250
tvmonitor 0.0010 49 28 142 114
tvmonitor 0.0010 16 21 174 181
