aeroplane 0.6461 51 53 448 224
aeroplane 0.0257 88 108 488 253
aeroplane 0.0078 218 63 428 213
aeroplane 0.0051 99 139 148 153
aeroplane 0.0028 121 139 165 153
aeroplane 0.0023 136 49 363 186
aeroplane 0.0019 90 92 333 229
aeroplane 0.0017 267 70 386 126
aeroplane 0.0013 32 132 175 160
aeroplane 0.0011 226 56 423 145
aeroplane 0.0010 347 99 475 127
aeroplane 0.0010 75 140 136 152
aeroplane 0.0010 57 139 114 151
boat 0.0020 329 71 370 132
boat 0.0012 430 114 475 127
boat 0.0012 357 117 428 127
car 0.0415 -4 197 67 255
car 0.0186 0 211 49 270
car 0.0053 475 105 499 124
car 0.0029 444 107 496 120
car 0.0028 477 110 502 130
car 0.0020 122 146 166 159
car 0.0019 -2 194 28 266
car 0.0015 386 116 439 127
car 0.0015 -17 170 123 275
car 0.0013 1 175 102 238
car 0.0011 25 205 71 257
car 0.0011 404 115 460 127
chair 0.0011 434 200 464 254
person 0.8897 358 194 387 246
person 0.0290 344 194 408 247
person 0.0158 304 196 328 239
person 0.0139 419 195 451 245
person 0.0107 346 182 375 255
person 0.0071 322 195 344 219
person 0.0044 360 195 382 224
person 0.0016 321 190 349 209
person 0.0015 310 192 331 225
person 0.0011 305 186 332 209
