bottle 0.0339 188 126 223 164
bottle 0.0296 171 261 200 312
bottle 0.0129 173 257 195 293
bottle 0.0101 475 300 497 330
bottle 0.0053 436 290 472 334
bottle 0.0042 194 118 216 154
bottle 0.0029 434 314 470 334
bottle 0.0024 456 313 491 334
bottle 0.0022 159 271 201 328
bottle 0.0022 205 129 231 162
bottle 0.0019 128 260 155 290
bottle 0.0017 200 109 232 162
bottle 0.0015 245 298 271 328
bottle 0.0013 238 293 277 332
bottle 0.0013 79 242 125 286
bottle 0.0012 266 266 323 335
bottle 0.0010 126 242 241 313
bottle 0.0010 86 253 119 277
bottle 0.0010 245 286 273 316
chair 0.0420 13 294 161 333
chair 0.0228 369 154 450 240
chair 0.0184 364 256 456 331
chair 0.0116 392 253 485 333
chair 0.0079 369 155 461 331
chair 0.0078 333 259 413 341
chair 0.0076 13 266 118 337
chair 0.0066 387 274 440 325
chair 0.0064 395 155 439 216
chair 0.0056 376 194 442 296
chair 0.0051 1 205 130 329
chair 0.0050 437 246 502 332
chair 0.0039 444 292 495 332
chair 0.0038 85 292 160 334
chair 0.0037 121 251 159 298
chair 0.0034 376 157 417 215
chair 0.0033 52 263 214 328
chair 0.0029 474 271 499 329
chair 0.0029 375 289 417 336
chair 0.0028 345 292 406 332
chair 0.0027 28 295 101 332
chair 0.0026 7 288 52 334
chair 0.0025 3 245 50 306
chair 0.0024 1 276 46 323
chair 0.0024 46 227 139 315
chair 0.0024 414 148 486 237
chair 0.0023 318 228 413 312
chair 0.0023 228 289 340 335
chair 0.0022 408 253 448 323
chair 0.0020 231 118 285 173
chair 0.0019 438 244 470 332
chair 0.0018 6 198 113 282
chair 0.0017 320 239 494 335
chair 0.0017 13 223 85 325
chair 0.0017 12 307 123 337
chair 0.0015 73 236 104 291
chair 0.0014 -8 252 65 331
chair 0.0014 8 246 258 335
chair 0.0013 52 317 120 333
chair 0.0013 51 291 236 333
chair 0.0013 55 272 151 333
chair 0.0012 102 256 154 292
chair 0.0012 267 241 386 296
chair 0.0012 356 227 401 296
chair 0.0012 373 252 418 326
chair 0.0012 1 318 55 334
chair 0.0011 129 250 155 279
chair 0.0011 248 273 380 327
chair 0.0011 366 206 424 239
chair 0.0010 407 141 446 206
chair 0.0010 408 165 453 229
diningtable 0.0182 26 247 321 339
diningtable 0.0157 111 291 309 338
diningtable 0.0081 99 269 264 332
diningtable 0.0022 95 274 322 361
diningtable 0.0012 151 308 328 337
person 0.0151 245 253 329 333
person 0.0054 0 223 25 325
person 0.0050 2 120 106 317
person 0.0013 72 77 104 215
person 0.0012 0 266 28 332
pottedplant 0.1010 431 156 511 323
pottedplant 0.0695 398 96 429 123
pottedplant 0.0584 440 132 502 250
pottedplant 0.0472 451 201 497 298
pottedplant 0.0380 455 120 498 173
pottedplant 0.0279 394 94 433 146
pottedplant 0.0235 456 105 497 213
pottedplant 0.0156 408 191 490 297
pottedplant 0.0084 437 221 499 328
pottedplant 0.0078 384 108 406 135
pottedplant 0.0056 470 229 501 320
pottedplant 0.0038 401 87 428 111
pottedplant 0.0036 384 96 408 126
pottedplant 0.0031 397 105 426 134
pottedplant 0.0026 470 190 500 284
pottedplant 0.0022 459 129 489 163
pottedplant 0.0015 380 89 414 131
pottedplant 0.0014 459 235 485 266
pottedplant 0.0013 475 128 498 165
pottedplant 0.0010 373 211 414 234
tvmonitor 0.0645 27 293 145 334
tvmonitor 0.0355 124 155 279 268
tvmonitor 0.0256 391 110 437 155
tvmonitor 0.0158 144 164 268 227
tvmonitor 0.0126 44 28 139 204
tvmonitor 0.0110 396 121 431 145
tvmonitor 0.0102 58 51 120 165
tvmonitor 0.0082 64 64 116 129
tvmonitor 0.0033 204 113 291 164
tvmonitor 0.0026 391 124 442 168
tvmonitor 0.0026 383 119 406 145
tvmonitor 0.0017 418 121 442 146
tvmonitor 0.0016 252 199 293 250
tvmonitor 0.0015 232 97 286 148
tvmonitor 0.0015 394 137 437 156
tvmonitor 0.0014 78 254 128 294
tvmonitor 0.0013 427 48 465 117
tvmonitor 0.0010 68 85 132 192
tvmonitor 0.0010 390 56 493 122
tvmonitor 0.0010 383 134 405 159
