aeroplane 0.0015 59 50 105 70
bird 0.0013 58 167 149 262
bottle 0.0026 249 202 299 266
bottle 0.0016 275 208 319 263
car 0.0023 479 4 501 35
car 0.0023 45 51 95 69
chair 0.0147 28 162 165 325
person 0.3246 251 52 478 330
person 0.0141 249 61 417 217
person 0.0077 115 59 461 273
person 0.0061 203 78 379 251
person 0.0053 50 23 372 308
person 0.0048 228 130 426 301
person 0.0048 238 189 288 259
person 0.0044 41 141 167 299
person 0.0040 474 4 500 134
person 0.0035 261 52 340 138
person 0.0025 319 68 480 258
person 0.0016 369 92 507 292
person 0.0014 90 67 248 264
person 0.0013 209 151 361 283
person 0.0013 57 160 150 228
person 0.0012 428 0 513 181
pottedplant 0.0024 478 54 501 162
tvmonitor 0.0425 393 18 497 212
tvmonitor 0.0183 213 185 301 255
tvmonitor 0.0165 67 152 273 286
tvmonitor 0.0088 384 88 479 178
tvmonitor 0.0088 256 43 329 133
tvmonitor 0.0072 150 186 272 248
tvmonitor 0.0060 337 36 479 195
tvmonitor 0.0054 365 74 453 158
tvmonitor 0.0054 145 211 275 267
tvmonitor 0.0051 104 180 318 303
tvmonitor 0.0051 241 180 286 244
tvmonitor 0.0045 396 91 441 152
tvmonitor 0.0041 91 180 251 254
tvmonitor 0.0040 266 56 378 122
tvmonitor 0.0039 244 190 312 280
tvmonitor 0.0028 239 201 285 268
tvmonitor 0.0025 180 154 327 283
tvmonitor 0.0024 232 26 352 155
tvmonitor 0.0021 201 52 299 122
tvmonitor 0.0020 355 44 452 131
tvmonitor 0.0017 339 90 447 177
tvmonitor 0.0015 403 100 451 166
tvmonitor 0.0015 399 37 483 141
tvmonitor 0.0013 399 126 489 198
tvmonitor 0.0012 101 201 242 282
tvmonitor 0.0011 408 171 494 250
tvmonitor 0.0010 85 149 176 235
