chair 0.0363 1 259 63 338
chair 0.0283 -3 271 36 325
chair 0.0177 267 275 330 362
chair 0.0077 -6 267 48 366
chair 0.0061 -5 298 67 411
chair 0.0051 1 280 32 311
chair 0.0050 235 260 270 328
chair 0.0039 0 282 85 351
chair 0.0039 0 316 36 390
chair 0.0038 228 276 296 359
chair 0.0035 3 266 31 294
chair 0.0028 233 311 308 406
chair 0.0027 264 295 336 411
chair 0.0026 -1 259 20 335
chair 0.0026 75 315 112 393
chair 0.0024 -1 276 17 313
chair 0.0022 217 270 327 455
chair 0.0019 0 256 36 306
chair 0.0015 234 284 269 352
chair 0.0010 -1 264 17 299
chair 0.0010 0 314 17 433
chair 0.0010 0 288 18 380
diningtable 0.0010 224 307 327 402
person 0.8543 84 162 248 491
person 0.0104 85 99 196 403
person 0.0028 27 97 203 480
person 0.0025 157 190 277 465
person 0.0018 62 195 173 454
person 0.0016 122 91 311 487
person 0.0013 106 225 379 501
pottedplant 0.1978 46 179 92 301
pottedplant 0.0699 30 216 86 299
pottedplant 0.0265 43 197 76 285
pottedplant 0.0100 44 245 70 281
pottedplant 0.0095 28 158 93 345
pottedplant 0.0059 73 259 95 298
pottedplant 0.0030 51 251 88 303
pottedplant 0.0027 57 244 82 280
pottedplant 0.0026 6 197 74 311
pottedplant 0.0023 45 223 69 261
pottedplant 0.0021 247 264 272 296
pottedplant 0.0021 34 245 55 279
pottedplant 0.0016 236 232 268 295
pottedplant 0.0014 29 232 60 293
pottedplant 0.0014 56 220 80 260
pottedplant 0.0014 37 252 77 300
pottedplant 0.0013 72 242 93 277
pottedplant 0.0012 241 256 276 305
pottedplant 0.0012 18 242 98 310
pottedplant 0.0011 31 259 58 292
pottedplant 0.0010 58 257 83 296
sofa 0.3959 258 277 333 375
sofa 0.0189 2 272 64 359
sofa 0.0056 237 302 339 404
sofa 0.0033 -3 266 45 331
tvmonitor 0.0267 -1 181 18 295
tvmonitor 0.0047 1 148 29 296
tvmonitor 0.0032 238 262 264 299
tvmonitor 0.0019 259 259 333 336
tvmonitor 0.0017 -1 212 15 265
tvmonitor 0.0014 -5 186 45 310
