bottle 0.0131 347 24 393 68
bottle 0.0101 206 122 236 172
bottle 0.0080 357 39 386 72
bottle 0.0059 303 52 326 83
bottle 0.0027 231 111 282 186
bottle 0.0023 344 45 372 73
bottle 0.0017 377 42 408 67
bottle 0.0012 214 117 264 182
bus 0.0050 214 -8 515 239
bus 0.0047 370 47 507 185
bus 0.0022 272 29 460 199
bus 0.0012 477 57 500 160
car 0.5444 88 71 488 314
car 0.0292 -23 124 369 311
car 0.0147 123 138 225 191
car 0.0134 100 151 399 283
car 0.0052 393 102 490 172
car 0.0044 150 89 352 293
car 0.0044 119 163 227 221
car 0.0038 227 104 426 282
car 0.0035 48 180 132 263
car 0.0032 73 122 278 269
car 0.0027 148 140 272 192
car 0.0023 112 183 233 257
car 0.0019 148 187 275 248
car 0.0017 323 59 478 226
car 0.0017 122 153 166 216
car 0.0016 32 136 145 302
car 0.0015 272 141 320 181
car 0.0013 159 110 264 174
car 0.0012 83 165 183 226
car 0.0011 142 116 220 183
car 0.0010 45 149 222 286
car 0.0010 283 146 310 176
car 0.0010 142 164 278 229
person 0.0791 395 21 437 71
person 0.0388 214 95 294 189
person 0.0087 208 128 300 206
person 0.0057 374 12 452 79
person 0.0050 234 105 334 174
person 0.0033 413 78 446 143
person 0.0031 400 19 435 120
person 0.0027 178 75 325 211
person 0.0025 407 25 445 86
person 0.0020 395 84 435 135
person 0.0019 252 131 300 189
person 0.0019 330 14 478 168
person 0.0018 394 7 489 70
person 0.0017 382 94 404 125
person 0.0017 343 132 368 162
person 0.0015 326 10 413 73
person 0.0015 114 176 146 245
person 0.0014 477 28 500 163
person 0.0013 336 127 377 169
person 0.0013 278 105 312 164
person 0.0013 401 96 429 126
person 0.0012 414 26 443 63
person 0.0012 222 65 293 99
person 0.0012 230 143 285 200
person 0.0012 127 134 166 188
person 0.0011 362 47 446 132
person 0.0011 203 146 240 197
person 0.0011 381 108 407 133
person 0.0011 419 105 441 137
person 0.0011 373 85 412 133
person 0.0010 415 32 447 135
person 0.0010 209 141 233 178
pottedplant 0.0013 304 43 326 76
tvmonitor 0.0011 332 12 379 53
