cow 0.5361 64 168 286 297
cow 0.4268 167 103 236 165
cow 0.4024 24 136 143 214
cow 0.0384 135 189 289 281
cow 0.0094 55 144 120 206
cow 0.0069 170 106 204 163
cow 0.0056 208 55 259 90
cow 0.0041 193 115 243 172
cow 0.0018 33 146 100 201
cow 0.0013 146 92 257 210
cow 0.0012 94 189 186 279
cow 0.0012 98 164 243 259
cow 0.0011 10 99 122 223
dog 0.0143 25 111 321 309
dog 0.0037 42 139 224 287
dog 0.0026 16 137 122 236
person 0.9204 337 51 466 314
person 0.0036 370 81 500 283
person 0.0026 291 21 516 287
person 0.0021 340 126 465 237
person 0.0020 331 16 471 185
person 0.0018 352 98 444 213
sheep 0.4325 203 62 242 88
sheep 0.2815 67 81 99 105
sheep 0.2759 46 83 97 121
sheep 0.2441 196 104 235 164
sheep 0.0808 51 80 88 107
sheep 0.0164 202 54 243 79
sheep 0.0127 223 51 249 79
sheep 0.0124 179 55 261 96
sheep 0.0123 207 109 231 157
sheep 0.0108 36 126 140 196
sheep 0.0096 181 114 222 150
sheep 0.0085 218 59 254 86
sheep 0.0056 186 65 219 85
sheep 0.0044 171 104 234 139
sheep 0.0032 64 87 100 115
sheep 0.0026 31 72 143 113
sheep 0.0020 180 108 223 132
sheep 0.0017 239 66 277 85
sheep 0.0012 204 74 235 99
sheep 0.0012 88 80 116 102
sheep 0.0010 22 136 76 188
