bus 0.6809 13 165 409 393
bus 0.0240 11 221 101 323
bus 0.0135 4 227 44 320
bus 0.0099 31 182 238 366
bus 0.0077 42 219 150 326
bus 0.0046 128 150 370 347
bus 0.0037 0 231 26 313
bus 0.0035 22 232 68 311
bus 0.0023 147 231 274 327
bus 0.0016 124 198 296 291
bus 0.0013 75 233 189 331
bus 0.0011 -12 204 136 345
car 0.9031 355 271 513 443
car 0.0233 2 268 24 308
car 0.0179 407 259 496 428
car 0.0145 9 274 41 308
car 0.0110 370 283 460 412
car 0.0080 380 271 409 305
car 0.0069 394 270 428 302
car 0.0054 371 270 502 362
car 0.0053 392 237 490 330
car 0.0041 0 250 31 323
car 0.0038 429 252 468 281
car 0.0029 0 249 20 296
car 0.0029 398 254 428 290
car 0.0028 475 251 499 287
car 0.0023 414 252 453 285
car 0.0022 425 257 481 320
car 0.0021 11 287 43 318
car 0.0020 377 259 412 287
car 0.0019 0 287 25 318
car 0.0018 409 239 461 297
car 0.0017 404 277 494 335
car 0.0015 314 264 406 363
car 0.0014 390 240 438 298
car 0.0014 455 253 487 284
car 0.0013 369 182 506 392
car 0.0013 426 268 511 346
car 0.0012 472 260 500 352
car 0.0012 373 261 416 312
car 0.0012 388 262 436 312
car 0.0010 354 239 453 328
person 0.0199 74 278 93 334
person 0.0019 55 270 81 308
person 0.0015 228 211 253 251
person 0.0010 245 196 274 230
pottedplant 0.0013 435 124 473 268
