bottle 0.0019 369 278 417 342
bottle 0.0010 269 290 384 374
car 0.0475 99 14 176 114
car 0.0015 107 19 182 77
chair 0.0037 98 25 189 129
chair 0.0032 150 55 185 129
chair 0.0020 3 133 100 354
diningtable 0.0015 -20 40 367 333
motorbike 0.0023 47 154 452 390
person 0.3454 102 7 474 368
person 0.0504 96 56 126 128
person 0.0221 158 50 201 110
person 0.0096 104 44 136 119
person 0.0048 191 103 390 327
person 0.0043 -47 86 393 344
person 0.0042 323 77 484 294
person 0.0037 148 50 220 137
person 0.0030 55 59 76 96
person 0.0027 97 46 117 84
person 0.0022 166 52 194 83
person 0.0020 0 306 27 374
person 0.0019 -7 102 65 329
person 0.0016 272 39 534 336
person 0.0015 4 26 111 234
person 0.0013 -32 50 83 266
person 0.0013 475 302 499 373
person 0.0013 -7 52 58 148
person 0.0012 55 160 76 198
person 0.0011 0 126 22 260
person 0.0011 -2 326 54 375
person 0.0010 -2 323 93 381
person 0.0010 78 120 102 156
pottedplant 0.0055 2 85 97 345
pottedplant 0.0030 11 122 82 254
pottedplant 0.0023 -8 79 65 297
tvmonitor 0.0273 110 15 177 55
tvmonitor 0.0146 96 20 175 77
tvmonitor 0.0040 118 21 169 45
tvmonitor 0.0013 138 9 180 62
