bottle 0.0074 0 141 22 219
bus 0.7071 129 123 377 262
bus 0.0419 100 41 398 276
bus 0.0045 92 113 269 268
bus 0.0036 12 143 108 222
bus 0.0028 163 144 333 233
bus 0.0019 39 143 144 227
bus 0.0017 5 118 178 255
bus 0.0012 89 142 178 231
person 0.0218 151 187 170 230
person 0.0161 95 176 113 216
person 0.0117 137 187 154 229
person 0.0076 134 158 157 233
person 0.0042 79 174 95 218
person 0.0034 90 167 118 224
person 0.0032 75 172 98 244
person 0.0029 35 180 59 209
person 0.0016 169 194 194 227
person 0.0016 143 160 174 232
person 0.0016 76 146 102 217
person 0.0015 93 165 113 201
person 0.0012 265 168 293 195
person 0.0012 115 192 138 226
person 0.0011 92 192 118 222
person 0.0011 0 175 19 215
tvmonitor 0.0257 -5 -1 121 42
tvmonitor 0.0167 -3 3 116 75
tvmonitor 0.0044 -21 -17 132 112
tvmonitor 0.0022 175 45 308 84
tvmonitor 0.0015 37 8 151 81
