bicycle 0.3033 26 218 109 318
bicycle 0.0013 81 225 124 306
bicycle 0.0010 53 205 149 300
bottle 0.0138 242 324 273 378
motorbike 0.5252 15 174 124 318
motorbike 0.0606 204 216 307 373
motorbike 0.0238 4 206 97 300
motorbike 0.0034 -113 131 229 358
person 0.9289 213 140 306 362
person 0.8651 52 148 117 271
person 0.3026 42 186 125 310
person 0.2792 25 147 108 302
person 0.0167 71 147 132 297
person 0.0144 234 139 316 251
person 0.0117 247 167 309 324
person 0.0072 47 150 124 217
person 0.0065 10 143 41 167
person 0.0050 65 171 109 303
person 0.0043 49 159 92 287
person 0.0043 29 135 151 260
person 0.0032 28 216 75 289
person 0.0015 127 129 371 362
person 0.0014 26 174 77 274
person 0.0013 65 138 109 194
person 0.0011 78 186 123 289
person 0.0010 5 153 89 266
