bicycle 0.0023 116 305 285 370
bottle 0.0474 69 214 109 292
bottle 0.0379 207 224 239 279
bottle 0.0306 87 219 121 287
bottle 0.0202 129 206 158 270
bottle 0.0182 259 199 301 279
bottle 0.0135 260 276 380 340
bottle 0.0127 150 139 186 220
bottle 0.0118 459 262 480 303
bottle 0.0084 111 200 140 275
bottle 0.0064 133 233 155 270
bottle 0.0059 114 232 134 270
bottle 0.0056 51 216 83 287
bottle 0.0055 31 194 63 279
bottle 0.0055 208 249 233 280
bottle 0.0051 139 208 176 267
bottle 0.0045 249 195 275 281
bottle 0.0042 173 248 193 283
bottle 0.0040 136 214 154 262
bottle 0.0037 47 172 82 272
bottle 0.0036 166 221 200 282
bottle 0.0031 77 190 96 225
bottle 0.0031 108 229 139 299
bottle 0.0027 222 219 254 284
bottle 0.0023 149 234 172 270
bottle 0.0023 188 249 213 282
bottle 0.0023 56 218 77 259
bottle 0.0021 27 218 64 311
bottle 0.0021 73 206 95 241
bottle 0.0019 182 223 221 278
bottle 0.0019 116 215 134 262
bottle 0.0018 55 233 78 274
bottle 0.0018 171 235 193 272
bottle 0.0016 95 226 117 277
bottle 0.0015 144 225 180 306
bottle 0.0015 55 219 121 311
bottle 0.0015 190 234 215 268
bottle 0.0014 74 227 104 329
bottle 0.0014 38 204 62 239
bottle 0.0014 165 251 202 315
bottle 0.0014 66 186 101 260
bottle 0.0013 54 189 74 227
bottle 0.0013 149 215 170 261
bottle 0.0012 0 216 49 285
bottle 0.0012 129 230 163 301
bottle 0.0011 38 189 61 225
bottle 0.0010 72 217 95 259
bottle 0.0010 114 245 134 285
bottle 0.0010 179 253 222 312
chair 0.0947 132 282 236 380
chair 0.0817 253 291 392 371
chair 0.0766 304 131 375 228
chair 0.0374 264 148 301 207
chair 0.0348 -6 327 106 374
chair 0.0309 18 317 147 386
chair 0.0278 239 139 272 195
chair 0.0237 232 136 253 170
chair 0.0230 260 329 397 376
chair 0.0171 228 136 261 197
chair 0.0126 41 333 230 378
chair 0.0125 270 147 294 186
chair 0.0118 1 294 102 384
chair 0.0078 327 148 408 277
chair 0.0069 356 120 386 181
chair 0.0065 231 145 255 183
chair 0.0060 279 143 311 212
chair 0.0057 266 140 293 167
chair 0.0054 203 158 287 222
chair 0.0048 174 145 259 235
chair 0.0042 60 296 203 369
chair 0.0041 29 168 71 249
chair 0.0041 0 258 25 389
chair 0.0029 362 144 385 183
chair 0.0028 76 175 101 211
chair 0.0026 202 159 247 231
chair 0.0024 309 173 361 239
chair 0.0022 154 139 199 219
chair 0.0022 357 123 386 234
chair 0.0021 339 328 470 378
chair 0.0020 267 158 293 198
chair 0.0020 283 148 307 185
chair 0.0019 400 165 463 310
chair 0.0019 -16 202 75 401
chair 0.0019 327 163 467 311
chair 0.0018 359 117 383 154
chair 0.0017 147 326 268 378
chair 0.0017 70 324 134 381
chair 0.0017 97 306 267 367
chair 0.0016 259 175 305 244
chair 0.0016 261 130 298 177
chair 0.0015 236 152 272 231
chair 0.0014 33 178 65 209
chair 0.0014 -2 242 61 361
chair 0.0013 27 284 144 362
chair 0.0012 174 138 223 188
chair 0.0012 244 136 273 166
chair 0.0012 154 130 211 176
chair 0.0010 276 178 315 238
diningtable 0.0840 0 248 270 366
diningtable 0.0255 -40 230 462 373
diningtable 0.0238 157 251 429 361
diningtable 0.0159 70 212 351 342
diningtable 0.0081 -9 233 130 380
diningtable 0.0060 229 272 497 378
diningtable 0.0056 -11 129 434 359
diningtable 0.0028 5 199 188 355
diningtable 0.0027 1 262 102 354
diningtable 0.0025 40 266 230 349
diningtable 0.0021 228 194 420 350
diningtable 0.0016 177 237 314 308
diningtable 0.0012 167 212 561 390
diningtable 0.0012 378 300 509 365
diningtable 0.0011 240 205 326 285
diningtable 0.0010 159 272 335 346
person 0.7774 357 76 458 303
person 0.2156 89 147 115 181
person 0.1922 50 142 80 193
person 0.1508 76 145 101 182
person 0.1081 1 154 60 276
person 0.1037 11 152 40 182
person 0.0894 304 103 423 279
person 0.0850 91 143 158 249
person 0.0631 0 153 30 236
person 0.0614 133 264 238 352
person 0.0595 149 280 256 375
person 0.0484 74 140 109 215
person 0.0434 4 145 46 212
person 0.0347 0 152 25 185
person 0.0208 28 143 71 211
person 0.0197 0 171 25 303
person 0.0145 83 150 118 208
person 0.0138 166 161 266 253
person 0.0135 13 147 84 241
person 0.0132 222 290 360 366
person 0.0122 39 161 87 224
person 0.0119 176 279 405 371
person 0.0118 123 144 202 269
person 0.0113 -5 152 63 394
person 0.0104 111 141 139 168
person 0.0101 34 149 67 181
person 0.0097 189 289 310 369
person 0.0096 52 140 80 169
person 0.0081 63 167 139 255
person 0.0070 113 148 139 180
person 0.0067 377 82 449 231
person 0.0061 0 175 24 211
person 0.0052 53 205 142 270
person 0.0051 143 150 180 265
person 0.0049 39 138 62 169
person 0.0044 90 159 114 195
person 0.0036 14 191 81 280
person 0.0035 265 262 361 355
person 0.0034 71 129 106 178
person 0.0034 318 113 392 209
person 0.0033 -5 183 114 371
person 0.0030 0 208 59 335
person 0.0029 387 123 475 301
person 0.0028 102 146 147 214
person 0.0026 0 225 20 364
person 0.0025 121 160 163 255
person 0.0024 16 138 39 168
person 0.0022 9 136 97 294
person 0.0022 129 152 294 267
person 0.0022 -21 154 43 237
person 0.0020 103 183 148 260
person 0.0019 9 160 39 194
person 0.0017 214 306 264 374
person 0.0016 -1 104 25 198
person 0.0016 49 142 121 243
person 0.0016 205 169 297 251
person 0.0015 0 187 23 231
person 0.0014 64 141 149 194
person 0.0013 33 125 70 183
person 0.0013 32 161 62 193
person 0.0013 127 140 161 165
person 0.0013 356 131 388 257
person 0.0012 77 156 103 198
person 0.0012 72 176 101 237
person 0.0012 155 271 209 344
person 0.0011 202 143 270 274
person 0.0011 79 173 128 242
person 0.0010 10 176 39 210
person 0.0010 84 131 120 177
pottedplant 0.0853 454 204 498 301
pottedplant 0.0335 451 158 511 277
pottedplant 0.0132 450 254 487 304
pottedplant 0.0125 471 249 500 311
pottedplant 0.0112 477 263 497 303
pottedplant 0.0089 259 192 306 254
pottedplant 0.0070 471 176 502 299
pottedplant 0.0060 479 276 498 314
pottedplant 0.0053 433 131 526 301
pottedplant 0.0037 441 269 467 298
pottedplant 0.0033 479 80 503 192
pottedplant 0.0032 465 142 503 245
pottedplant 0.0027 441 229 514 320
pottedplant 0.0025 438 228 474 307
pottedplant 0.0021 263 206 296 238
pottedplant 0.0019 405 196 484 291
pottedplant 0.0016 459 234 487 272
pottedplant 0.0015 455 221 488 254
pottedplant 0.0012 435 188 471 285
pottedplant 0.0011 403 149 466 279
tvmonitor 0.2810 310 129 361 172
tvmonitor 0.1190 307 143 365 184
tvmonitor 0.0549 311 118 356 158
tvmonitor 0.0210 290 138 385 191
tvmonitor 0.0065 325 127 383 173
tvmonitor 0.0049 296 134 345 171
tvmonitor 0.0042 340 112 375 136
tvmonitor 0.0038 301 114 339 163
tvmonitor 0.0038 339 122 373 147
tvmonitor 0.0035 286 113 388 165
tvmonitor 0.0028 333 116 378 157
tvmonitor 0.0027 304 125 334 152
tvmonitor 0.0018 83 347 278 381
tvmonitor 0.0018 298 142 343 191
tvmonitor 0.0014 279 141 311 166
tvmonitor 0.0011 318 112 351 136
tvmonitor 0.0011 302 151 335 178
tvmonitor 0.0010 337 136 375 165
