bottle 0.1624 361 -1 428 130
bottle 0.0426 373 7 417 97
bottle 0.0201 187 -2 219 22
bottle 0.0125 203 19 236 111
bottle 0.0118 202 -1 236 21
bottle 0.0111 244 40 274 117
bottle 0.0093 168 -2 200 20
bottle 0.0085 106 27 147 101
bottle 0.0066 175 11 263 119
bottle 0.0063 259 6 297 62
bottle 0.0062 186 62 220 123
bottle 0.0052 263 18 292 47
bottle 0.0051 368 46 411 140
bottle 0.0045 222 39 258 120
bottle 0.0040 89 22 178 115
bottle 0.0035 206 58 240 128
bottle 0.0033 97 0 321 129
bottle 0.0033 198 -6 296 84
bottle 0.0029 394 19 499 240
bottle 0.0028 130 0 189 40
bottle 0.0027 388 0 428 101
bottle 0.0025 326 121 379 177
bottle 0.0023 178 -3 220 40
bottle 0.0022 127 9 238 121
bottle 0.0021 243 9 282 89
bottle 0.0020 249 59 273 101
bottle 0.0019 205 -4 243 73
bottle 0.0019 137 -1 187 16
bottle 0.0017 200 176 302 257
bottle 0.0017 274 -2 313 72
bottle 0.0016 187 1 213 34
bottle 0.0015 119 30 162 98
bottle 0.0014 80 21 126 79
bottle 0.0014 381 1 496 136
bottle 0.0014 357 4 394 127
bottle 0.0013 259 9 296 36
bottle 0.0013 190 73 214 116
bottle 0.0013 142 8 179 119
bottle 0.0013 137 2 179 68
bottle 0.0012 247 17 275 47
bottle 0.0012 212 2 260 101
bottle 0.0011 251 3 305 40
bottle 0.0011 235 146 335 229
bottle 0.0011 370 -9 452 83
bottle 0.0010 401 130 476 243
bottle 0.0010 62 3 149 98
chair 0.0073 275 12 368 127
chair 0.0058 294 12 435 135
chair 0.0023 325 52 417 140
chair 0.0020 394 8 482 126
chair 0.0017 258 24 390 167
chair 0.0014 284 50 388 135
diningtable 0.2780 33 59 541 314
diningtable 0.0123 17 -32 481 234
diningtable 0.0108 -20 146 444 341
diningtable 0.0042 173 105 398 276
diningtable 0.0023 100 87 323 287
diningtable 0.0015 269 123 457 309
diningtable 0.0015 237 82 568 349
diningtable 0.0015 168 6 408 134
diningtable 0.0014 328 71 489 245
diningtable 0.0013 -44 -55 390 142
diningtable 0.0010 308 115 400 184
person 0.0884 1 5 113 368
person 0.0580 -15 29 209 345
person 0.0188 8 -8 337 325
person 0.0123 288 0 367 93
person 0.0114 -12 120 73 366
person 0.0102 32 4 153 78
person 0.0067 19 -10 165 157
person 0.0027 -9 30 67 286
person 0.0021 48 6 225 130
person 0.0019 278 -7 373 45
person 0.0016 307 6 423 88
person 0.0014 -4 208 118 384
person 0.0011 -38 93 308 394
person 0.0011 12 0 103 80
pottedplant 0.0253 152 2 265 90
pottedplant 0.0238 71 -2 132 43
pottedplant 0.0218 312 0 354 21
pottedplant 0.0139 105 -4 315 105
pottedplant 0.0093 71 -7 180 48
pottedplant 0.0090 125 -2 220 97
pottedplant 0.0080 85 1 190 82
pottedplant 0.0056 308 0 355 39
pottedplant 0.0053 63 -1 108 20
pottedplant 0.0052 207 1 234 34
pottedplant 0.0047 136 -2 282 40
pottedplant 0.0046 420 102 487 140
pottedplant 0.0045 218 0 260 19
pottedplant 0.0041 52 0 91 41
pottedplant 0.0039 64 0 143 70
pottedplant 0.0037 267 0 329 16
pottedplant 0.0037 48 -1 87 19
pottedplant 0.0032 80 0 129 19
pottedplant 0.0028 262 -3 371 47
pottedplant 0.0027 93 -1 151 42
pottedplant 0.0023 98 0 150 17
pottedplant 0.0022 232 0 288 16
pottedplant 0.0022 211 0 259 40
pottedplant 0.0021 290 -15 379 88
pottedplant 0.0021 289 -6 351 25
pottedplant 0.0019 83 4 123 34
pottedplant 0.0018 231 -10 361 27
pottedplant 0.0018 428 110 473 135
pottedplant 0.0017 58 -6 117 26
pottedplant 0.0014 27 -12 146 31
pottedplant 0.0014 472 87 501 156
pottedplant 0.0013 239 4 340 84
pottedplant 0.0013 115 -3 177 44
pottedplant 0.0010 237 210 341 285
