boat 0.4000 233 146 293 182
boat 0.1718 263 152 291 178
boat 0.1219 220 130 301 180
boat 0.0432 262 139 292 166
boat 0.0270 236 167 287 187
boat 0.0251 241 140 278 166
boat 0.0242 265 163 290 190
boat 0.0220 223 129 259 177
boat 0.0217 254 130 297 173
boat 0.0207 233 158 292 196
boat 0.0094 217 146 338 187
boat 0.0069 209 99 299 168
boat 0.0057 259 152 291 200
boat 0.0046 479 64 501 181
boat 0.0020 232 99 342 164
boat 0.0013 239 105 280 173
boat 0.0010 276 139 316 161
boat 0.0010 183 135 296 191
person 0.1123 479 130 500 200
person 0.0414 228 136 252 168
person 0.0217 477 89 500 187
person 0.0129 230 147 252 181
person 0.0035 479 117 499 157
