bicycle 0.0098 60 32 362 340
car 0.8460 359 8 512 145
car 0.0431 78 -1 344 317
car 0.0358 433 24 503 128
car 0.0291 270 4 460 125
car 0.0270 1 32 20 64
car 0.0131 0 21 21 53
car 0.0089 384 8 493 77
car 0.0073 357 2 459 86
car 0.0064 101 11 322 185
car 0.0044 308 1 420 91
car 0.0036 269 9 381 89
car 0.0036 475 8 500 96
car 0.0032 479 31 498 69
car 0.0028 389 4 475 126
car 0.0027 95 44 255 99
car 0.0026 444 33 499 94
car 0.0020 406 22 531 168
car 0.0017 -1 25 26 72
car 0.0016 426 12 478 89
car 0.0012 298 8 585 192
car 0.0012 478 20 501 49
chair 0.0338 89 71 243 300
chair 0.0129 92 72 169 182
chair 0.0088 79 61 190 249
chair 0.0040 93 53 264 207
chair 0.0036 16 79 85 186
chair 0.0028 72 80 142 190
chair 0.0012 119 137 221 240
chair 0.0012 127 104 223 207
chair 0.0010 165 197 248 291
chair 0.0010 122 197 225 289
diningtable 0.0020 70 82 429 346
person 0.1513 426 -3 477 44
person 0.0281 264 11 294 87
person 0.0092 257 1 295 156
person 0.0073 444 -1 497 45
person 0.0053 186 19 213 46
person 0.0049 237 4 332 89
person 0.0033 355 4 397 64
person 0.0030 272 5 400 69
person 0.0028 207 27 294 119
person 0.0025 208 0 366 143
person 0.0023 200 6 298 85
person 0.0022 168 21 199 45
person 0.0020 276 -1 358 101
person 0.0019 319 6 427 61
person 0.0019 387 -7 478 50
person 0.0018 333 7 381 60
person 0.0017 362 20 391 52
person 0.0017 289 2 344 44
person 0.0016 371 11 410 85
person 0.0016 224 23 254 49
person 0.0016 291 0 342 15
person 0.0014 7 8 98 194
person 0.0014 256 0 301 16
person 0.0014 245 22 280 106
person 0.0013 226 36 253 65
person 0.0013 191 0 248 44
person 0.0013 261 56 289 160
person 0.0013 370 0 418 49
person 0.0012 141 27 185 44
person 0.0012 410 8 453 93
person 0.0011 167 -27 332 122
person 0.0011 449 -1 492 17
person 0.0011 273 9 316 88
person 0.0011 251 32 273 65
person 0.0011 428 0 472 20
person 0.0011 266 25 287 70
person 0.0010 419 3 449 36
pottedplant 0.1837 28 34 73 94
pottedplant 0.0212 34 36 66 66
pottedplant 0.0151 8 -1 98 91
pottedplant 0.0146 383 168 486 323
pottedplant 0.0133 0 13 51 60
pottedplant 0.0122 56 24 80 52
pottedplant 0.0118 56 30 77 65
pottedplant 0.0089 71 35 100 60
pottedplant 0.0086 8 24 44 50
pottedplant 0.0085 468 -5 503 48
pottedplant 0.0079 42 -6 132 50
pottedplant 0.0075 12 34 51 92
pottedplant 0.0063 14 -15 118 60
pottedplant 0.0050 64 26 102 51
pottedplant 0.0049 34 44 63 84
pottedplant 0.0044 43 -6 88 52
pottedplant 0.0043 49 24 82 74
pottedplant 0.0040 -7 -28 116 111
pottedplant 0.0038 337 177 406 296
pottedplant 0.0034 57 15 108 58
pottedplant 0.0032 368 -3 462 48
pottedplant 0.0030 39 35 86 120
pottedplant 0.0027 9 35 44 61
pottedplant 0.0026 475 4 499 39
pottedplant 0.0025 18 43 82 163
pottedplant 0.0022 11 7 41 41
pottedplant 0.0019 0 -18 23 62
pottedplant 0.0019 16 45 42 79
pottedplant 0.0018 -7 -12 67 60
pottedplant 0.0018 6 25 86 77
pottedplant 0.0018 328 123 485 319
pottedplant 0.0017 21 10 69 64
pottedplant 0.0016 67 27 104 72
pottedplant 0.0015 389 7 440 60
pottedplant 0.0015 28 25 64 50
pottedplant 0.0012 411 218 488 331
pottedplant 0.0012 -2 49 28 108
pottedplant 0.0012 164 353 199 376
pottedplant 0.0011 302 166 437 327
pottedplant 0.0011 15 77 40 105
pottedplant 0.0010 44 10 144 82
pottedplant 0.0010 88 25 121 51
tvmonitor 0.0013 216 190 340 284
