chair 0.0010 34 220 160 379
person 0.8099 113 9 385 365
person 0.5333 244 4 486 371
person 0.1823 26 53 148 378
person 0.1142 9 43 260 390
person 0.1044 10 69 158 246
person 0.0510 436 83 504 217
person 0.0278 103 52 321 263
person 0.0235 446 163 503 222
person 0.0217 474 80 500 219
person 0.0150 308 33 498 283
person 0.0125 30 83 149 180
person 0.0125 60 146 363 399
person 0.0099 382 71 504 301
person 0.0050 315 118 489 366
person 0.0045 429 93 519 333
person 0.0044 161 138 490 406
person 0.0029 58 110 203 381
person 0.0024 469 153 500 235
person 0.0021 81 137 264 349
person 0.0019 254 130 407 361
person 0.0019 124 194 373 355
person 0.0017 477 49 499 167
person 0.0014 410 104 492 228
person 0.0011 254 40 403 220
tvmonitor 0.0040 2 7 104 79
