cat 0.8048 187 105 368 270
cat 0.0081 206 144 309 243
cat 0.0069 136 121 439 312
cat 0.0063 156 73 275 264
cat 0.0032 229 152 416 269
cat 0.0022 174 81 325 211
cat 0.0021 227 115 331 215
cat 0.0016 194 103 298 178
cat 0.0013 180 88 263 185
cat 0.0012 98 105 244 277
cat 0.0012 267 175 384 258
chair 0.0366 291 74 348 118
chair 0.0175 469 16 499 148
chair 0.0062 417 74 453 94
chair 0.0059 -21 193 141 341
chair 0.0047 264 74 297 96
chair 0.0043 430 73 467 93
chair 0.0040 279 73 313 94
chair 0.0039 421 63 474 101
chair 0.0037 333 73 374 92
chair 0.0036 4 235 111 305
chair 0.0031 269 61 374 110
chair 0.0030 303 86 359 127
chair 0.0029 348 64 460 112
chair 0.0028 289 63 344 101
chair 0.0026 351 74 397 91
chair 0.0024 330 75 377 113
chair 0.0023 324 66 380 100
chair 0.0022 318 71 351 93
chair 0.0021 373 74 419 91
chair 0.0018 297 70 337 93
chair 0.0018 402 66 493 158
chair 0.0017 297 83 338 108
chair 0.0017 403 52 503 110
chair 0.0017 309 72 441 117
chair 0.0016 6 206 108 281
chair 0.0016 371 41 509 184
chair 0.0015 444 29 496 160
chair 0.0015 352 81 456 147
chair 0.0013 337 81 372 105
chair 0.0013 274 67 317 100
chair 0.0013 355 34 454 99
chair 0.0013 395 73 432 92
chair 0.0012 311 63 357 104
chair 0.0011 10 258 104 332
chair 0.0011 429 1 513 176
chair 0.0010 416 81 449 104
chair 0.0010 367 67 426 99
diningtable 0.0022 200 92 451 246
diningtable 0.0016 -19 174 212 310
diningtable 0.0013 179 40 550 239
diningtable 0.0011 260 77 471 205
pottedplant 0.0628 467 -2 502 91
pottedplant 0.0417 425 1 468 62
pottedplant 0.0405 453 0 496 60
pottedplant 0.0281 413 -2 488 68
pottedplant 0.0252 435 -1 506 91
pottedplant 0.0082 412 0 463 40
pottedplant 0.0030 474 26 498 60
pottedplant 0.0029 431 4 465 32
pottedplant 0.0028 406 21 493 102
pottedplant 0.0024 423 -24 527 107
pottedplant 0.0023 387 -3 479 44
pottedplant 0.0022 455 -7 523 71
pottedplant 0.0022 400 -9 463 100
pottedplant 0.0015 435 8 470 105
pottedplant 0.0012 459 14 488 47
pottedplant 0.0012 460 10 517 107
pottedplant 0.0012 376 -5 509 131
pottedplant 0.0011 434 15 462 47
pottedplant 0.0011 417 5 451 35
pottedplant 0.0010 457 3 488 33
tvmonitor 0.0011 -24 31 140 197
