cow 0.4538 65 226 151 295
cow 0.3359 319 208 391 267
cow 0.3274 191 244 243 301
cow 0.2983 314 209 350 265
cow 0.2843 253 210 292 260
cow 0.2146 305 210 335 264
cow 0.1658 228 194 255 250
cow 0.0862 436 216 477 276
cow 0.0459 121 212 158 287
cow 0.0353 236 204 286 247
cow 0.0204 207 205 287 282
cow 0.0174 239 208 316 262
cow 0.0065 408 218 493 274
cow 0.0056 183 212 258 281
cow 0.0055 273 210 360 263
cow 0.0041 354 219 388 272
cow 0.0036 205 195 277 251
cow 0.0028 337 219 375 272
cow 0.0027 216 233 254 292
cow 0.0023 195 231 253 271
cow 0.0022 107 209 175 291
cow 0.0019 61 235 113 290
cow 0.0015 200 233 280 292
cow 0.0011 354 199 388 253
horse 0.4921 63 201 151 300
horse 0.0089 101 224 151 296
horse 0.0029 420 216 483 277
person 0.0164 231 193 249 228
person 0.0038 200 -3 237 42
person 0.0031 110 203 151 242
person 0.0026 260 -2 292 45
person 0.0015 203 -1 238 19
person 0.0012 214 1 265 37
person 0.0012 247 4 274 33
sheep 0.4303 442 213 487 264
sheep 0.0337 308 217 329 256
sheep 0.0231 229 202 250 242
sheep 0.0183 262 216 289 255
sheep 0.0138 323 214 345 260
sheep 0.0133 441 216 468 258
sheep 0.0132 203 244 235 280
sheep 0.0127 202 255 234 292
sheep 0.0124 124 210 158 234
sheep 0.0120 453 216 481 257
sheep 0.0088 358 214 387 258
sheep 0.0071 117 209 161 266
sheep 0.0047 249 217 274 253
sheep 0.0046 440 212 468 237
sheep 0.0040 244 210 276 239
sheep 0.0028 342 218 374 254
sheep 0.0026 187 240 226 286
sheep 0.0021 112 208 144 234
sheep 0.0015 438 205 475 247
sheep 0.0013 265 231 288 262
sheep 0.0012 192 243 215 278
sheep 0.0010 191 239 216 264
