bottle 0.0010 88 293 161 331
chair 0.2732 15 152 119 331
chair 0.0175 141 142 281 293
chair 0.0135 77 164 265 316
chair 0.0114 165 181 262 253
chair 0.0112 428 146 512 334
chair 0.0088 438 163 501 271
chair 0.0061 5 213 92 335
chair 0.0050 147 293 329 329
chair 0.0043 0 189 57 312
chair 0.0036 477 163 500 282
chair 0.0035 25 189 106 300
chair 0.0032 88 223 183 312
chair 0.0032 170 267 329 327
chair 0.0030 60 291 225 333
chair 0.0029 49 202 118 323
chair 0.0024 54 200 207 322
chair 0.0022 -10 145 62 347
chair 0.0020 474 225 499 322
chair 0.0020 -1 197 27 328
chair 0.0019 19 261 173 324
chair 0.0018 3 197 44 277
chair 0.0015 18 296 80 332
chair 0.0013 81 264 266 324
chair 0.0012 143 235 279 304
chair 0.0012 155 204 266 276
chair 0.0010 309 205 497 323
chair 0.0010 121 227 217 311
diningtable 0.0222 150 293 350 334
diningtable 0.0169 87 288 277 337
diningtable 0.0113 232 294 424 336
diningtable 0.0052 101 246 398 333
diningtable 0.0046 15 293 175 333
diningtable 0.0040 7 227 492 360
diningtable 0.0016 132 274 366 362
diningtable 0.0014 65 268 278 365
diningtable 0.0014 213 307 382 339
person 0.9594 339 97 449 333
person 0.8330 246 57 334 317
person 0.6389 29 140 145 307
person 0.6141 147 72 209 201
person 0.4910 83 135 180 305
person 0.1881 194 74 316 304
person 0.0768 45 153 121 243
person 0.0349 90 115 255 319
person 0.0347 223 66 344 219
person 0.0271 110 143 175 253
person 0.0214 172 68 404 315
person 0.0088 346 165 448 272
person 0.0064 367 129 501 306
person 0.0063 243 81 487 303
person 0.0061 136 101 196 225
person 0.0058 255 130 324 252
person 0.0042 259 125 383 304
person 0.0042 31 156 106 280
person 0.0041 149 63 267 211
person 0.0040 60 149 105 194
person 0.0019 49 145 90 199
person 0.0018 336 158 374 238
person 0.0016 138 78 190 164
person 0.0013 311 71 424 266
person 0.0011 130 65 231 154
person 0.0011 46 189 130 294
person 0.0011 332 176 412 263
person 0.0010 -22 130 65 307
pottedplant 0.3242 310 64 366 102
pottedplant 0.0304 278 60 376 116
pottedplant 0.0061 337 103 377 165
pottedplant 0.0059 316 82 413 149
pottedplant 0.0056 302 37 369 108
pottedplant 0.0041 280 72 372 151
pottedplant 0.0027 321 88 389 179
pottedplant 0.0025 317 61 353 83
pottedplant 0.0019 343 119 370 148
pottedplant 0.0016 124 140 172 181
pottedplant 0.0016 315 57 413 123
pottedplant 0.0015 326 73 374 116
pottedplant 0.0015 285 55 444 178
pottedplant 0.0013 300 62 344 102
pottedplant 0.0012 311 75 363 140
pottedplant 0.0011 131 145 161 173
sofa 0.0168 6 199 175 326
sofa 0.0019 64 113 358 320
sofa 0.0014 -24 138 218 346
tvmonitor 0.0073 153 76 250 153
tvmonitor 0.0012 188 74 252 119
