aeroplane 0.0033 377 50 416 72
boat 0.0035 310 220 424 280
boat 0.0014 147 192 273 238
boat 0.0012 268 179 463 308
bus 0.3990 380 200 494 358
bus 0.3972 403 248 493 345
bus 0.0035 316 176 492 317
bus 0.0031 476 239 501 354
bus 0.0029 369 204 492 271
bus 0.0024 355 255 458 348
bus 0.0016 474 226 500 306
bus 0.0014 390 220 474 315
car 0.0029 313 255 360 276
car 0.0012 476 194 499 228
cow 0.0261 122 298 157 349
person 0.0330 382 237 405 269
person 0.0162 383 245 403 284
person 0.0065 131 299 152 347
person 0.0060 72 305 107 371
person 0.0037 265 199 291 226
person 0.0034 207 150 229 180
person 0.0022 376 231 411 276
person 0.0018 434 284 470 308
person 0.0015 281 200 311 223
person 0.0014 283 206 311 234
person 0.0012 84 291 123 362
pottedplant 0.0028 377 241 408 288
pottedplant 0.0015 221 201 261 224
pottedplant 0.0014 238 210 277 232
pottedplant 0.0014 265 204 287 237
pottedplant 0.0014 244 201 275 224
sheep 0.0035 116 304 140 346
