bicycle 0.8466 290 168 461 315
bicycle 0.0645 0 191 201 337
bicycle 0.0168 301 189 366 297
bicycle 0.0166 347 216 449 321
bicycle 0.0098 318 198 433 300
bicycle 0.0039 245 109 485 325
bicycle 0.0028 271 195 395 337
bicycle 0.0026 287 130 384 303
bicycle 0.0018 0 103 26 215
bicycle 0.0018 -2 84 60 199
bicycle 0.0010 374 164 490 322
car 0.0012 9 114 89 219
motorbike 0.0088 -7 149 138 330
motorbike 0.0010 -39 178 232 357
person 0.9016 317 84 429 301
person 0.8726 99 45 224 245
person 0.3449 9 104 162 333
person 0.0228 0 -2 24 142
person 0.0172 -2 34 103 249
person 0.0126 307 63 499 321
person 0.0110 137 103 217 228
person 0.0095 62 145 197 341
person 0.0085 51 34 295 248
person 0.0057 98 154 158 269
person 0.0051 119 78 206 203
person 0.0046 296 55 434 185
person 0.0043 329 134 408 259
person 0.0038 -18 76 74 308
person 0.0035 -27 20 220 312
person 0.0033 317 73 412 160
person 0.0030 0 58 21 184
person 0.0030 -5 -13 62 193
person 0.0030 12 51 179 233
person 0.0025 -1 -20 22 84
person 0.0024 77 97 188 285
person 0.0022 -1 239 19 336
person 0.0018 -1 156 22 266
person 0.0016 106 129 245 302
person 0.0015 4 8 43 132
person 0.0014 335 57 456 225
person 0.0011 93 200 173 285
person 0.0011 -5 165 60 274
person 0.0010 -6 124 274 361
person 0.0010 0 193 25 303
person 0.0010 92 116 181 221
pottedplant 0.0019 68 233 111 290
