bottle 0.0213 -1 244 58 376
bottle 0.0164 0 212 26 348
bottle 0.0042 85 174 187 368
bottle 0.0029 87 141 257 348
bottle 0.0017 86 251 163 368
bottle 0.0011 23 259 115 364
bottle 0.0010 2 195 43 338
chair 0.0047 4 255 102 354
chair 0.0042 0 186 22 318
chair 0.0034 -2 248 57 356
chair 0.0027 34 272 132 373
chair 0.0025 5 157 187 336
chair 0.0014 15 336 178 378
person 0.8847 103 51 474 381
person 0.0147 468 248 500 372
person 0.0139 229 64 425 368
person 0.0125 -6 72 63 360
person 0.0071 45 1 377 316
person 0.0067 0 178 20 297
person 0.0057 184 35 545 283
person 0.0049 8 170 115 367
person 0.0033 0 111 22 277
person 0.0032 107 125 244 315
person 0.0027 440 244 501 375
person 0.0026 -11 114 121 320
person 0.0025 -18 204 71 391
person 0.0025 179 59 398 252
person 0.0012 120 69 302 303
person 0.0012 -2 209 52 345
person 0.0011 -2 114 53 258
person 0.0011 17 347 157 379
person 0.0010 -2 329 120 376
pottedplant 0.0010 116 149 224 231
