car 0.8564 65 64 432 268
car 0.0069 253 49 401 233
car 0.0068 85 47 336 187
car 0.0067 327 36 411 246
car 0.0058 -12 43 283 289
car 0.0032 53 76 220 257
car 0.0020 342 86 412 208
car 0.0011 275 72 377 155
person 0.3291 83 29 127 110
person 0.3225 127 50 220 117
person 0.2614 394 57 426 210
person 0.1461 382 61 416 206
person 0.1339 415 39 445 177
person 0.1284 169 42 224 99
person 0.1268 399 53 426 140
person 0.1244 354 63 393 127
person 0.1234 436 41 469 202
person 0.1073 64 36 135 137
person 0.1061 455 46 489 223
person 0.1055 469 14 500 126
person 0.0792 361 66 423 176
person 0.0477 476 42 500 199
person 0.0416 359 36 432 240
person 0.0350 375 59 410 132
person 0.0347 459 35 494 131
person 0.0335 403 64 457 203
person 0.0284 373 88 406 203
person 0.0256 166 40 276 104
person 0.0256 437 41 502 239
person 0.0250 359 66 386 100
person 0.0238 89 43 179 128
person 0.0220 420 47 449 120
person 0.0199 432 47 467 120
person 0.0144 459 2 494 88
person 0.0137 403 48 490 229
person 0.0123 422 52 443 86
person 0.0121 347 66 371 98
person 0.0120 381 64 405 99
person 0.0107 360 72 397 197
person 0.0106 419 43 479 149
person 0.0103 48 27 146 209
person 0.0087 402 63 423 99
person 0.0082 351 57 402 161
person 0.0072 100 32 141 108
person 0.0068 360 60 387 85
person 0.0051 438 54 461 85
person 0.0049 367 55 441 130
person 0.0046 469 4 499 60
person 0.0038 71 27 111 112
person 0.0034 100 45 256 136
person 0.0030 440 40 498 151
person 0.0029 327 55 411 125
person 0.0027 325 50 416 188
person 0.0025 399 59 425 85
person 0.0021 443 0 497 117
person 0.0019 345 61 376 129
person 0.0019 421 63 443 99
person 0.0017 116 58 170 106
person 0.0017 85 26 129 68
person 0.0014 438 65 463 98
person 0.0013 459 56 517 187
person 0.0013 166 35 208 84
person 0.0013 430 4 515 177
person 0.0012 199 39 300 93
person 0.0012 89 51 120 86
person 0.0010 153 56 325 108
person 0.0010 405 43 463 125
person 0.0010 281 71 315 95
person 0.0010 346 78 369 109
person 0.0010 355 51 394 93
person 0.0010 134 58 192 105
person 0.0010 424 115 446 152
