bird 0.0694 151 137 340 299
bird 0.0660 91 113 484 320
bird 0.0028 197 173 300 257
bird 0.0016 48 22 374 309
bird 0.0013 253 139 302 180
bird 0.0011 275 159 377 227
bird 0.0011 233 130 416 302
bird 0.0010 230 158 344 225
bottle 0.0019 46 249 295 341
bottle 0.0014 106 257 237 338
chair 0.0029 388 191 491 340
chair 0.0016 404 252 494 334
chair 0.0010 9 266 124 335
person 0.0093 208 -19 521 301
person 0.0037 11 50 120 283
person 0.0024 369 96 501 287
person 0.0023 -13 114 68 322
person 0.0017 145 225 189 273
person 0.0014 155 213 203 262
person 0.0010 -1 141 113 344
pottedplant 0.0015 115 235 226 310
pottedplant 0.0012 128 101 215 181
pottedplant 0.0011 72 213 269 328
pottedplant 0.0010 47 163 224 322
tvmonitor 0.0011 79 273 243 327
