bicycle 0.0145 110 230 177 334
bottle 0.0201 321 4 358 93
bottle 0.0107 316 54 356 123
bottle 0.0038 142 -1 192 39
bottle 0.0029 299 71 336 164
bottle 0.0023 330 32 371 89
bottle 0.0021 298 75 361 175
bottle 0.0017 339 288 372 359
bottle 0.0016 303 43 365 136
bottle 0.0013 357 195 391 261
bottle 0.0011 304 -2 370 101
chair 0.0049 237 -1 340 84
chair 0.0030 198 0 241 69
chair 0.0025 175 -4 266 74
chair 0.0013 168 53 330 300
chair 0.0011 145 -2 219 70
chair 0.0010 243 172 395 348
dog 0.0375 316 29 479 226
horse 0.2519 -19 22 442 335
horse 0.0031 18 77 177 280
horse 0.0011 108 68 316 287
person 0.1987 72 28 504 329
person 0.1021 262 16 466 342
person 0.0954 356 -1 461 72
person 0.0778 396 4 491 78
person 0.0175 318 1 488 144
person 0.0130 276 -5 456 99
person 0.0107 272 -4 379 82
person 0.0089 256 -6 399 148
person 0.0084 259 51 393 307
person 0.0080 431 0 476 71
person 0.0060 436 -8 502 131
person 0.0058 380 -2 441 48
person 0.0051 321 2 425 64
person 0.0051 332 127 481 339
person 0.0042 372 4 507 193
person 0.0039 315 2 395 94
person 0.0037 1 10 111 238
person 0.0036 355 17 453 109
person 0.0036 278 13 364 119
person 0.0033 369 58 497 300
person 0.0032 310 -5 418 41
person 0.0032 271 21 459 177
person 0.0023 360 8 428 55
person 0.0022 369 -2 495 47
person 0.0019 29 -7 392 257
person 0.0018 141 0 183 21
person 0.0014 -24 -3 65 198
person 0.0013 122 4 221 79
person 0.0013 222 -7 361 103
person 0.0012 251 18 340 111
person 0.0012 443 0 501 41
person 0.0010 168 -6 252 85
person 0.0010 350 0 407 43
pottedplant 0.0042 294 134 432 334
pottedplant 0.0017 321 185 413 281
pottedplant 0.0013 286 187 372 284
