bottle 0.0092 60 103 81 144
bottle 0.0056 338 -1 377 21
bottle 0.0051 36 122 59 154
bottle 0.0047 58 117 79 151
bottle 0.0043 318 -2 353 23
bottle 0.0027 345 135 370 165
bottle 0.0023 306 -3 333 25
bottle 0.0022 74 118 95 149
bottle 0.0012 332 -8 384 26
chair 0.6276 340 135 469 346
chair 0.3044 196 79 283 140
chair 0.2937 101 165 267 323
chair 0.2521 290 162 446 389
chair 0.2103 340 225 480 376
chair 0.1232 389 118 494 369
chair 0.0889 114 82 218 281
chair 0.0403 401 243 488 367
chair 0.0277 115 227 292 371
chair 0.0251 12 282 104 379
chair 0.0218 434 149 511 400
chair 0.0183 135 198 276 282
chair 0.0180 326 189 407 299
chair 0.0177 -9 238 130 373
chair 0.0176 351 180 477 266
chair 0.0165 203 134 277 228
chair 0.0138 211 167 272 219
chair 0.0137 320 166 418 260
chair 0.0135 443 222 501 369
chair 0.0116 365 241 461 348
chair 0.0115 120 122 204 242
chair 0.0110 433 283 507 377
chair 0.0106 236 176 335 259
chair 0.0092 407 143 458 182
chair 0.0091 165 133 322 294
chair 0.0088 198 85 289 185
chair 0.0079 471 229 500 388
chair 0.0076 11 231 260 366
chair 0.0072 286 281 373 375
chair 0.0062 349 223 473 309
chair 0.0058 100 195 180 293
chair 0.0058 235 146 332 230
chair 0.0056 27 326 162 379
chair 0.0056 0 184 58 303
chair 0.0052 255 225 412 373
chair 0.0052 0 217 18 255
chair 0.0051 11 226 90 326
chair 0.0051 394 149 472 267
chair 0.0050 358 140 450 236
chair 0.0047 121 171 230 265
chair 0.0043 319 264 429 382
chair 0.0042 454 259 496 388
chair 0.0042 377 138 407 166
chair 0.0041 202 165 298 265
chair 0.0038 376 296 485 378
chair 0.0038 0 157 118 332
chair 0.0036 357 128 401 169
chair 0.0033 166 143 262 231
chair 0.0033 234 169 417 318
chair 0.0032 343 203 402 245
chair 0.0032 -19 275 211 376
chair 0.0031 273 205 377 278
chair 0.0030 468 298 501 378
chair 0.0028 451 320 499 381
chair 0.0028 11 194 98 293
chair 0.0028 170 112 257 198
chair 0.0026 187 194 388 359
chair 0.0024 177 91 264 161
chair 0.0024 198 200 293 286
chair 0.0024 122 87 295 232
chair 0.0024 266 175 380 257
chair 0.0024 0 160 24 255
chair 0.0024 270 151 384 227
chair 0.0023 430 140 465 187
chair 0.0022 400 139 429 167
chair 0.0020 260 131 306 170
chair 0.0019 404 184 479 306
chair 0.0018 478 175 500 326
chair 0.0017 118 232 235 314
chair 0.0017 234 238 343 313
chair 0.0016 161 228 261 322
chair 0.0016 210 116 307 217
chair 0.0016 279 228 375 317
chair 0.0016 2 231 62 359
chair 0.0015 169 266 272 353
chair 0.0015 -2 233 21 355
chair 0.0014 45 128 301 360
chair 0.0014 12 295 170 368
chair 0.0014 -15 102 71 331
chair 0.0013 413 142 453 165
chair 0.0013 -3 156 64 258
chair 0.0013 299 306 343 366
chair 0.0012 205 131 246 200
chair 0.0011 240 204 339 283
chair 0.0011 241 119 336 194
chair 0.0010 0 174 51 241
chair 0.0010 331 216 387 290
chair 0.0010 430 255 474 365
chair 0.0010 116 288 230 370
diningtable 0.0653 273 145 464 283
diningtable 0.0047 252 118 477 371
diningtable 0.0044 19 178 326 366
diningtable 0.0030 277 157 456 226
diningtable 0.0027 114 165 462 379
diningtable 0.0018 224 119 430 254
person 0.0011 89 111 115 139
pottedplant 0.0099 362 124 393 153
pottedplant 0.0076 75 99 95 145
pottedplant 0.0039 54 98 90 148
pottedplant 0.0034 68 98 99 125
pottedplant 0.0031 395 0 434 19
pottedplant 0.0020 356 -2 387 22
pottedplant 0.0013 64 87 103 134
pottedplant 0.0012 34 136 58 160
sofa 0.0015 151 89 298 132
tvmonitor 0.4075 294 87 348 156
tvmonitor 0.2046 197 79 286 139
tvmonitor 0.1700 111 90 212 212
tvmonitor 0.0900 303 77 358 141
tvmonitor 0.0077 -2 138 25 163
tvmonitor 0.0042 315 104 351 140
tvmonitor 0.0042 244 82 349 160
tvmonitor 0.0039 99 92 188 172
tvmonitor 0.0036 302 102 335 141
tvmonitor 0.0020 95 46 155 86
tvmonitor 0.0020 0 60 23 154
tvmonitor 0.0019 264 72 390 194
tvmonitor 0.0016 258 126 300 149
tvmonitor 0.0015 119 106 166 195
tvmonitor 0.0013 277 87 315 154
tvmonitor 0.0013 255 87 297 154
tvmonitor 0.0011 -2 128 28 174
tvmonitor 0.0010 255 117 305 160
tvmonitor 0.0010 301 90 338 126
tvmonitor 0.0010 13 66 47 151
