boat 0.2622 407 204 487 284
boat 0.1536 111 252 144 280
boat 0.1426 412 233 455 295
boat 0.0692 -1 239 25 266
boat 0.0670 119 245 157 285
boat 0.0648 62 227 99 280
boat 0.0627 228 254 259 279
boat 0.0550 -1 198 24 276
boat 0.0498 89 193 161 278
boat 0.0428 -1 222 22 255
boat 0.0331 239 253 272 280
boat 0.0321 62 183 100 266
boat 0.0287 445 227 493 247
boat 0.0250 -2 250 24 278
boat 0.0248 234 189 278 257
boat 0.0188 474 222 498 252
boat 0.0188 108 224 141 250
boat 0.0137 138 193 187 251
boat 0.0136 79 242 170 286
boat 0.0133 203 174 296 263
boat 0.0118 404 234 498 298
boat 0.0112 408 270 456 290
boat 0.0105 374 193 420 248
boat 0.0105 64 251 101 279
boat 0.0099 219 173 264 244
boat 0.0097 57 179 143 261
boat 0.0094 45 194 126 282
boat 0.0083 124 171 206 254
boat 0.0079 391 189 492 257
boat 0.0069 125 184 164 259
boat 0.0069 8 167 46 249
boat 0.0063 237 175 331 261
boat 0.0059 467 213 502 260
boat 0.0052 162 194 200 248
boat 0.0051 200 172 239 245
boat 0.0051 175 147 324 283
boat 0.0051 109 175 180 266
boat 0.0050 287 199 340 248
boat 0.0049 91 223 123 249
boat 0.0047 414 236 450 265
boat 0.0044 107 224 147 278
boat 0.0043 122 266 158 288
boat 0.0041 131 221 154 250
boat 0.0040 451 238 495 259
boat 0.0040 17 177 104 254
boat 0.0039 86 191 126 252
boat 0.0038 92 208 120 238
boat 0.0038 417 245 446 287
boat 0.0037 373 189 455 282
boat 0.0037 237 266 273 288
boat 0.0035 -2 215 53 259
boat 0.0035 443 225 501 273
boat 0.0034 64 268 102 289
boat 0.0032 421 217 487 255
boat 0.0031 404 260 460 294
boat 0.0031 234 210 274 292
boat 0.0030 54 251 87 277
boat 0.0030 172 196 230 246
boat 0.0029 146 225 179 249
boat 0.0027 414 224 451 249
boat 0.0026 42 238 153 294
boat 0.0026 -4 165 60 280
boat 0.0025 104 177 144 242
boat 0.0025 177 227 227 248
boat 0.0025 111 238 141 268
boat 0.0024 5 227 47 251
boat 0.0024 124 240 158 265
boat 0.0024 149 206 176 241
boat 0.0024 298 238 333 259
boat 0.0024 110 266 145 289
boat 0.0023 38 150 163 286
boat 0.0022 350 189 437 252
boat 0.0021 282 241 319 263
boat 0.0021 206 207 301 281
boat 0.0021 56 238 84 269
boat 0.0021 6 237 43 263
boat 0.0020 0 164 25 255
boat 0.0020 366 146 521 285
boat 0.0020 55 202 90 268
boat 0.0019 329 228 381 247
boat 0.0019 181 183 263 259
boat 0.0019 262 164 299 253
boat 0.0019 198 226 239 247
boat 0.0018 317 238 352 259
boat 0.0018 -1 203 20 244
boat 0.0018 473 236 501 262
boat 0.0017 382 206 410 241
boat 0.0017 263 185 390 249
boat 0.0017 242 203 315 269
boat 0.0017 131 206 157 240
boat 0.0016 168 205 196 239
boat 0.0016 275 168 317 249
boat 0.0016 227 265 258 289
boat 0.0016 243 205 271 243
boat 0.0015 116 256 161 299
boat 0.0015 68 175 186 303
boat 0.0014 299 224 333 248
boat 0.0014 177 239 225 259
boat 0.0014 206 243 313 285
boat 0.0014 318 223 350 249
boat 0.0014 258 227 302 248
boat 0.0014 -27 210 66 281
boat 0.0013 118 208 207 264
boat 0.0013 390 222 442 280
boat 0.0013 240 238 272 267
boat 0.0013 160 239 202 260
boat 0.0013 70 205 97 244
boat 0.0012 180 209 223 235
boat 0.0012 297 167 338 252
boat 0.0012 -2 223 21 334
boat 0.0012 299 209 330 239
boat 0.0012 108 187 143 207
boat 0.0012 23 228 72 248
boat 0.0011 66 222 100 251
boat 0.0011 161 226 205 249
boat 0.0011 377 258 489 296
boat 0.0011 99 148 236 285
boat 0.0011 357 191 392 254
boat 0.0011 389 187 429 258
boat 0.0011 6 212 110 278
boat 0.0010 7 143 87 245
boat 0.0010 170 218 233 255
boat 0.0010 233 256 275 299
boat 0.0010 56 222 84 252
boat 0.0010 330 240 378 259
boat 0.0010 375 200 515 340
