cat 0.2896 -5 90 351 345
chair 0.0152 5 89 189 338
chair 0.0049 256 293 385 334
chair 0.0013 181 290 294 333
chair 0.0012 152 245 425 337
chair 0.0011 -13 157 131 322
diningtable 0.0014 192 243 461 341
diningtable 0.0010 96 223 557 362
dog 0.2627 -9 65 278 319
dog 0.0236 322 292 486 332
dog 0.0116 213 103 358 229
dog 0.0077 9 52 489 281
dog 0.0064 246 297 415 336
dog 0.0038 222 111 299 222
dog 0.0033 279 275 470 329
dog 0.0022 243 247 483 346
person 0.3306 -32 67 226 317
person 0.0794 115 92 537 342
person 0.0021 -3 80 137 308
person 0.0020 329 315 381 333
person 0.0011 258 104 473 278
person 0.0010 -1 176 20 296
