bottle 0.1643 145 56 186 163
bottle 0.0685 86 22 174 211
bottle 0.0513 193 37 254 156
bottle 0.0506 86 40 160 151
bottle 0.0158 31 89 74 151
bottle 0.0138 286 66 351 155
bottle 0.0111 166 33 269 198
bottle 0.0090 20 30 81 162
bottle 0.0086 186 36 305 245
bottle 0.0068 94 87 147 156
bottle 0.0067 95 49 148 118
bottle 0.0053 113 36 224 197
bottle 0.0052 268 28 374 198
bottle 0.0047 125 86 202 156
bottle 0.0039 128 36 199 141
bottle 0.0036 151 104 179 139
bottle 0.0031 201 71 247 173
bottle 0.0029 212 57 262 160
bottle 0.0029 71 59 137 164
bottle 0.0027 210 102 258 166
bottle 0.0026 47 35 151 245
bottle 0.0021 3 20 104 212
bottle 0.0019 209 68 371 264
bottle 0.0015 208 95 280 187
bottle 0.0015 144 49 182 118
bottle 0.0014 309 84 355 159
bottle 0.0014 451 105 483 159
bottle 0.0012 151 91 178 128
chair 0.0031 455 257 496 319
chair 0.0022 141 63 279 269
chair 0.0020 399 82 484 154
chair 0.0015 473 238 498 337
chair 0.0015 315 118 493 314
chair 0.0014 11 59 108 276
diningtable 0.0603 68 21 508 310
diningtable 0.0139 -36 22 305 309
diningtable 0.0039 312 82 495 251
diningtable 0.0032 258 50 548 281
diningtable 0.0030 64 55 202 277
person 0.0056 216 49 514 334
person 0.0024 67 51 432 331
person 0.0016 476 200 499 323
person 0.0014 151 -28 501 260
person 0.0011 22 -18 399 250
train 0.0028 2 69 420 314
