cat 0.0753 177 164 263 226
chair 0.0108 154 234 422 368
chair 0.0053 203 328 375 378
chair 0.0027 217 272 434 383
chair 0.0020 268 231 463 377
chair 0.0016 98 170 324 317
chair 0.0013 27 185 165 362
chair 0.0012 275 265 382 345
chair 0.0012 206 156 447 336
chair 0.0012 159 121 335 249
chair 0.0010 310 266 400 381
chair 0.0010 146 206 275 275
diningtable 0.0120 33 124 466 363
diningtable 0.0023 104 221 471 381
dog 0.0031 178 170 263 218
person 0.0088 194 151 294 231
person 0.0017 149 87 503 344
person 0.0011 214 134 436 298
sofa 0.0248 4 89 495 342
