bottle 0.0054 95 233 115 271
bottle 0.0031 4 170 44 247
chair 0.4765 19 244 105 359
chair 0.0903 104 249 180 364
chair 0.0340 -5 265 132 380
chair 0.0220 97 237 166 320
chair 0.0153 39 288 97 357
chair 0.0147 17 332 151 378
chair 0.0137 10 249 121 315
chair 0.0129 4 253 43 365
chair 0.0118 -1 234 23 383
chair 0.0050 55 237 151 355
chair 0.0047 74 289 199 369
chair 0.0041 92 238 119 321
chair 0.0040 -11 156 119 335
chair 0.0037 48 334 219 378
chair 0.0035 -3 251 65 347
chair 0.0035 37 262 228 384
chair 0.0030 24 258 70 359
chair 0.0025 0 327 56 381
chair 0.0024 -28 323 69 394
chair 0.0020 85 256 125 361
chair 0.0018 117 254 168 336
chair 0.0018 8 199 101 296
chair 0.0017 77 199 184 353
chair 0.0017 58 262 107 357
chair 0.0014 33 248 100 289
chair 0.0013 115 247 163 289
chair 0.0012 29 225 66 246
chair 0.0010 -5 286 66 389
chair 0.0010 429 55 464 130
diningtable 0.0837 9 249 165 363
diningtable 0.0026 11 156 176 337
person 0.7732 136 40 364 393
person 0.6059 296 82 511 408
person 0.1971 -1 18 61 298
person 0.1950 170 79 483 353
person 0.1484 386 100 493 386
person 0.0481 5 36 43 182
person 0.0450 304 51 436 319
person 0.0336 126 73 298 297
person 0.0134 0 215 26 317
person 0.0111 432 116 510 373
person 0.0102 320 72 479 253
person 0.0083 0 44 102 331
person 0.0083 474 216 500 373
person 0.0080 0 57 29 185
person 0.0054 268 166 465 375
person 0.0052 94 232 119 301
person 0.0050 0 161 22 285
person 0.0042 2 86 56 232
person 0.0042 165 4 196 99
person 0.0024 404 78 488 184
person 0.0023 409 111 498 221
person 0.0023 389 47 501 213
person 0.0022 96 243 114 288
person 0.0021 0 102 31 228
person 0.0020 1 154 43 238
person 0.0020 439 120 502 255
person 0.0019 398 114 431 188
person 0.0019 454 233 497 385
person 0.0018 190 91 385 283
person 0.0014 477 82 500 164
person 0.0014 401 123 424 152
person 0.0013 0 218 19 258
person 0.0013 177 39 308 218
person 0.0013 354 192 462 299
person 0.0013 -1 16 30 143
person 0.0012 165 165 335 370
person 0.0012 261 67 394 248
person 0.0010 24 66 321 364
person 0.0010 402 183 482 303
person 0.0010 363 81 444 175
person 0.0010 0 231 19 274
pottedplant 0.0338 313 10 420 73
pottedplant 0.0140 0 16 47 83
pottedplant 0.0078 328 4 377 69
pottedplant 0.0055 -15 -31 60 179
pottedplant 0.0037 -5 14 53 130
pottedplant 0.0031 -2 26 32 104
pottedplant 0.0030 -6 0 32 72
pottedplant 0.0027 -18 0 60 87
pottedplant 0.0024 276 -10 454 106
pottedplant 0.0022 113 194 143 224
pottedplant 0.0021 -1 0 53 42
pottedplant 0.0020 0 140 28 248
pottedplant 0.0020 347 7 402 65
pottedplant 0.0018 277 6 375 84
pottedplant 0.0016 440 34 465 62
pottedplant 0.0016 321 -7 425 51
pottedplant 0.0015 314 16 356 82
pottedplant 0.0014 -1 30 25 66
pottedplant 0.0013 107 185 152 231
pottedplant 0.0010 -1 20 25 50
tvmonitor 0.0019 435 116 502 196
