bus 0.8584 118 83 385 246
bus 0.0119 109 67 240 222
bus 0.0044 250 87 381 246
bus 0.0039 177 127 320 202
bus 0.0033 159 99 264 182
bus 0.0017 136 96 217 189
bus 0.0016 276 123 365 211
bus 0.0016 133 51 366 188
bus 0.0015 278 95 358 186
bus 0.0011 79 7 420 223
bus 0.0010 192 103 307 179
person 0.0275 165 149 199 174
person 0.0266 182 150 222 173
person 0.0100 184 160 221 182
person 0.0098 194 143 243 180
person 0.0084 202 149 236 175
person 0.0080 203 161 240 182
person 0.0059 166 161 199 181
person 0.0039 118 181 137 211
person 0.0028 151 140 251 182
person 0.0023 179 153 227 190
person 0.0019 149 149 177 176
person 0.0018 149 160 177 183
person 0.0015 117 170 135 203
person 0.0014 116 170 142 225
person 0.0011 187 136 218 159
person 0.0010 244 173 270 196
person 0.0010 199 119 241 176
pottedplant 0.0449 52 100 126 183
pottedplant 0.0213 61 131 113 190
pottedplant 0.0079 75 121 132 174
pottedplant 0.0071 39 94 145 237
pottedplant 0.0035 285 58 312 80
pottedplant 0.0027 18 95 95 185
pottedplant 0.0022 86 104 160 190
pottedplant 0.0019 102 120 149 175
pottedplant 0.0016 -9 65 128 215
pottedplant 0.0014 284 70 314 93
pottedplant 0.0014 71 155 102 187
pottedplant 0.0011 78 152 130 190
pottedplant 0.0010 90 159 120 185
