bottle 0.0039 69 88 99 155
bottle 0.0025 77 80 96 112
bottle 0.0022 91 84 126 211
bottle 0.0020 19 99 72 148
bottle 0.0018 5 99 84 193
bottle 0.0017 74 54 94 86
bottle 0.0015 76 67 96 102
bottle 0.0014 71 56 99 110
bottle 0.0010 70 107 99 187
bus 0.0012 2 114 92 204
car 0.0015 476 127 500 191
car 0.0012 479 142 501 178
car 0.0010 440 133 500 185
chair 0.4562 328 217 413 324
chair 0.1480 316 206 394 296
chair 0.0975 95 226 182 321
chair 0.0973 205 64 313 100
chair 0.0588 302 195 372 278
chair 0.0510 118 82 292 212
chair 0.0285 331 207 376 264
chair 0.0278 215 71 361 206
chair 0.0250 137 94 231 193
chair 0.0205 296 218 381 316
chair 0.0131 352 236 430 337
chair 0.0129 437 114 502 212
chair 0.0086 436 229 504 310
chair 0.0069 157 263 210 310
chair 0.0067 415 91 491 191
chair 0.0066 93 218 254 321
chair 0.0064 209 64 346 127
chair 0.0054 332 267 416 329
chair 0.0054 315 204 368 247
chair 0.0054 123 250 212 330
chair 0.0050 424 68 519 212
chair 0.0049 192 96 304 182
chair 0.0038 169 55 338 179
chair 0.0038 155 236 249 315
chair 0.0038 408 63 457 101
chair 0.0035 204 73 306 147
chair 0.0034 6 117 86 203
chair 0.0033 142 210 221 292
chair 0.0028 352 203 388 268
chair 0.0027 306 65 326 100
chair 0.0027 133 275 269 325
chair 0.0027 477 123 500 220
chair 0.0023 430 201 509 288
chair 0.0023 363 199 437 286
chair 0.0023 59 222 140 316
chair 0.0022 158 83 255 160
chair 0.0021 424 142 481 201
chair 0.0021 152 214 211 262
chair 0.0021 317 196 390 256
chair 0.0019 274 259 382 327
chair 0.0019 162 112 262 205
chair 0.0019 281 187 379 253
chair 0.0019 15 208 178 333
chair 0.0019 221 293 356 334
chair 0.0018 410 244 493 330
chair 0.0018 13 236 96 305
chair 0.0017 381 205 506 328
chair 0.0017 110 292 234 336
chair 0.0017 234 229 338 312
chair 0.0017 102 242 152 332
chair 0.0016 370 218 417 308
chair 0.0016 178 227 301 321
chair 0.0016 349 215 394 311
chair 0.0015 330 281 385 316
chair 0.0015 413 147 495 220
chair 0.0014 422 167 524 318
chair 0.0013 115 278 166 324
chair 0.0012 83 242 125 305
chair 0.0012 396 82 498 242
chair 0.0012 138 256 186 318
chair 0.0011 144 210 186 263
chair 0.0011 362 278 416 322
chair 0.0011 321 209 358 312
chair 0.0011 159 186 263 254
chair 0.0011 218 260 351 325
chair 0.0010 2 65 102 217
chair 0.0010 338 167 468 322
chair 0.0010 390 226 429 297
chair 0.0010 284 91 360 192
diningtable 0.0797 86 213 339 326
diningtable 0.0060 154 294 349 336
diningtable 0.0028 82 142 416 342
diningtable 0.0011 149 241 420 334
person 0.0033 150 160 171 189
person 0.0012 481 127 500 166
pottedplant 0.0100 240 86 316 182
pottedplant 0.0012 270 94 364 175
pottedplant 0.0011 296 103 338 167
tvmonitor 0.0084 431 93 503 175
tvmonitor 0.0022 12 93 90 190
tvmonitor 0.0019 444 94 493 151
tvmonitor 0.0016 -9 20 71 96
tvmonitor 0.0014 429 90 477 155
tvmonitor 0.0010 0 28 49 87
tvmonitor 0.0010 83 55 185 123
