bird 0.0056 444 0 497 44
boat 0.0085 87 32 276 72
boat 0.0075 103 44 243 92
boat 0.0016 157 41 208 59
boat 0.0013 175 42 227 57
boat 0.0010 139 41 185 59
car 0.8979 213 93 450 290
car 0.0018 243 172 415 262
person 0.0578 341 133 369 168
person 0.0133 322 134 353 168
person 0.0119 358 137 386 166
person 0.0071 337 135 375 192
person 0.0045 264 136 294 165
person 0.0034 284 134 312 164
person 0.0031 351 126 392 177
person 0.0022 10 353 46 374
person 0.0019 332 118 375 160
person 0.0017 322 122 349 154
person 0.0017 342 143 369 182
person 0.0013 279 123 319 174
person 0.0013 301 134 331 162
person 0.0012 353 106 399 168
person 0.0012 255 127 301 173
person 0.0010 -1 167 20 280
pottedplant 0.0015 -1 182 19 294
