bottle 0.0185 0 201 22 331
bottle 0.0044 4 222 47 341
bottle 0.0033 455 191 486 251
bottle 0.0031 11 209 88 323
bottle 0.0030 133 206 157 241
bottle 0.0028 41 224 90 310
bottle 0.0024 0 249 30 369
bottle 0.0022 21 250 77 312
bottle 0.0018 126 193 163 253
bottle 0.0015 0 243 18 291
bottle 0.0011 118 225 166 278
bottle 0.0010 141 185 180 290
bottle 0.0010 108 206 137 236
chair 0.0169 10 239 94 354
chair 0.0028 288 101 335 140
chair 0.0023 4 285 101 375
chair 0.0023 -3 244 61 360
chair 0.0017 1 169 58 304
chair 0.0012 138 326 287 379
chair 0.0011 439 175 502 299
chair 0.0010 0 260 28 383
diningtable 0.0199 30 274 316 382
diningtable 0.0167 -10 218 433 385
diningtable 0.0025 57 291 204 368
diningtable 0.0025 53 208 294 340
diningtable 0.0016 83 242 265 302
diningtable 0.0015 2 240 188 372
diningtable 0.0010 177 296 323 371
person 0.8647 162 55 491 319
person 0.2514 107 56 181 257
person 0.2486 215 103 305 227
person 0.1031 3 75 96 359
person 0.0547 119 63 308 246
person 0.0361 100 174 139 239
person 0.0252 93 84 236 285
person 0.0211 91 165 131 223
person 0.0176 174 117 333 304
person 0.0129 280 19 453 296
person 0.0115 193 49 370 267
person 0.0113 126 118 197 242
person 0.0106 -13 189 106 347
person 0.0103 4 193 90 304
person 0.0100 -6 125 64 357
person 0.0097 28 153 158 336
person 0.0087 61 200 139 294
person 0.0082 140 137 223 251
person 0.0078 139 159 183 260
person 0.0073 91 179 182 252
person 0.0072 86 214 189 271
person 0.0063 162 156 240 263
person 0.0059 21 73 171 300
person 0.0051 0 172 22 330
person 0.0047 100 132 169 247
person 0.0046 119 166 205 281
person 0.0044 205 26 234 50
person 0.0044 186 63 221 211
person 0.0040 172 194 231 252
person 0.0035 73 133 427 355
person 0.0033 110 71 172 177
person 0.0031 206 107 240 225
person 0.0030 165 83 234 219
person 0.0030 162 124 204 207
person 0.0029 101 140 138 223
person 0.0023 108 185 134 232
person 0.0022 67 126 203 307
person 0.0022 122 163 163 226
person 0.0021 204 119 275 239
person 0.0020 95 206 148 267
person 0.0020 68 74 354 299
person 0.0019 118 68 171 122
person 0.0018 211 71 290 192
person 0.0017 179 137 219 223
person 0.0017 122 74 209 192
person 0.0017 6 171 50 274
person 0.0016 99 80 159 222
person 0.0016 232 141 322 246
person 0.0015 93 187 123 229
person 0.0015 0 156 25 261
person 0.0014 185 131 255 254
person 0.0014 141 101 181 230
person 0.0013 159 186 205 259
person 0.0013 125 102 164 226
person 0.0012 -31 40 223 334
person 0.0010 131 176 155 211
person 0.0010 130 164 155 196
person 0.0010 201 85 233 189
person 0.0010 95 167 327 321
person 0.0010 240 86 278 159
person 0.0010 157 151 208 237
person 0.0010 328 92 477 338
tvmonitor 0.2587 1 105 102 199
tvmonitor 0.0182 4 37 99 236
