boat 0.0044 76 8 189 71
boat 0.0034 42 13 152 68
boat 0.0029 77 31 189 100
boat 0.0028 66 -4 145 92
boat 0.0024 70 5 272 120
boat 0.0016 42 31 140 97
boat 0.0015 114 33 224 95
boat 0.0013 46 -12 221 91
boat 0.0012 81 8 128 57
car 0.0030 450 141 499 202
car 0.0024 441 117 503 212
car 0.0021 -1 25 98 93
car 0.0021 142 49 224 142
cat 0.0017 44 292 169 333
motorbike 0.7290 31 30 468 301
motorbike 0.0299 207 54 521 275
motorbike 0.0216 121 67 376 267
motorbike 0.0076 378 73 503 256
motorbike 0.0041 94 46 257 178
motorbike 0.0024 -8 109 355 321
motorbike 0.0022 70 70 278 262
motorbike 0.0020 0 6 344 224
motorbike 0.0012 314 110 493 271
person 0.2399 0 54 25 162
person 0.2219 33 54 100 167
person 0.1899 17 23 102 303
person 0.1513 4 54 42 163
person 0.0829 323 41 488 237
person 0.0442 94 58 119 85
person 0.0412 173 4 261 79
person 0.0280 471 50 499 165
person 0.0278 92 65 116 98
person 0.0270 86 58 121 108
person 0.0240 28 48 151 280
person 0.0228 224 5 505 274
person 0.0197 473 37 499 102
person 0.0190 49 37 119 151
person 0.0185 436 45 502 139
person 0.0167 -11 32 61 246
person 0.0161 68 56 106 135
person 0.0142 0 91 21 225
person 0.0125 434 33 509 246
person 0.0119 441 176 472 247
person 0.0108 31 54 73 110
person 0.0106 416 43 447 70
person 0.0105 93 54 176 130
person 0.0105 477 52 498 89
person 0.0101 380 30 495 198
person 0.0099 450 176 486 248
person 0.0097 13 48 83 143
person 0.0086 88 50 128 92
person 0.0078 0 56 30 112
person 0.0072 340 47 469 122
person 0.0070 205 6 295 74
person 0.0064 342 63 364 99
person 0.0060 391 50 490 132
person 0.0059 361 37 454 100
person 0.0057 87 0 412 230
person 0.0057 210 4 262 59
person 0.0055 120 71 224 152
person 0.0054 98 71 154 142
person 0.0053 107 56 139 82
person 0.0052 -18 63 38 178
person 0.0051 74 64 101 100
person 0.0051 0 65 25 97
person 0.0051 2 53 24 87
person 0.0049 73 60 103 83
person 0.0048 98 49 147 92
person 0.0045 53 66 78 96
person 0.0041 442 84 499 196
person 0.0041 0 185 24 311
person 0.0039 406 47 458 90
person 0.0038 52 58 77 85
person 0.0038 7 169 40 277
person 0.0037 4 96 41 198
person 0.0035 389 31 440 80
person 0.0034 388 43 485 91
person 0.0033 170 10 331 169
person 0.0030 461 54 486 84
person 0.0029 108 27 144 87
person 0.0028 89 63 122 151
person 0.0027 114 51 223 123
person 0.0026 114 28 138 61
person 0.0026 1 73 21 115
person 0.0026 -5 44 60 136
person 0.0025 58 28 216 149
person 0.0025 121 -2 298 133
person 0.0024 178 0 218 66
person 0.0023 455 45 492 97
person 0.0023 0 161 30 258
person 0.0023 47 42 87 149
person 0.0023 316 61 361 106
person 0.0022 2 122 19 172
person 0.0019 129 32 157 56
person 0.0019 109 67 138 98
person 0.0019 120 2 225 77
person 0.0018 477 63 501 100
person 0.0018 112 79 139 109
person 0.0017 321 69 354 97
person 0.0017 473 0 499 89
person 0.0017 422 39 480 77
person 0.0015 429 49 477 119
person 0.0015 421 29 526 155
person 0.0015 66 52 144 139
person 0.0014 66 50 111 93
person 0.0014 115 40 137 74
person 0.0014 94 75 116 111
person 0.0014 -1 84 20 129
person 0.0014 81 -10 265 93
person 0.0014 303 72 331 98
person 0.0014 0 113 20 156
person 0.0014 35 55 64 84
person 0.0014 283 59 311 81
person 0.0013 431 47 471 70
person 0.0013 125 27 160 88
person 0.0012 448 29 495 85
person 0.0012 290 22 447 149
person 0.0012 15 193 34 229
person 0.0011 96 41 118 75
person 0.0011 35 65 64 97
person 0.0011 457 54 516 160
person 0.0011 -36 41 228 289
person 0.0010 154 47 347 236
person 0.0010 43 47 84 95
person 0.0010 317 30 414 101
person 0.0010 418 53 450 83
person 0.0010 30 57 66 181
person 0.0010 42 53 126 114
pottedplant 0.0079 391 -10 492 44
pottedplant 0.0042 446 -2 497 39
pottedplant 0.0020 469 -4 499 44
pottedplant 0.0020 398 5 485 75
pottedplant 0.0015 315 11 414 71
