bicycle 0.0022 100 204 453 448
bottle 0.0032 138 217 181 281
bottle 0.0013 130 168 173 262
bottle 0.0010 281 142 322 222
chair 0.0055 382 348 479 452
chair 0.0011 364 396 485 451
horse 0.6267 76 87 403 430
horse 0.0226 107 79 302 364
horse 0.0089 212 71 487 447
horse 0.0031 217 94 409 361
horse 0.0016 84 91 256 284
horse 0.0013 -5 62 265 457
person 0.4966 167 71 301 251
person 0.0700 199 54 349 262
person 0.0558 24 116 92 415
person 0.0423 223 85 310 244
person 0.0258 112 35 440 346
person 0.0042 25 167 162 422
person 0.0028 138 93 270 219
person 0.0019 189 73 290 178
person 0.0014 9 189 102 470
person 0.0011 147 96 276 158
person 0.0011 -32 174 79 414
person 0.0010 314 105 455 345
person 0.0010 226 100 274 227
pottedplant 0.0065 268 76 360 169
pottedplant 0.0052 292 104 390 191
pottedplant 0.0047 286 57 408 262
pottedplant 0.0020 278 102 329 190
pottedplant 0.0015 -1 225 27 312
pottedplant 0.0015 240 34 391 210
pottedplant 0.0013 231 80 395 303
pottedplant 0.0011 291 111 351 179
