car 0.4225 296 37 331 60
car 0.3662 284 35 317 60
car 0.0774 341 35 373 60
car 0.0367 286 27 315 52
car 0.0316 60 66 107 86
car 0.0257 360 37 388 66
car 0.0209 62 57 107 80
car 0.0190 298 27 329 52
car 0.0162 376 40 417 63
car 0.0075 312 39 355 58
car 0.0061 343 25 370 51
car 0.0060 344 16 459 66
car 0.0051 272 30 368 69
car 0.0051 318 25 351 50
car 0.0045 48 55 92 81
car 0.0043 40 62 101 90
car 0.0043 373 48 412 73
car 0.0033 283 18 320 58
car 0.0032 358 20 384 54
car 0.0031 353 10 387 65
car 0.0024 82 56 128 75
car 0.0022 312 16 360 58
car 0.0021 382 33 434 68
car 0.0018 269 35 294 62
car 0.0014 366 10 421 65
car 0.0014 0 41 111 91
car 0.0013 481 29 499 69
car 0.0010 14 60 119 93
motorbike 0.6807 35 23 463 293
motorbike 0.0205 83 51 337 267
motorbike 0.0094 -7 98 353 330
motorbike 0.0078 183 71 394 304
motorbike 0.0027 62 124 279 299
motorbike 0.0023 213 47 361 222
person 0.0115 261 63 289 95
person 0.0084 367 42 387 82
person 0.0062 253 63 299 123
person 0.0060 252 49 331 151
person 0.0053 481 3 500 38
person 0.0033 478 9 499 91
person 0.0031 11 352 47 375
person 0.0019 0 351 22 376
person 0.0016 23 358 71 375
person 0.0015 247 65 275 94
person 0.0012 480 15 499 54
person 0.0011 263 53 293 76
person 0.0011 476 -6 504 51
person 0.0010 283 52 359 150
pottedplant 0.0099 0 63 21 89
pottedplant 0.0021 155 29 208 70
pottedplant 0.0013 159 55 202 74
