bicycle 0.0037 104 111 472 321
car 0.0519 0 25 110 103
car 0.0325 275 35 376 100
car 0.0324 313 2 363 38
car 0.0178 255 3 338 85
car 0.0174 253 7 301 52
car 0.0139 273 0 382 78
car 0.0098 274 11 313 77
car 0.0091 -5 2 137 86
car 0.0089 258 36 304 78
car 0.0083 264 45 296 71
car 0.0075 321 16 353 42
car 0.0054 240 4 324 57
car 0.0044 315 0 359 18
car 0.0037 332 0 376 14
car 0.0034 310 34 361 82
car 0.0033 250 2 394 126
car 0.0032 35 10 155 62
car 0.0030 194 5 305 60
car 0.0024 249 27 274 56
car 0.0023 230 -4 346 36
car 0.0022 -7 54 105 137
car 0.0022 257 0 300 15
car 0.0021 158 10 265 60
car 0.0015 314 6 414 74
car 0.0014 259 29 291 56
car 0.0013 316 19 363 69
car 0.0012 245 19 281 64
car 0.0012 272 45 321 94
car 0.0011 278 44 311 73
car 0.0011 338 1 366 35
car 0.0010 298 -4 377 46
car 0.0010 280 29 310 58
motorbike 0.6739 -21 35 444 296
motorbike 0.1029 -7 14 114 168
motorbike 0.0175 20 2 166 220
motorbike 0.0163 20 32 112 105
motorbike 0.0076 83 75 339 260
motorbike 0.0071 -22 -3 293 234
motorbike 0.0053 36 34 234 198
motorbike 0.0037 43 21 123 92
motorbike 0.0032 1 47 95 118
motorbike 0.0018 5 87 100 184
motorbike 0.0014 -8 67 69 157
motorbike 0.0013 190 59 384 278
motorbike 0.0010 79 53 184 127
person 0.1195 171 3 196 61
person 0.1120 188 4 214 58
person 0.1003 404 14 424 45
person 0.0565 402 4 427 38
person 0.0514 416 17 444 42
person 0.0369 284 45 363 119
person 0.0221 334 23 365 120
person 0.0180 338 11 366 73
person 0.0171 479 14 498 48
person 0.0128 441 13 461 48
person 0.0128 190 21 208 62
person 0.0113 152 2 179 65
person 0.0108 262 14 290 45
person 0.0106 399 10 431 51
person 0.0101 342 22 364 60
person 0.0079 221 2 253 60
person 0.0079 462 12 483 46
person 0.0076 307 0 329 38
person 0.0075 252 12 269 51
person 0.0071 250 5 272 37
person 0.0068 231 6 251 37
person 0.0067 386 12 409 47
person 0.0063 275 0 315 42
person 0.0061 200 5 235 60
person 0.0046 261 27 375 154
person 0.0046 313 40 365 103
person 0.0045 456 4 492 53
person 0.0034 401 27 420 57
person 0.0033 385 0 406 37
person 0.0032 189 8 214 36
person 0.0032 268 1 292 39
person 0.0032 171 38 192 70
person 0.0032 173 5 195 38
person 0.0030 374 0 414 14
person 0.0028 156 23 176 64
person 0.0023 247 4 275 57
person 0.0021 397 12 424 75
person 0.0019 376 20 412 68
person 0.0014 37 43 93 93
person 0.0014 299 7 338 81
person 0.0013 381 27 406 60
person 0.0013 284 11 307 48
person 0.0013 396 0 431 17
person 0.0012 125 5 163 59
person 0.0011 187 41 210 67
person 0.0011 165 29 195 79
person 0.0010 241 46 335 125
person 0.0010 206 28 235 56
person 0.0010 412 0 451 15
pottedplant 0.0217 447 0 498 42
pottedplant 0.0128 385 6 499 67
pottedplant 0.0080 404 13 457 47
pottedplant 0.0050 426 3 470 41
pottedplant 0.0029 359 -15 517 98
pottedplant 0.0027 426 -5 513 48
pottedplant 0.0019 457 5 487 37
tvmonitor 0.2174 7 -3 93 68
tvmonitor 0.0159 -2 -15 120 106
tvmonitor 0.0041 3 1 54 60
tvmonitor 0.0020 12 -1 155 43
