car 0.0158 14 147 484 340
car 0.0039 354 142 453 226
car 0.0037 333 99 461 273
chair 0.0066 135 13 189 54
chair 0.0017 144 18 181 47
chair 0.0015 161 6 198 65
motorbike 0.7409 -13 68 436 362
motorbike 0.0132 92 112 331 318
motorbike 0.0074 158 95 418 280
motorbike 0.0047 27 111 248 262
motorbike 0.0012 101 28 475 288
person 0.0228 435 163 464 253
person 0.0162 324 230 349 269
person 0.0137 266 207 296 266
person 0.0087 217 206 267 266
person 0.0077 149 106 183 134
person 0.0046 294 208 342 269
person 0.0044 276 191 354 286
person 0.0042 316 215 354 267
person 0.0038 197 196 281 277
person 0.0034 233 209 281 264
person 0.0034 342 233 366 269
person 0.0027 273 211 320 267
person 0.0023 158 110 200 132
person 0.0021 334 226 373 275
person 0.0017 61 94 285 239
person 0.0016 268 208 290 242
