bird 0.0010 325 220 379 256
boat 0.0016 5 16 189 112
car 0.0093 449 46 492 63
car 0.0078 171 74 198 95
car 0.0064 -1 82 26 109
car 0.0022 6 81 43 104
car 0.0010 0 66 46 105
chair 0.0022 178 73 219 93
person 0.0052 345 57 373 85
person 0.0014 72 72 100 95
person 0.0011 72 59 101 83
pottedplant 0.0027 339 54 403 91
pottedplant 0.0013 160 28 205 87
pottedplant 0.0012 141 7 185 58
pottedplant 0.0011 355 71 393 90
sheep 0.2413 230 155 257 186
sheep 0.0721 127 98 157 118
sheep 0.0670 240 161 269 185
sheep 0.0478 227 143 263 181
sheep 0.0030 199 150 280 193
sheep 0.0010 240 150 270 176
tvmonitor 0.0011 217 -8 378 22
