bottle 0.0056 306 4 358 64
bottle 0.0043 297 0 342 47
bottle 0.0034 330 3 376 64
bottle 0.0011 299 19 343 76
bottle 0.0011 322 50 348 81
car 0.0043 35 1 137 70
cat 0.0017 360 332 507 378
motorbike 0.7169 -21 15 444 359
motorbike 0.5113 117 24 535 292
motorbike 0.0345 98 115 478 372
motorbike 0.0257 51 1 208 148
motorbike 0.0134 314 62 488 250
motorbike 0.0080 62 109 284 321
motorbike 0.0057 11 31 179 166
motorbike 0.0053 172 75 405 303
motorbike 0.0037 16 -6 329 266
motorbike 0.0033 45 60 144 142
motorbike 0.0026 62 33 150 124
motorbike 0.0022 75 27 268 172
motorbike 0.0020 18 120 181 311
motorbike 0.0019 310 127 496 301
motorbike 0.0019 78 50 186 145
motorbike 0.0018 -50 81 244 348
motorbike 0.0018 31 -9 180 29
motorbike 0.0017 -27 146 373 398
motorbike 0.0017 241 226 489 377
motorbike 0.0014 43 46 225 211
motorbike 0.0012 193 179 305 254
motorbike 0.0011 200 277 453 385
motorbike 0.0010 136 154 363 335
motorbike 0.0010 379 183 501 368
person 0.8141 -2 -13 55 148
person 0.1690 8 1 81 126
person 0.1192 330 -1 482 148
person 0.1051 336 0 468 80
person 0.0393 246 -5 308 48
person 0.0296 43 0 81 101
person 0.0276 173 0 262 47
person 0.0259 0 4 28 125
person 0.0213 376 3 490 67
person 0.0196 196 -2 301 42
person 0.0181 315 3 398 94
person 0.0175 169 -2 208 74
person 0.0169 83 -2 124 17
person 0.0160 259 0 389 73
person 0.0135 130 -2 189 41
person 0.0130 349 17 458 116
person 0.0129 100 -1 149 16
person 0.0107 213 -5 438 148
person 0.0101 40 0 88 39
person 0.0078 216 7 512 252
person 0.0077 -13 19 118 174
person 0.0076 438 0 501 46
person 0.0076 109 9 230 72
person 0.0071 157 -2 249 72
person 0.0068 74 9 189 75
person 0.0068 293 0 342 19
person 0.0067 388 19 493 112
person 0.0065 376 7 500 197
person 0.0063 166 3 200 33
person 0.0061 176 7 220 64
person 0.0059 471 -4 502 49
person 0.0058 1 0 50 73
person 0.0058 76 -4 189 41
person 0.0058 0 44 23 167
person 0.0057 434 0 512 89
person 0.0055 54 6 119 121
person 0.0054 238 7 345 67
person 0.0053 217 1 267 44
person 0.0051 60 0 113 19
person 0.0048 116 0 173 17
person 0.0048 47 0 87 22
person 0.0047 336 22 474 239
person 0.0047 313 0 359 21
person 0.0046 183 32 211 65
person 0.0042 312 -5 415 53
person 0.0042 140 -1 185 21
person 0.0042 330 -1 378 17
person 0.0040 51 3 122 38
person 0.0040 39 14 148 75
person 0.0038 179 0 223 19
person 0.0035 27 21 72 136
person 0.0035 266 0 329 45
person 0.0034 80 23 186 123
person 0.0033 0 47 103 143
person 0.0032 120 -1 242 46
person 0.0030 142 -24 511 169
person 0.0028 -8 16 63 237
person 0.0027 176 11 321 71
person 0.0026 347 2 397 69
person 0.0026 348 0 400 16
person 0.0025 3 50 49 162
person 0.0025 476 -12 501 111
person 0.0023 60 9 115 61
person 0.0021 139 -3 182 71
person 0.0020 274 -1 323 17
person 0.0019 171 31 201 67
person 0.0019 -10 -4 124 105
person 0.0018 220 0 261 19
person 0.0016 27 4 74 69
person 0.0016 227 5 257 38
person 0.0016 97 -1 153 42
person 0.0015 103 19 143 79
person 0.0015 329 0 379 47
person 0.0014 379 0 444 46
person 0.0014 470 -1 505 18
person 0.0014 234 0 283 19
person 0.0014 72 -5 271 102
person 0.0013 426 -1 480 68
person 0.0013 86 33 122 93
person 0.0013 108 24 141 49
person 0.0012 173 26 219 98
person 0.0012 92 45 118 78
person 0.0012 32 3 66 33
person 0.0011 12 -2 123 45
person 0.0011 406 2 460 66
person 0.0011 117 25 170 77
person 0.0011 253 0 305 19
person 0.0011 426 -11 520 157
person 0.0010 44 333 225 377
person 0.0010 122 6 170 34
person 0.0010 386 332 502 379
person 0.0010 146 -9 353 100
person 0.0010 292 -11 416 27
pottedplant 0.0017 40 -4 150 41
pottedplant 0.0015 -1 -5 114 43
