bottle 0.0063 52 204 81 293
bottle 0.0043 0 202 25 295
bottle 0.0020 34 211 69 285
bottle 0.0011 69 149 98 248
bottle 0.0011 107 27 142 114
cat 0.6326 108 83 468 300
cat 0.0279 138 75 354 259
cat 0.0037 133 78 286 206
cat 0.0031 155 94 266 182
cat 0.0027 234 102 415 279
cat 0.0025 -9 29 432 253
cat 0.0010 80 76 269 257
chair 0.0098 13 68 182 265
chair 0.0094 -2 78 108 306
chair 0.0030 -8 61 64 271
chair 0.0016 13 88 96 192
chair 0.0012 12 139 89 243
chair 0.0012 -32 36 225 296
chair 0.0011 9 200 91 287
chair 0.0010 -11 23 135 211
diningtable 0.0101 1 206 189 334
diningtable 0.0016 40 230 145 310
diningtable 0.0010 -58 134 250 350
person 0.0018 -9 77 63 303
person 0.0018 323 69 484 265
person 0.0014 112 42 142 149
person 0.0013 327 107 348 135
