bottle 0.2692 335 234 379 358
bottle 0.2498 99 246 138 315
bottle 0.2322 338 224 374 309
bottle 0.0998 304 185 404 349
bottle 0.0526 103 228 141 279
bottle 0.0407 318 211 391 322
bottle 0.0188 81 244 166 317
bottle 0.0122 92 231 128 302
bottle 0.0119 359 218 392 314
bottle 0.0081 95 250 126 338
bottle 0.0055 192 286 245 359
bottle 0.0055 194 262 245 327
bottle 0.0050 343 244 368 289
bottle 0.0049 111 223 137 255
bottle 0.0040 232 331 282 378
bottle 0.0038 109 258 134 303
bottle 0.0030 202 271 236 296
bottle 0.0025 371 234 405 326
bottle 0.0023 132 169 161 245
bottle 0.0023 108 185 147 261
bottle 0.0021 478 140 500 220
bottle 0.0020 318 224 353 306
bottle 0.0016 320 274 395 373
bottle 0.0015 343 232 368 273
bottle 0.0014 76 222 173 285
bottle 0.0014 241 338 272 369
bottle 0.0014 75 219 98 256
bottle 0.0014 378 303 413 373
bottle 0.0013 123 246 163 313
bottle 0.0013 68 209 105 263
bottle 0.0012 382 150 407 183
bottle 0.0011 137 180 182 263
bottle 0.0011 100 274 140 339
bottle 0.0011 30 197 61 278
bottle 0.0010 269 330 324 377
chair 0.0028 471 121 502 183
chair 0.0026 440 317 504 362
chair 0.0023 473 298 500 377
chair 0.0017 423 322 481 377
chair 0.0017 425 119 478 160
chair 0.0015 301 289 429 368
chair 0.0015 435 238 502 380
chair 0.0015 476 118 499 154
chair 0.0014 394 115 477 184
chair 0.0013 476 135 499 171
chair 0.0011 445 104 499 172
diningtable 0.0901 -36 257 458 404
diningtable 0.0477 86 275 411 382
diningtable 0.0207 -18 277 290 381
diningtable 0.0115 148 244 426 360
diningtable 0.0097 12 323 197 381
diningtable 0.0047 3 197 187 347
diningtable 0.0044 58 242 208 314
diningtable 0.0039 191 327 386 378
diningtable 0.0034 157 296 337 365
diningtable 0.0028 -6 327 124 379
diningtable 0.0027 249 271 476 384
diningtable 0.0025 -61 179 330 365
diningtable 0.0022 57 268 214 333
diningtable 0.0022 218 269 359 340
diningtable 0.0022 71 209 272 337
diningtable 0.0020 32 346 216 382
diningtable 0.0019 256 291 390 371
diningtable 0.0019 99 293 247 369
diningtable 0.0017 319 330 489 379
diningtable 0.0016 -30 307 221 407
diningtable 0.0016 29 262 160 348
diningtable 0.0015 173 294 403 417
diningtable 0.0015 -19 226 140 375
diningtable 0.0014 140 260 282 346
diningtable 0.0013 78 327 270 378
diningtable 0.0011 159 250 569 410
diningtable 0.0010 218 346 377 381
person 0.8939 138 35 270 273
person 0.8459 128 152 282 279
person 0.8362 0 105 127 323
person 0.8202 297 126 409 354
person 0.4019 257 70 335 242
person 0.3955 372 90 502 350
person 0.2660 280 150 391 293
person 0.1794 285 74 439 305
person 0.0988 27 114 149 268
person 0.0530 327 68 479 248
person 0.0295 228 57 503 318
person 0.0279 278 77 355 189
person 0.0190 182 135 257 282
person 0.0176 346 47 398 111
person 0.0127 262 67 394 255
person 0.0107 338 62 405 149
person 0.0105 427 122 510 367
person 0.0087 184 44 300 266
person 0.0078 206 152 274 279
person 0.0064 258 160 330 275
person 0.0060 253 69 345 151
person 0.0057 395 136 488 223
person 0.0055 321 70 413 183
person 0.0051 240 133 352 299
person 0.0040 117 19 238 196
person 0.0038 156 192 267 285
person 0.0038 80 51 187 264
person 0.0035 476 54 499 82
person 0.0031 477 149 501 294
person 0.0031 138 154 223 262
person 0.0029 61 120 202 306
person 0.0029 273 63 327 124
person 0.0028 381 208 502 385
person 0.0027 477 64 499 90
person 0.0027 160 66 254 194
person 0.0020 83 18 339 241
person 0.0019 438 125 502 247
person 0.0018 28 31 158 231
person 0.0017 -27 87 219 344
person 0.0016 15 150 103 279
person 0.0015 397 183 486 313
person 0.0012 -25 117 81 316
person 0.0012 314 190 491 348
person 0.0010 373 134 456 254
person 0.0010 293 79 336 165
person 0.0010 353 101 456 211
person 0.0010 373 46 514 214
person 0.0010 89 121 158 238
person 0.0010 61 116 142 206
pottedplant 0.0162 426 124 482 176
pottedplant 0.0030 401 113 485 212
pottedplant 0.0026 480 144 498 185
pottedplant 0.0024 474 129 502 200
pottedplant 0.0023 442 136 495 193
tvmonitor 0.0065 61 5 149 96
tvmonitor 0.0015 474 107 500 139
