bottle 0.0106 299 338 355 477
bus 0.7845 25 26 348 473
bus 0.0170 76 146 241 428
bus 0.0144 -28 60 231 438
bus 0.0042 0 234 18 324
bus 0.0041 91 75 280 341
bus 0.0036 3 238 34 323
bus 0.0018 10 133 134 369
bus 0.0013 191 102 296 394
bus 0.0012 56 86 204 339
bus 0.0011 120 233 196 344
bus 0.0010 10 230 76 341
car 0.0268 0 283 18 318
car 0.0065 356 295 374 330
car 0.0054 7 283 31 314
car 0.0039 360 273 374 323
car 0.0021 -3 268 23 327
car 0.0016 357 210 374 348
car 0.0014 282 280 307 313
car 0.0012 351 284 374 388
car 0.0010 0 257 15 307
person 0.0417 302 31 369 468
person 0.0074 198 277 219 318
person 0.0046 194 266 223 328
person 0.0040 295 225 362 493
person 0.0040 318 76 389 426
person 0.0035 258 329 272 374
person 0.0030 214 276 232 318
person 0.0028 359 -10 376 107
person 0.0025 346 279 365 319
person 0.0025 260 40 351 386
person 0.0023 257 315 271 361
person 0.0022 283 -39 378 239
person 0.0013 209 265 237 332
person 0.0012 212 -56 392 404
