chair 0.0156 437 65 503 192
chair 0.0122 439 -6 505 137
chair 0.0077 362 79 446 173
chair 0.0071 381 6 494 188
chair 0.0052 353 25 456 230
chair 0.0043 -5 128 113 294
chair 0.0034 406 15 491 133
chair 0.0033 366 16 450 125
chair 0.0031 430 271 508 376
chair 0.0029 -3 180 116 368
chair 0.0027 390 284 497 369
chair 0.0026 9 160 100 268
chair 0.0021 452 115 497 187
chair 0.0018 384 221 500 385
chair 0.0017 -13 198 61 291
chair 0.0015 397 43 477 161
chair 0.0015 470 -2 500 131
chair 0.0015 369 60 506 256
chair 0.0014 8 1 89 70
chair 0.0014 442 11 500 85
chair 0.0012 8 224 101 324
chair 0.0010 5 195 46 308
person 0.0253 354 183 385 236
person 0.0074 439 8 499 61
person 0.0028 471 2 501 68
person 0.0027 347 189 370 228
person 0.0021 363 198 381 242
person 0.0018 364 173 381 218
person 0.0014 307 175 333 213
person 0.0013 305 211 329 242
person 0.0011 -3 54 27 162
pottedplant 0.0856 285 -2 388 47
pottedplant 0.0483 257 0 307 44
pottedplant 0.0321 188 -3 294 45
pottedplant 0.0277 316 -6 399 85
pottedplant 0.0166 274 9 315 59
pottedplant 0.0132 260 -1 301 20
pottedplant 0.0126 234 3 341 70
pottedplant 0.0109 214 0 265 19
pottedplant 0.0108 274 0 314 22
pottedplant 0.0104 239 12 284 56
pottedplant 0.0089 244 -12 389 30
pottedplant 0.0079 232 0 281 19
pottedplant 0.0074 292 0 341 19
pottedplant 0.0070 185 -11 335 29
pottedplant 0.0058 264 4 298 36
pottedplant 0.0058 272 1 368 69
pottedplant 0.0057 231 1 283 42
pottedplant 0.0055 267 -8 320 28
pottedplant 0.0053 246 18 276 50
pottedplant 0.0050 191 0 249 19
pottedplant 0.0047 324 10 387 61
pottedplant 0.0045 178 0 228 17
pottedplant 0.0041 283 15 307 55
pottedplant 0.0040 227 -6 346 40
pottedplant 0.0037 315 8 358 34
pottedplant 0.0035 262 18 294 52
pottedplant 0.0033 159 -20 341 107
pottedplant 0.0032 321 -7 387 27
pottedplant 0.0032 335 11 374 86
pottedplant 0.0030 239 7 275 33
pottedplant 0.0026 260 36 293 59
pottedplant 0.0025 204 -6 273 25
pottedplant 0.0025 288 10 346 59
pottedplant 0.0023 331 -1 380 21
pottedplant 0.0022 222 7 260 33
pottedplant 0.0021 284 -7 349 26
pottedplant 0.0021 248 -11 404 110
pottedplant 0.0021 350 0 394 19
pottedplant 0.0017 348 4 397 67
pottedplant 0.0017 294 7 338 33
pottedplant 0.0017 309 5 363 64
pottedplant 0.0016 345 -1 394 42
pottedplant 0.0016 279 3 311 36
pottedplant 0.0013 347 10 460 75
pottedplant 0.0011 311 -1 359 20
sofa 0.0085 388 -7 501 160
tvmonitor 0.7320 247 58 350 159
tvmonitor 0.4308 71 38 213 214
tvmonitor 0.2626 247 176 298 238
tvmonitor 0.0838 10 32 108 220
tvmonitor 0.0596 0 47 92 166
tvmonitor 0.0426 241 167 325 266
tvmonitor 0.0327 28 60 103 154
tvmonitor 0.0318 50 67 93 147
tvmonitor 0.0295 300 165 343 227
tvmonitor 0.0209 295 154 376 238
tvmonitor 0.0132 97 70 188 185
tvmonitor 0.0111 408 78 450 140
tvmonitor 0.0109 6 15 175 189
tvmonitor 0.0088 369 50 448 154
tvmonitor 0.0059 223 141 349 291
tvmonitor 0.0053 10 24 96 121
tvmonitor 0.0039 231 160 364 228
tvmonitor 0.0037 217 169 294 260
tvmonitor 0.0031 0 14 269 245
tvmonitor 0.0030 0 59 54 155
tvmonitor 0.0029 -15 9 71 192
tvmonitor 0.0025 392 82 439 135
tvmonitor 0.0025 92 97 233 174
tvmonitor 0.0024 327 20 406 124
tvmonitor 0.0024 -6 76 67 179
tvmonitor 0.0023 296 -4 429 149
tvmonitor 0.0022 44 74 134 176
tvmonitor 0.0020 116 41 210 152
tvmonitor 0.0020 395 68 464 151
tvmonitor 0.0019 3 9 103 79
tvmonitor 0.0019 340 22 373 134
tvmonitor 0.0018 260 187 290 227
tvmonitor 0.0017 322 59 419 145
tvmonitor 0.0017 -5 16 62 126
tvmonitor 0.0015 442 64 500 179
tvmonitor 0.0014 235 166 288 228
tvmonitor 0.0013 264 89 329 154
tvmonitor 0.0011 118 121 220 201
tvmonitor 0.0011 280 26 377 120
tvmonitor 0.0011 83 101 262 272
