bicycle 0.0013 1 280 50 370
bird 0.2074 -22 50 368 382
bird 0.0024 123 140 305 343
bird 0.0011 408 162 497 283
cat 0.2416 -37 16 383 358
cat 0.0283 305 6 410 192
cat 0.0146 177 -5 474 380
cat 0.0035 294 38 418 277
cat 0.0016 28 69 242 310
chair 0.0032 436 163 503 283
chair 0.0016 -7 257 61 350
chair 0.0015 471 169 499 276
chair 0.0010 5 291 96 372
person 0.0038 0 271 23 380
person 0.0033 112 326 175 374
person 0.0027 0 301 47 375
person 0.0011 430 117 517 370
pottedplant 0.0369 169 250 269 339
pottedplant 0.0170 1 69 61 118
pottedplant 0.0169 290 -6 423 158
pottedplant 0.0168 203 22 294 121
pottedplant 0.0158 386 70 505 307
pottedplant 0.0156 173 -5 319 150
pottedplant 0.0134 313 1 411 86
pottedplant 0.0115 283 0 370 84
pottedplant 0.0083 172 268 233 323
pottedplant 0.0080 235 9 341 83
pottedplant 0.0076 256 51 298 105
pottedplant 0.0069 19 79 69 131
pottedplant 0.0064 222 42 259 115
pottedplant 0.0062 403 289 492 377
pottedplant 0.0053 272 -8 379 49
pottedplant 0.0053 149 293 272 372
pottedplant 0.0050 347 3 459 83
pottedplant 0.0049 404 71 498 173
pottedplant 0.0046 312 -5 400 52
pottedplant 0.0043 198 4 300 81
pottedplant 0.0043 233 40 322 117
pottedplant 0.0041 140 183 290 363
pottedplant 0.0041 409 1 496 70
pottedplant 0.0040 111 270 311 388
pottedplant 0.0036 184 301 315 369
pottedplant 0.0036 235 24 283 105
pottedplant 0.0035 346 46 467 270
pottedplant 0.0032 -14 52 59 152
pottedplant 0.0032 279 24 379 119
pottedplant 0.0031 318 -15 489 112
pottedplant 0.0029 428 42 514 274
pottedplant 0.0028 296 7 347 60
pottedplant 0.0024 401 106 489 210
pottedplant 0.0024 319 111 487 325
pottedplant 0.0023 234 -7 340 50
pottedplant 0.0022 363 259 524 403
pottedplant 0.0020 251 -16 403 113
pottedplant 0.0020 321 11 387 57
pottedplant 0.0018 370 5 507 197
pottedplant 0.0017 10 53 103 144
pottedplant 0.0017 262 61 292 94
pottedplant 0.0016 364 172 521 372
pottedplant 0.0016 -6 285 60 372
pottedplant 0.0016 438 285 522 378
pottedplant 0.0015 359 25 450 114
pottedplant 0.0015 59 143 364 402
pottedplant 0.0014 468 6 505 64
pottedplant 0.0013 331 -1 379 17
pottedplant 0.0013 8 79 49 108
pottedplant 0.0013 408 210 545 393
pottedplant 0.0013 192 328 309 388
pottedplant 0.0013 272 62 534 370
pottedplant 0.0012 185 7 256 123
pottedplant 0.0011 -2 62 27 153
pottedplant 0.0011 440 94 502 223
pottedplant 0.0011 375 106 444 210
pottedplant 0.0011 438 -1 523 87
pottedplant 0.0010 445 329 501 380
train 0.0010 3 240 59 350
