aeroplane 0.0167 19 211 556 345
aeroplane 0.0012 166 205 410 312
bicycle 0.5279 255 33 345 107
bicycle 0.0023 289 31 338 89
bicycle 0.0016 256 42 301 97
bicycle 0.0013 282 34 321 136
boat 0.0261 15 257 333 344
boat 0.0219 -26 239 525 369
boat 0.0058 113 227 385 333
boat 0.0055 107 274 315 335
boat 0.0025 183 243 317 310
boat 0.0011 206 297 388 347
bottle 0.0184 -3 47 60 179
bottle 0.0043 409 11 457 50
bottle 0.0030 209 20 236 50
bottle 0.0019 0 37 29 162
bottle 0.0018 207 29 233 56
bottle 0.0018 197 225 237 292
bottle 0.0016 101 216 153 269
bottle 0.0012 -1 22 21 124
bottle 0.0011 368 298 416 347
bottle 0.0010 360 301 392 325
car 0.0021 -2 67 60 183
chair 0.0748 345 237 459 313
chair 0.0242 2 258 98 350
chair 0.0097 273 23 321 97
chair 0.0058 388 271 496 345
chair 0.0052 0 270 25 349
chair 0.0052 1 273 48 347
chair 0.0051 -20 216 133 345
chair 0.0042 345 269 465 339
chair 0.0032 394 238 488 322
chair 0.0028 35 220 157 286
chair 0.0026 356 248 431 289
chair 0.0024 22 219 247 344
chair 0.0023 361 302 503 345
chair 0.0022 9 200 177 319
chair 0.0021 32 268 151 341
chair 0.0019 259 30 299 89
chair 0.0016 220 38 251 103
chair 0.0014 0 231 29 338
chair 0.0013 361 248 514 359
chair 0.0012 1 222 110 281
chair 0.0012 230 225 493 334
chair 0.0011 245 28 283 94
chair 0.0011 0 222 62 350
chair 0.0011 110 212 170 254
chair 0.0011 357 239 463 281
diningtable 0.0085 183 258 467 347
diningtable 0.0047 307 297 479 350
diningtable 0.0038 25 233 550 374
diningtable 0.0027 -11 255 282 343
diningtable 0.0015 292 275 437 341
diningtable 0.0011 212 285 420 332
person 0.0046 -16 -30 62 167
person 0.0019 1 28 20 63
person 0.0017 276 15 316 80
person 0.0015 244 3 329 88
person 0.0015 9 208 267 311
person 0.0015 -8 11 55 121
person 0.0014 2 39 21 76
person 0.0012 287 16 309 46
person 0.0011 135 225 267 292
person 0.0011 191 221 299 292
pottedplant 0.0083 164 37 194 60
train 0.0017 23 98 475 351
tvmonitor 0.0358 -8 7 65 180
tvmonitor 0.0055 168 33 248 101
tvmonitor 0.0035 358 53 464 118
tvmonitor 0.0010 -1 31 113 207
