bicycle 0.0011 87 112 187 191
bottle 0.0054 372 145 408 213
bottle 0.0041 3 75 42 199
bottle 0.0025 301 30 335 94
bottle 0.0010 418 50 448 77
car 0.0407 296 16 420 194
car 0.0088 176 -8 318 162
car 0.0032 110 25 311 180
car 0.0027 2 -2 111 40
car 0.0012 324 25 481 181
car 0.0011 299 49 376 151
car 0.0010 311 72 409 176
car 0.0010 200 14 301 125
chair 0.0332 7 305 91 374
chair 0.0096 0 312 55 368
chair 0.0063 0 297 25 381
chair 0.0046 2 128 43 197
chair 0.0028 0 64 26 209
chair 0.0024 -6 98 56 206
chair 0.0012 473 319 501 383
motorbike 0.4503 77 37 499 335
motorbike 0.0447 70 175 429 369
motorbike 0.0115 135 102 364 329
motorbike 0.0099 295 28 425 220
motorbike 0.0042 247 5 343 91
motorbike 0.0032 177 56 400 261
motorbike 0.0027 196 0 368 100
motorbike 0.0019 190 8 384 191
motorbike 0.0015 105 183 257 365
motorbike 0.0013 134 -24 442 226
person 0.9670 80 15 183 187
person 0.6134 -4 1 57 203
person 0.4152 386 16 494 355
person 0.2674 162 4 208 92
person 0.1617 51 -2 117 100
person 0.1612 84 -2 167 75
person 0.1257 -3 -2 64 97
person 0.0555 0 18 28 168
person 0.0437 449 0 490 66
person 0.0421 383 3 439 65
person 0.0402 95 3 236 201
person 0.0390 393 9 487 81
person 0.0372 13 7 95 79
person 0.0302 63 2 104 47
person 0.0298 2 50 43 192
person 0.0271 235 -4 330 78
person 0.0252 194 6 304 78
person 0.0236 281 9 524 366
person 0.0229 159 0 237 124
person 0.0214 427 118 510 370
person 0.0201 184 0 223 20
person 0.0185 138 5 200 135
person 0.0179 23 0 71 47
person 0.0162 0 0 57 43
person 0.0160 148 4 179 38
person 0.0154 0 -6 25 107
person 0.0153 0 -13 102 169
person 0.0150 425 33 517 285
person 0.0149 45 -2 159 160
person 0.0144 41 2 91 45
person 0.0130 159 1 203 46
person 0.0116 345 7 444 90
person 0.0115 7 0 49 19
person 0.0113 174 5 219 68
person 0.0107 428 0 478 48
person 0.0096 318 16 491 247
person 0.0092 23 0 72 17
person 0.0090 123 1 204 74
person 0.0088 160 0 204 19
person 0.0087 323 97 493 335
person 0.0081 305 -3 356 45
person 0.0077 295 0 340 69
person 0.0077 274 2 378 73
person 0.0071 435 0 506 91
person 0.0070 140 0 185 20
person 0.0068 86 0 123 19
person 0.0065 241 -3 281 72
person 0.0064 145 2 188 69
person 0.0061 198 0 243 18
person 0.0058 27 1 67 95
person 0.0056 177 1 260 75
person 0.0055 -4 0 27 22
person 0.0055 57 -1 217 103
person 0.0055 46 0 90 19
person 0.0054 310 8 420 78
person 0.0052 67 -1 105 20
person 0.0050 278 -1 316 70
person 0.0048 460 0 485 38
person 0.0047 101 0 147 18
person 0.0043 79 4 123 95
person 0.0041 219 0 261 17
person 0.0041 244 2 312 45
person 0.0037 50 6 83 37
person 0.0036 122 0 167 20
person 0.0034 456 12 485 52
person 0.0032 196 -3 302 45
person 0.0031 312 -5 416 43
person 0.0031 135 3 285 153
person 0.0031 379 -4 508 154
person 0.0029 32 2 62 38
person 0.0028 404 0 455 67
person 0.0028 -10 1 280 201
person 0.0028 160 -8 260 47
person 0.0028 264 -6 462 110
person 0.0026 276 0 317 21
person 0.0026 417 13 493 115
person 0.0024 249 0 307 19
person 0.0023 158 -4 340 107
person 0.0023 8 3 47 34
person 0.0023 294 0 342 19
person 0.0023 78 1 126 45
person 0.0023 42 -5 146 41
person 0.0021 105 2 179 126
person 0.0021 186 2 215 37
person 0.0021 -26 -5 74 50
person 0.0021 -3 -4 33 50
person 0.0020 234 0 284 17
person 0.0019 465 -7 502 52
person 0.0019 -17 55 61 251
person 0.0019 149 11 185 116
person 0.0018 437 6 470 40
person 0.0017 122 0 173 43
person 0.0017 345 -4 442 50
person 0.0017 70 39 133 171
person 0.0016 -16 11 41 145
person 0.0016 312 42 416 263
person 0.0016 36 16 61 51
person 0.0015 191 -6 243 50
person 0.0015 474 1 499 155
person 0.0015 0 119 24 237
person 0.0015 314 0 354 21
person 0.0015 15 2 117 47
person 0.0015 395 4 430 40
person 0.0014 423 24 485 78
person 0.0014 169 26 268 102
person 0.0014 0 1 24 37
person 0.0013 252 4 301 89
person 0.0013 107 70 173 201
person 0.0013 436 18 471 50
person 0.0013 476 225 500 365
person 0.0012 0 70 21 116
person 0.0011 474 184 499 320
person 0.0011 87 5 119 36
person 0.0011 216 -1 266 44
person 0.0010 388 -6 494 48
person 0.0010 164 16 200 53
person 0.0010 96 1 151 45
train 0.0014 -26 11 373 363
