car 0.7368 111 159 464 330
car 0.0079 136 151 371 289
car 0.0026 9 94 414 338
car 0.0022 47 87 223 288
car 0.0019 212 179 369 254
car 0.0017 199 203 374 286
car 0.0016 238 148 490 290
car 0.0010 190 158 309 223
chair 0.0042 -1 329 116 378
person 0.2203 459 131 494 253
person 0.0342 469 136 499 224
person 0.0243 382 154 417 204
person 0.0198 459 138 495 196
person 0.0115 399 158 420 204
person 0.0060 472 159 500 284
person 0.0059 474 225 499 363
person 0.0027 461 146 488 184
person 0.0023 280 151 316 177
person 0.0022 437 124 468 264
person 0.0021 299 150 332 176
person 0.0018 462 137 487 166
person 0.0018 471 104 500 202
person 0.0015 22 88 165 343
person 0.0014 443 142 498 277
person 0.0014 401 148 483 227
person 0.0011 473 148 499 184
person 0.0011 435 103 510 331
tvmonitor 0.0021 283 113 385 194
tvmonitor 0.0015 322 135 385 191
tvmonitor 0.0014 16 51 174 209
tvmonitor 0.0012 278 -5 449 41
tvmonitor 0.0011 46 82 141 173
tvmonitor 0.0011 49 -9 200 52
