bottle 0.0099 300 196 338 277
bottle 0.0046 289 179 341 239
bottle 0.0023 308 232 328 271
bottle 0.0020 280 176 349 271
bottle 0.0014 371 303 460 372
bottle 0.0013 314 184 346 261
bottle 0.0011 276 186 324 258
chair 0.0012 333 145 408 237
chair 0.0012 375 297 499 371
chair 0.0011 2 128 59 231
diningtable 0.0024 337 299 481 369
person 0.8971 18 -10 405 385
person 0.7659 381 211 499 390
person 0.7126 12 145 177 394
person 0.6695 330 190 413 315
person 0.1621 14 159 331 388
person 0.1345 408 200 488 308
person 0.1236 435 169 502 389
person 0.1234 360 196 440 308
person 0.0926 303 203 425 393
person 0.0870 388 197 428 308
person 0.0340 477 203 501 358
person 0.0150 -6 109 65 379
person 0.0144 150 46 349 327
person 0.0106 0 146 22 298
person 0.0089 263 152 389 344
person 0.0087 477 143 501 303
person 0.0080 128 90 447 399
person 0.0070 290 201 371 299
person 0.0067 429 103 512 332
person 0.0060 330 212 382 292
person 0.0054 389 198 425 253
person 0.0053 0 192 20 340
person 0.0044 -9 98 128 336
person 0.0042 195 180 381 366
person 0.0039 409 211 456 296
person 0.0037 377 189 418 288
person 0.0032 396 210 424 243
person 0.0027 316 205 351 296
person 0.0026 -6 205 116 387
person 0.0023 118 119 305 371
person 0.0022 435 225 502 334
person 0.0022 320 236 396 358
person 0.0022 0 239 24 378
person 0.0020 119 13 307 241
person 0.0019 168 207 483 395
person 0.0019 28 216 242 375
person 0.0016 393 246 433 313
person 0.0015 422 229 482 301
person 0.0015 0 108 24 223
person 0.0015 360 258 456 354
person 0.0014 480 258 499 303
person 0.0014 338 122 468 315
person 0.0013 91 149 175 232
person 0.0012 480 215 500 259
person 0.0011 -82 47 198 385
person 0.0011 315 169 395 279
person 0.0010 0 153 44 262
person 0.0010 442 154 501 283
person 0.0010 341 225 447 332
pottedplant 0.0105 442 127 501 249
pottedplant 0.0087 434 55 520 262
pottedplant 0.0028 468 93 501 177
pottedplant 0.0020 471 140 500 248
pottedplant 0.0011 456 89 495 215
tvmonitor 0.0117 327 154 380 207
tvmonitor 0.0011 322 168 351 196
tvmonitor 0.0011 317 154 357 206
