bird 0.0088 213 155 291 274
bird 0.0034 134 97 284 337
bird 0.0023 9 36 337 338
bird 0.0011 167 165 253 267
bottle 0.0019 313 281 360 365
bottle 0.0014 184 0 228 104
chair 0.0045 78 1 186 85
chair 0.0025 53 2 213 147
chair 0.0018 188 -2 252 131
chair 0.0017 170 0 237 103
chair 0.0016 385 294 501 370
chair 0.0015 117 32 227 110
chair 0.0012 206 22 289 118
diningtable 0.0014 263 267 468 380
person 0.0054 386 53 496 319
person 0.0030 427 26 515 288
person 0.0015 329 -1 379 46
person 0.0014 -14 -6 64 208
person 0.0014 377 0 503 203
person 0.0013 376 170 499 374
person 0.0011 0 200 27 362
person 0.0010 -7 7 122 195
person 0.0010 328 0 381 19
pottedplant 0.0487 23 22 475 352
pottedplant 0.0091 183 124 313 307
pottedplant 0.0074 62 119 436 427
pottedplant 0.0055 3 132 113 357
pottedplant 0.0046 6 285 102 373
pottedplant 0.0036 187 151 389 339
pottedplant 0.0031 -1 283 19 392
pottedplant 0.0026 75 234 271 377
pottedplant 0.0025 281 280 372 379
pottedplant 0.0025 315 270 411 344
pottedplant 0.0023 68 291 198 370
pottedplant 0.0020 11 122 179 313
pottedplant 0.0020 130 146 295 343
pottedplant 0.0017 -18 132 67 358
pottedplant 0.0016 320 179 487 369
pottedplant 0.0016 353 238 456 307
pottedplant 0.0015 119 258 226 351
pottedplant 0.0014 348 261 451 342
pottedplant 0.0014 222 -17 506 335
pottedplant 0.0014 104 298 238 374
pottedplant 0.0014 284 45 446 270
pottedplant 0.0013 203 194 298 295
pottedplant 0.0012 202 218 375 385
pottedplant 0.0012 46 177 220 368
pottedplant 0.0011 -26 62 295 369
pottedplant 0.0011 10 189 98 301
pottedplant 0.0011 9 252 92 352
pottedplant 0.0011 -15 257 132 398
pottedplant 0.0011 281 140 375 232
pottedplant 0.0011 242 286 336 377
pottedplant 0.0010 78 130 268 300
pottedplant 0.0010 200 286 297 375
sofa 0.0055 39 14 230 185
sofa 0.0027 -12 -34 281 235
sofa 0.0011 55 66 214 133
