bottle 0.0087 384 250 416 305
bottle 0.0084 282 116 325 188
bottle 0.0052 361 119 397 185
bottle 0.0026 186 137 206 170
bottle 0.0022 336 122 381 183
bottle 0.0021 386 261 410 294
bottle 0.0020 271 118 308 192
bottle 0.0019 327 168 357 237
bottle 0.0017 97 138 136 192
bottle 0.0015 181 128 211 177
bottle 0.0013 376 125 408 182
bottle 0.0011 80 142 123 186
car 0.0055 414 152 448 174
car 0.0029 409 147 457 182
car 0.0015 396 156 437 175
chair 0.3723 129 76 177 129
chair 0.1934 98 74 171 134
chair 0.1406 114 68 195 120
chair 0.1240 -1 158 113 316
chair 0.0460 171 68 217 119
chair 0.0338 -7 78 65 291
chair 0.0207 17 91 81 170
chair 0.0174 0 83 58 178
chair 0.0160 5 183 97 278
chair 0.0153 -2 176 59 289
chair 0.0108 127 71 218 134
chair 0.0103 371 83 462 152
chair 0.0087 -1 128 58 244
chair 0.0087 12 14 92 111
chair 0.0086 44 189 133 276
chair 0.0082 83 75 119 132
chair 0.0079 54 74 125 145
chair 0.0071 17 45 86 131
chair 0.0069 211 24 270 135
chair 0.0067 0 81 25 200
chair 0.0066 226 92 268 139
chair 0.0065 8 148 79 259
chair 0.0063 25 130 149 292
chair 0.0058 107 75 138 133
chair 0.0057 18 117 76 161
chair 0.0048 189 75 229 131
chair 0.0044 141 86 170 122
chair 0.0041 45 98 127 164
chair 0.0040 37 100 82 154
chair 0.0039 153 73 192 131
chair 0.0038 42 73 81 137
chair 0.0038 62 98 105 136
chair 0.0037 28 60 101 149
chair 0.0037 213 94 253 138
chair 0.0035 375 85 474 286
chair 0.0034 0 179 25 274
chair 0.0033 368 67 464 208
chair 0.0032 26 72 69 137
chair 0.0032 331 108 393 196
chair 0.0030 2 86 45 148
chair 0.0030 156 54 250 121
chair 0.0030 203 71 275 145
chair 0.0029 121 89 159 139
chair 0.0028 -1 141 24 239
chair 0.0028 266 81 342 150
chair 0.0023 2 103 44 204
chair 0.0023 5 78 103 246
chair 0.0021 35 173 224 293
chair 0.0019 74 105 121 150
chair 0.0018 411 137 495 328
chair 0.0018 0 32 56 141
chair 0.0016 4 214 87 315
chair 0.0016 -1 206 24 324
chair 0.0015 60 64 105 120
chair 0.0015 78 225 172 293
chair 0.0015 422 210 482 307
chair 0.0014 176 77 213 152
chair 0.0014 114 85 197 144
chair 0.0012 116 24 286 139
chair 0.0012 96 57 185 106
chair 0.0012 86 64 230 151
chair 0.0012 -13 174 71 339
chair 0.0011 89 96 176 170
chair 0.0011 137 79 175 104
chair 0.0011 225 128 328 195
chair 0.0011 20 159 108 246
chair 0.0010 30 64 145 209
chair 0.0010 2 215 46 315
chair 0.0010 115 72 159 90
diningtable 0.3505 38 118 441 300
diningtable 0.0339 207 110 493 307
diningtable 0.0299 83 108 323 260
diningtable 0.0085 44 174 284 298
diningtable 0.0072 119 168 361 301
diningtable 0.0063 219 138 407 282
diningtable 0.0055 11 117 249 255
diningtable 0.0030 87 73 317 198
diningtable 0.0024 15 88 390 232
diningtable 0.0017 19 88 161 233
diningtable 0.0014 80 180 472 335
person 0.0486 333 31 381 76
person 0.0084 211 2 272 130
person 0.0025 -9 -11 61 183
person 0.0021 455 180 480 299
person 0.0017 317 21 368 70
person 0.0011 331 37 355 73
tvmonitor 0.1063 304 23 396 106
tvmonitor 0.0482 357 93 435 164
tvmonitor 0.0482 250 29 383 137
tvmonitor 0.0221 420 75 493 295
tvmonitor 0.0118 274 68 350 138
tvmonitor 0.0097 376 84 462 150
tvmonitor 0.0091 335 106 381 154
tvmonitor 0.0084 419 24 488 99
tvmonitor 0.0079 434 115 474 216
tvmonitor 0.0053 298 7 401 70
tvmonitor 0.0045 22 61 73 102
tvmonitor 0.0039 0 76 25 180
tvmonitor 0.0036 24 0 97 82
tvmonitor 0.0034 320 100 397 164
tvmonitor 0.0032 299 78 390 146
tvmonitor 0.0031 406 87 464 192
tvmonitor 0.0030 334 83 381 125
tvmonitor 0.0029 153 -4 234 89
tvmonitor 0.0027 437 93 468 189
tvmonitor 0.0026 325 37 385 94
tvmonitor 0.0018 18 50 109 112
tvmonitor 0.0016 63 2 178 83
tvmonitor 0.0016 0 76 20 108
tvmonitor 0.0016 43 25 133 101
tvmonitor 0.0015 375 99 455 179
tvmonitor 0.0014 -1 44 22 116
tvmonitor 0.0012 273 -13 426 93
tvmonitor 0.0011 452 221 480 309
tvmonitor 0.0011 4 69 42 139
tvmonitor 0.0010 339 78 443 196
tvmonitor 0.0010 122 0 227 61
