sheep 0.5619 293 138 334 187
sheep 0.4577 364 136 419 190
sheep 0.4408 356 134 393 194
sheep 0.4185 381 137 438 188
sheep 0.3151 153 141 201 191
sheep 0.3083 218 109 259 131
sheep 0.2641 102 129 181 199
sheep 0.2028 341 136 373 190
sheep 0.1731 12 137 49 189
sheep 0.1685 82 166 123 190
sheep 0.1582 72 167 105 197
sheep 0.1020 90 142 124 192
sheep 0.1003 116 141 170 185
sheep 0.0912 312 140 358 184
sheep 0.0815 343 134 367 170
sheep 0.0726 206 110 242 131
sheep 0.0695 299 135 331 171
sheep 0.0459 107 141 147 191
sheep 0.0321 122 137 161 162
sheep 0.0316 77 152 190 205
sheep 0.0293 104 133 151 171
sheep 0.0280 351 127 435 181
sheep 0.0193 239 112 274 131
sheep 0.0185 373 147 412 181
sheep 0.0183 281 129 375 193
sheep 0.0165 360 133 386 170
sheep 0.0162 318 132 416 195
sheep 0.0139 103 166 143 189
sheep 0.0133 123 150 162 176
sheep 0.0128 392 146 433 179
sheep 0.0114 392 136 431 165
sheep 0.0106 96 159 149 195
sheep 0.0101 300 127 334 151
sheep 0.0091 118 127 166 146
sheep 0.0089 287 146 315 183
sheep 0.0087 395 126 430 148
sheep 0.0086 88 140 128 162
sheep 0.0083 133 137 196 171
sheep 0.0083 13 139 45 169
sheep 0.0082 285 137 317 165
sheep 0.0078 140 128 186 146
sheep 0.0077 116 150 222 209
sheep 0.0069 338 127 371 151
sheep 0.0068 0 51 44 106
sheep 0.0068 71 177 102 204
sheep 0.0065 323 136 354 168
sheep 0.0053 377 138 413 166
sheep 0.0050 219 100 261 122
sheep 0.0049 110 126 144 152
sheep 0.0044 147 146 186 178
sheep 0.0044 38 155 136 203
sheep 0.0041 108 133 215 175
sheep 0.0040 125 164 160 189
sheep 0.0037 361 160 386 196
sheep 0.0037 185 101 293 141
sheep 0.0035 78 131 173 175
sheep 0.0035 202 119 298 196
sheep 0.0031 377 126 411 151
sheep 0.0030 286 146 376 221
sheep 0.0029 292 121 342 159
sheep 0.0027 29 148 60 179
sheep 0.0027 242 123 334 195
sheep 0.0026 66 141 115 193
sheep 0.0025 0 47 26 81
sheep 0.0024 76 90 207 223
sheep 0.0023 405 137 448 193
sheep 0.0022 160 128 203 147
sheep 0.0021 57 123 145 196
sheep 0.0018 372 118 415 160
sheep 0.0017 171 81 328 236
sheep 0.0017 -3 132 65 196
sheep 0.0017 320 125 352 151
sheep 0.0017 391 148 439 207
sheep 0.0016 215 92 266 130
sheep 0.0015 138 149 194 204
sheep 0.0015 285 126 314 152
sheep 0.0015 389 121 435 156
sheep 0.0015 29 141 63 167
sheep 0.0014 334 119 375 160
sheep 0.0013 76 169 125 212
sheep 0.0013 70 126 103 149
sheep 0.0012 175 142 224 190
sheep 0.0012 182 112 221 133
sheep 0.0012 298 164 331 190
sheep 0.0012 314 115 359 162
sheep 0.0011 375 129 484 201
sheep 0.0011 -1 128 28 202
sheep 0.0011 356 127 393 148
sheep 0.0010 162 140 198 165
sheep 0.0010 89 127 123 151
