car 0.8677 12 58 487 316
car 0.3075 424 0 480 17
car 0.2693 448 0 494 17
car 0.2424 381 0 443 16
car 0.1396 404 0 464 15
car 0.0628 436 12 504 124
car 0.0613 382 -2 505 38
car 0.0336 417 -5 486 22
car 0.0319 468 -1 505 18
car 0.0292 277 7 519 139
car 0.0202 124 85 375 291
car 0.0197 339 -6 489 20
car 0.0114 448 0 501 43
car 0.0081 368 4 513 193
car 0.0075 276 -4 451 34
car 0.0074 338 0 411 14
car 0.0050 127 -6 448 267
car 0.0044 400 3 494 84
car 0.0043 468 0 501 75
car 0.0040 17 145 481 400
car 0.0034 409 29 497 156
car 0.0034 410 -7 528 26
car 0.0026 440 -5 503 78
car 0.0026 476 2 500 35
car 0.0023 363 -5 426 21
car 0.0023 222 29 432 169
car 0.0021 350 8 460 74
car 0.0018 471 29 503 128
car 0.0018 463 -8 507 26
car 0.0017 215 122 438 310
car 0.0017 229 72 425 248
car 0.0016 346 56 462 141
car 0.0013 411 6 453 28
car 0.0012 140 56 357 205
car 0.0011 454 4 493 33
car 0.0011 476 15 497 54
