bottle 0.0234 224 210 263 278
bottle 0.0107 227 182 264 260
bottle 0.0061 208 178 283 255
bottle 0.0038 227 119 260 247
bottle 0.0028 181 137 316 290
bottle 0.0019 236 151 271 265
bottle 0.0010 205 205 277 283
chair 0.0022 59 93 210 280
chair 0.0013 -1 232 21 332
diningtable 0.0095 71 240 352 339
diningtable 0.0084 27 185 471 340
diningtable 0.0044 135 206 361 320
diningtable 0.0027 74 101 425 324
diningtable 0.0019 194 226 297 303
diningtable 0.0010 176 257 324 326
person 0.0133 0 26 269 299
person 0.0091 288 91 443 289
person 0.0036 201 74 285 148
person 0.0028 170 67 482 308
person 0.0022 90 94 249 281
person 0.0012 136 82 290 245
person 0.0012 478 145 499 268
person 0.0012 331 193 378 271
person 0.0012 477 63 500 199
person 0.0011 474 35 500 152
person 0.0011 382 81 499 297
person 0.0010 0 189 20 324
pottedplant 0.0492 194 73 299 254
pottedplant 0.0161 210 115 293 214
pottedplant 0.0036 475 16 501 97
pottedplant 0.0028 90 24 409 302
tvmonitor 0.0024 271 114 396 315
