bicycle 0.0026 92 94 407 338
bicycle 0.0015 173 27 479 304
bottle 0.0017 245 -1 305 33
car 0.0021 144 4 433 278
car 0.0016 196 -6 321 23
car 0.0010 247 0 311 15
chair 0.0040 244 272 350 332
chair 0.0022 180 264 337 335
chair 0.0011 309 1 488 132
chair 0.0010 314 21 417 99
motorbike 0.2745 91 2 408 329
motorbike 0.0111 167 48 333 284
motorbike 0.0065 14 64 332 319
motorbike 0.0025 91 51 253 283
person 0.0043 202 10 527 322
person 0.0042 59 87 199 296
person 0.0033 232 -4 341 39
person 0.0026 312 6 419 76
person 0.0022 346 3 460 75
person 0.0021 209 1 268 15
person 0.0020 318 31 488 248
person 0.0017 228 0 289 15
person 0.0013 320 -14 489 94
person 0.0012 208 4 301 66
person 0.0011 374 139 498 343
person 0.0011 377 19 501 210
person 0.0011 195 -4 302 38
person 0.0010 262 -10 391 41
person 0.0010 230 4 325 83
person 0.0010 168 -4 331 132
