bird 0.0012 152 239 181 265
car 0.8459 197 227 371 280
car 0.0857 246 233 341 294
car 0.0617 175 197 338 306
car 0.0366 204 223 308 303
car 0.0200 203 239 235 263
car 0.0081 162 243 194 265
car 0.0072 242 228 315 279
car 0.0063 226 239 293 292
car 0.0057 181 240 222 262
car 0.0054 215 213 336 269
car 0.0037 287 238 339 290
car 0.0022 196 233 240 270
car 0.0018 208 227 274 278
car 0.0016 199 235 234 296
car 0.0013 55 140 443 349
car 0.0013 208 257 352 301
person 0.0018 207 223 231 253
pottedplant 0.0090 466 279 504 371
pottedplant 0.0050 80 203 259 351
pottedplant 0.0036 113 237 232 313
pottedplant 0.0019 452 297 498 381
pottedplant 0.0010 441 260 501 390
