bottle 0.0061 342 287 363 323
bottle 0.0024 264 261 294 324
car 0.3857 28 0 548 324
car 0.0072 43 -37 455 213
car 0.0034 3 5 119 63
car 0.0024 223 74 435 249
car 0.0018 198 -7 454 87
car 0.0017 269 -5 386 35
car 0.0014 307 0 424 71
person 0.0729 71 254 97 328
person 0.0139 11 261 37 325
person 0.0069 317 281 356 325
person 0.0067 1 257 29 327
person 0.0039 -1 190 24 320
person 0.0037 16 270 34 316
person 0.0027 292 283 339 324
person 0.0025 151 -1 181 63
person 0.0019 298 243 338 319
person 0.0018 339 -1 447 40
person 0.0018 406 0 456 13
person 0.0017 337 306 371 324
person 0.0016 367 1 425 35
person 0.0013 1 263 22 299
person 0.0013 327 1 424 58
person 0.0013 287 233 353 327
person 0.0012 54 259 89 323
person 0.0012 370 0 421 18
person 0.0010 337 262 365 324
person 0.0010 332 -1 380 37
pottedplant 0.0015 169 204 197 230
pottedplant 0.0014 11 191 39 321
train 0.0482 -24 29 447 294
train 0.0046 -7 121 277 350
train 0.0030 42 149 220 320
train 0.0010 0 97 195 274
tvmonitor 0.0016 118 203 169 259
tvmonitor 0.0016 102 138 185 221
tvmonitor 0.0010 442 -3 499 113
