bicycle 0.0017 2 148 343 366
bicycle 0.0011 54 163 83 258
horse 0.5488 -4 61 350 346
horse 0.2403 95 41 480 313
horse 0.0489 33 100 235 311
horse 0.0184 232 68 423 286
horse 0.0073 6 103 116 305
horse 0.0043 107 102 314 309
horse 0.0013 129 161 218 251
horse 0.0011 10 149 100 256
horse 0.0010 317 81 483 271
motorbike 0.2609 43 53 456 300
motorbike 0.0050 165 76 329 224
person 0.1378 284 52 369 148
person 0.1323 31 60 151 233
person 0.0475 93 59 249 187
person 0.0409 29 67 104 179
person 0.0396 243 54 405 197
person 0.0251 341 60 366 91
person 0.0175 24 32 322 269
person 0.0109 113 55 230 140
person 0.0092 160 44 491 256
person 0.0074 7 85 102 271
person 0.0067 101 45 142 103
person 0.0065 0 116 22 225
person 0.0064 17 124 94 229
person 0.0059 128 57 296 238
person 0.0056 175 44 217 103
person 0.0054 311 58 419 142
person 0.0054 14 74 84 207
person 0.0046 84 50 180 145
person 0.0037 52 52 220 301
person 0.0036 281 43 447 163
person 0.0031 242 57 341 138
person 0.0031 204 72 290 168
person 0.0028 309 56 364 98
person 0.0020 119 48 224 103
person 0.0020 15 39 177 165
person 0.0019 200 55 376 248
person 0.0018 41 57 146 141
person 0.0017 65 90 143 194
person 0.0016 0 104 47 180
person 0.0016 336 53 373 73
person 0.0016 316 63 358 89
person 0.0016 -3 124 61 222
person 0.0015 0 148 22 275
person 0.0014 206 38 373 164
person 0.0014 164 77 256 170
person 0.0013 104 50 138 76
person 0.0013 48 37 142 103
person 0.0012 51 161 83 234
person 0.0011 -1 135 20 176
