bottle 0.0165 48 187 122 258
bottle 0.0078 118 184 204 263
bottle 0.0018 40 95 151 282
bottle 0.0017 73 194 132 249
bottle 0.0016 398 207 428 232
bottle 0.0014 34 164 157 323
bottle 0.0014 415 211 449 234
bottle 0.0013 104 160 239 328
bottle 0.0011 137 199 185 274
bottle 0.0010 57 134 131 244
bus 0.0010 -1 -53 349 197
car 0.0538 -6 10 110 187
car 0.0190 4 50 100 149
car 0.0030 4 22 110 115
chair 0.0068 153 290 263 377
chair 0.0059 61 229 283 372
chair 0.0036 35 266 235 386
chair 0.0034 36 289 159 368
chair 0.0028 194 328 307 384
chair 0.0028 191 295 309 375
chair 0.0025 215 301 362 370
chair 0.0024 143 271 355 387
chair 0.0022 443 157 490 230
chair 0.0020 11 285 91 376
chair 0.0020 16 238 175 367
chair 0.0018 75 326 190 379
chair 0.0017 -15 287 62 377
chair 0.0015 189 277 464 379
chair 0.0012 346 262 465 346
chair 0.0012 152 267 272 344
chair 0.0011 116 231 219 317
diningtable 0.0064 49 269 295 382
diningtable 0.0020 -3 217 348 384
person 0.0014 0 231 24 358
sofa 0.0040 311 232 492 373
tvmonitor 0.6562 369 112 460 196
tvmonitor 0.6500 135 2 366 195
tvmonitor 0.0283 10 0 104 75
tvmonitor 0.0213 0 187 28 289
tvmonitor 0.0205 325 189 385 229
tvmonitor 0.0137 365 101 495 225
tvmonitor 0.0121 444 155 488 206
tvmonitor 0.0096 40 0 131 99
tvmonitor 0.0071 149 23 283 112
tvmonitor 0.0060 189 179 313 248
tvmonitor 0.0048 404 127 455 202
tvmonitor 0.0040 5 6 92 121
tvmonitor 0.0030 -22 225 59 323
tvmonitor 0.0030 -11 192 56 299
tvmonitor 0.0029 154 121 346 258
tvmonitor 0.0027 120 64 299 244
tvmonitor 0.0024 399 138 491 226
tvmonitor 0.0024 0 215 49 287
tvmonitor 0.0020 -11 254 62 357
tvmonitor 0.0020 0 176 47 269
tvmonitor 0.0016 190 55 310 145
tvmonitor 0.0015 1 282 62 395
tvmonitor 0.0014 315 182 417 244
tvmonitor 0.0014 11 253 95 356
tvmonitor 0.0013 57 44 364 330
tvmonitor 0.0013 -33 157 74 333
tvmonitor 0.0012 149 89 277 173
tvmonitor 0.0012 38 -8 134 48
tvmonitor 0.0011 171 7 327 83
tvmonitor 0.0011 450 163 485 195
tvmonitor 0.0010 385 98 489 173
tvmonitor 0.0010 356 144 462 224
tvmonitor 0.0010 -7 219 123 389
