bottle 0.0042 347 251 364 294
bus 0.0014 246 223 483 343
car 0.0055 -1 283 25 308
car 0.0042 259 252 473 350
car 0.0019 159 323 321 349
car 0.0014 301 306 506 343
car 0.0014 470 228 499 314
car 0.0012 204 330 275 344
car 0.0012 164 331 239 344
chair 0.0047 271 301 333 347
chair 0.0036 -9 38 118 255
chair 0.0032 387 299 499 349
chair 0.0031 225 305 349 346
chair 0.0026 -1 302 51 343
chair 0.0024 260 267 337 357
chair 0.0012 39 255 137 339
chair 0.0011 420 304 485 342
diningtable 0.0112 269 302 480 343
diningtable 0.0034 279 319 469 349
person 0.0548 209 276 239 342
person 0.0492 294 220 339 295
person 0.0412 226 269 263 330
person 0.0246 284 220 344 348
person 0.0166 401 249 419 293
person 0.0149 403 240 422 278
person 0.0117 235 272 271 349
person 0.0100 284 219 319 298
person 0.0093 343 221 368 299
person 0.0083 366 251 385 292
person 0.0080 229 279 339 344
person 0.0079 203 274 278 345
person 0.0076 316 221 347 295
person 0.0075 381 245 410 294
person 0.0061 236 261 271 315
person 0.0055 246 232 331 327
person 0.0053 243 271 268 304
person 0.0051 281 224 367 294
person 0.0048 232 269 255 303
person 0.0025 293 258 340 337
person 0.0022 345 237 364 280
person 0.0020 383 268 405 296
person 0.0018 203 233 294 327
person 0.0018 298 204 333 265
person 0.0018 231 277 257 317
person 0.0018 271 264 322 335
person 0.0016 304 215 326 251
person 0.0015 166 2 252 79
person 0.0015 219 230 259 315
person 0.0015 363 271 385 300
person 0.0014 288 220 312 247
person 0.0013 213 268 233 305
person 0.0013 257 272 301 326
person 0.0013 415 249 446 271
person 0.0013 189 304 311 348
person 0.0012 362 245 386 277
person 0.0012 263 274 385 346
person 0.0011 121 0 166 16
person 0.0011 7 155 107 347
person 0.0011 211 214 366 344
person 0.0010 456 250 490 320
person 0.0010 356 237 392 284
person 0.0010 -4 11 120 226
pottedplant 0.0041 417 258 447 281
pottedplant 0.0031 2 269 45 326
pottedplant 0.0021 439 257 463 284
pottedplant 0.0015 0 252 30 320
pottedplant 0.0013 55 222 85 246
pottedplant 0.0013 235 2 340 81
pottedplant 0.0012 0 272 25 304
pottedplant 0.0010 8 283 41 310
train 0.0540 -8 -23 278 262
train 0.0104 162 68 490 329
train 0.0054 47 60 374 337
train 0.0033 73 24 260 218
train 0.0022 128 -10 448 249
train 0.0019 271 98 455 299
train 0.0017 41 143 535 359
train 0.0012 119 104 303 291
train 0.0012 322 155 485 297
train 0.0010 358 182 448 271
