car 0.0019 -6 78 64 176
cat 0.0058 -2 112 350 377
cow 0.0064 141 114 359 322
cow 0.0053 33 66 236 191
cow 0.0033 76 93 192 173
cow 0.0030 3 50 88 165
cow 0.0022 -21 50 128 200
cow 0.0018 45 83 144 172
cow 0.0018 214 122 441 309
cow 0.0012 122 89 221 173
dog 0.0555 -17 124 441 365
dog 0.0021 81 60 418 315
horse 0.4886 101 84 474 348
horse 0.0070 136 146 365 343
horse 0.0053 215 136 440 353
horse 0.0016 -2 38 66 149
horse 0.0010 320 127 485 309
person 0.0037 0 40 57 165
person 0.0035 476 213 499 349
person 0.0022 14 36 40 67
person 0.0011 427 144 528 345
person 0.0010 3 35 49 91
sheep 0.0038 137 102 229 201
