bottle 0.0025 16 91 46 120
bottle 0.0019 27 93 61 122
bottle 0.0018 8 87 56 129
bottle 0.0017 266 252 287 282
bottle 0.0013 31 80 58 109
car 0.0142 259 3 412 34
car 0.0028 248 -7 385 26
car 0.0022 399 40 503 118
car 0.0014 278 0 356 17
car 0.0012 215 -2 345 41
chair 0.0175 181 92 214 148
chair 0.0051 291 221 421 370
chair 0.0045 184 89 212 123
chair 0.0036 162 85 209 130
chair 0.0019 170 90 198 122
chair 0.0014 117 94 171 150
chair 0.0014 366 218 508 376
chair 0.0012 204 108 238 134
chair 0.0012 301 293 431 367
chair 0.0011 95 106 194 193
chair 0.0010 185 117 216 150
chair 0.0010 385 299 502 365
diningtable 0.0131 105 274 394 381
diningtable 0.0083 15 256 484 404
diningtable 0.0013 172 293 327 372
diningtable 0.0013 58 268 285 397
diningtable 0.0012 180 271 320 339
person 0.9377 210 68 299 299
person 0.8779 22 57 161 372
person 0.8008 314 48 427 327
person 0.7267 122 88 204 348
person 0.6016 317 60 501 372
person 0.5018 45 66 221 311
person 0.1548 133 180 198 310
person 0.0687 320 179 360 296
person 0.0428 428 66 509 368
person 0.0283 2 120 112 367
person 0.0247 233 60 325 268
person 0.0232 221 127 292 260
person 0.0182 45 67 121 151
person 0.0173 219 70 300 151
person 0.0154 121 101 223 170
person 0.0128 14 65 115 259
person 0.0116 208 86 274 244
person 0.0102 151 67 262 305
person 0.0095 -8 77 65 351
person 0.0080 151 142 212 303
person 0.0065 278 107 395 321
person 0.0065 177 101 218 166
person 0.0061 332 45 412 226
person 0.0055 270 197 402 346
person 0.0053 27 74 108 188
person 0.0053 201 87 237 244
person 0.0053 158 94 208 150
person 0.0050 142 95 220 236
person 0.0048 187 189 214 284
person 0.0047 114 163 176 312
person 0.0042 208 82 311 191
person 0.0042 118 81 381 293
person 0.0034 98 89 180 177
person 0.0032 149 83 179 108
person 0.0030 108 177 139 300
person 0.0028 36 162 148 270
person 0.0027 0 83 25 246
person 0.0027 222 111 351 309
person 0.0025 252 76 301 142
person 0.0023 365 56 506 270
person 0.0022 370 167 504 375
person 0.0021 187 83 254 219
person 0.0019 262 126 297 235
person 0.0018 237 113 283 219
person 0.0017 11 96 40 264
person 0.0017 249 77 325 182
person 0.0017 122 168 159 279
person 0.0015 134 93 187 153
person 0.0014 181 96 218 234
person 0.0013 174 125 242 246
person 0.0013 46 94 126 210
person 0.0013 475 144 501 273
person 0.0012 56 58 217 204
person 0.0012 351 0 399 21
person 0.0012 311 67 404 176
person 0.0012 54 69 117 120
person 0.0012 332 126 410 247
person 0.0012 129 231 213 314
person 0.0012 280 106 313 223
person 0.0011 46 75 158 170
person 0.0011 181 63 471 312
person 0.0011 149 91 178 123
person 0.0011 142 85 182 133
person 0.0011 261 193 289 281
person 0.0010 196 112 250 159
person 0.0010 127 73 221 135
person 0.0010 174 102 271 171
pottedplant 0.0202 166 79 201 106
pottedplant 0.0112 160 55 208 105
pottedplant 0.0102 166 69 199 96
pottedplant 0.0089 183 82 213 111
pottedplant 0.0017 146 27 174 103
pottedplant 0.0013 178 51 216 111
pottedplant 0.0012 144 42 219 116
pottedplant 0.0011 200 193 239 283
