car 0.6278 149 143 247 182
car 0.0450 133 144 189 180
car 0.0381 173 151 233 174
car 0.0209 139 136 228 172
car 0.0120 53 141 230 186
car 0.0103 279 126 312 150
car 0.0061 166 143 235 164
car 0.0057 129 150 164 174
car 0.0040 153 150 210 174
car 0.0021 95 151 247 208
car 0.0021 89 105 265 213
car 0.0014 152 134 287 173
car 0.0013 153 141 212 165
car 0.0013 185 135 243 173
car 0.0012 196 142 238 167
chair 0.0023 113 211 231 283
chair 0.0016 111 183 233 254
chair 0.0014 187 238 312 312
chair 0.0013 74 211 194 277
chair 0.0012 134 209 365 334
chair 0.0010 77 182 189 248
diningtable 0.0029 7 180 492 364
person 0.0041 327 133 346 165
person 0.0032 305 62 327 156
person 0.0015 456 107 497 170
person 0.0011 478 119 498 158
person 0.0011 88 253 117 276
person 0.0010 314 83 351 164
person 0.0010 437 117 512 196
pottedplant 0.0263 49 149 85 175
pottedplant 0.0258 65 150 101 176
pottedplant 0.0165 55 146 107 181
pottedplant 0.0158 36 133 98 170
pottedplant 0.0076 38 121 96 156
pottedplant 0.0073 46 140 86 164
pottedplant 0.0059 47 125 87 150
pottedplant 0.0029 30 129 71 173
pottedplant 0.0028 28 143 142 184
pottedplant 0.0025 33 124 65 149
pottedplant 0.0020 36 149 63 175
pottedplant 0.0014 0 126 54 177
pottedplant 0.0014 3 126 111 186
pottedplant 0.0013 64 138 100 164
pottedplant 0.0012 360 108 384 139
pottedplant 0.0012 6 101 108 164
pottedplant 0.0011 356 93 387 152
pottedplant 0.0010 329 95 383 152
