bicycle 0.0047 -8 144 104 241
bird 0.0086 0 305 89 373
bird 0.0034 16 328 81 371
bird 0.0015 25 287 64 364
bird 0.0012 36 313 90 364
bird 0.0010 7 288 51 363
cat 0.0059 50 3 449 314
diningtable 0.0011 95 22 557 294
motorbike 0.6964 312 103 502 266
motorbike 0.0116 437 128 503 248
motorbike 0.0088 392 134 494 242
motorbike 0.0077 418 97 518 268
motorbike 0.0060 340 129 473 245
motorbike 0.0014 22 128 108 228
person 0.8628 6 68 94 255
person 0.5571 414 29 483 241
person 0.2934 420 45 487 158
person 0.2169 434 44 507 225
person 0.1914 -2 82 60 232
person 0.0156 419 86 490 183
person 0.0119 0 96 27 263
person 0.0119 474 67 500 146
person 0.0091 475 76 500 225
person 0.0071 329 35 481 231
person 0.0062 26 73 104 201
person 0.0061 479 74 499 111
person 0.0053 385 73 479 170
person 0.0034 439 30 505 124
person 0.0028 479 87 500 125
person 0.0027 477 62 500 95
person 0.0027 2 92 54 183
person 0.0024 29 80 64 222
person 0.0023 5 135 41 250
person 0.0020 472 45 501 114
person 0.0020 64 133 99 203
person 0.0018 444 64 498 178
person 0.0016 363 84 447 178
person 0.0015 6 160 97 262
person 0.0015 -86 49 201 269
person 0.0014 -18 60 64 145
person 0.0013 416 57 458 156
person 0.0011 481 100 499 143
person 0.0010 -17 116 42 243
sheep 0.0758 196 325 297 377
sheep 0.0432 309 310 351 364
sheep 0.0202 234 317 289 364
sheep 0.0036 280 307 356 367
sheep 0.0028 316 312 351 341
sheep 0.0025 263 318 289 357
sheep 0.0025 306 318 335 355
sheep 0.0019 161 279 327 388
sheep 0.0016 238 324 357 379
sheep 0.0016 159 313 281 367
sheep 0.0015 272 328 384 391
sheep 0.0013 302 296 343 356
