bottle 0.0045 142 125 278 309
bus 0.0022 80 121 343 362
car 0.0055 479 301 500 329
car 0.0017 475 265 501 335
cat 0.2965 177 -5 390 134
cat 0.0059 169 -19 406 251
cat 0.0019 193 14 303 108
cat 0.0011 256 52 397 121
diningtable 0.0034 65 55 357 328
person 0.0281 151 0 424 332
person 0.0209 262 165 304 282
person 0.0179 259 229 303 290
person 0.0125 276 236 314 284
person 0.0038 260 51 388 283
person 0.0030 233 237 278 287
person 0.0025 259 199 328 286
person 0.0023 45 37 377 296
person 0.0014 -2 214 18 335
person 0.0012 273 202 313 274
person 0.0010 387 123 498 311
person 0.0010 -33 154 80 333
train 0.0011 84 172 415 363
tvmonitor 0.0953 372 216 508 329
tvmonitor 0.0131 152 273 326 326
tvmonitor 0.0083 399 10 503 53
tvmonitor 0.0080 362 10 423 50
tvmonitor 0.0079 389 250 489 334
tvmonitor 0.0056 404 224 491 301
tvmonitor 0.0037 147 145 271 332
tvmonitor 0.0030 130 201 367 332
tvmonitor 0.0016 224 236 265 286
tvmonitor 0.0015 171 188 236 295
tvmonitor 0.0015 476 202 500 320
tvmonitor 0.0014 358 226 462 313
tvmonitor 0.0012 117 126 235 309
