aeroplane 0.4353 14 49 484 335
aeroplane 0.0053 0 113 348 319
aeroplane 0.0035 137 117 515 316
aeroplane 0.0028 146 56 352 276
aeroplane 0.0010 137 168 360 315
bottle 0.0171 320 239 355 312
car 0.1521 30 4 392 277
chair 0.0462 0 155 91 244
chair 0.0169 62 152 140 243
chair 0.0116 31 155 166 324
chair 0.0105 413 144 479 249
chair 0.0090 -7 145 112 285
chair 0.0039 49 132 223 301
chair 0.0038 -1 186 62 237
chair 0.0022 451 178 494 243
chair 0.0017 -2 188 24 256
chair 0.0016 75 206 196 287
chair 0.0015 391 121 494 263
chair 0.0014 14 266 178 318
chair 0.0014 28 205 241 326
chair 0.0012 57 191 141 294
chair 0.0011 19 166 66 233
chair 0.0010 -8 201 134 324
