bus 0.0017 142 264 188 329
car 0.8816 66 295 143 358
car 0.8734 172 300 262 361
car 0.8660 -4 299 63 374
car 0.7796 273 305 323 348
car 0.1303 241 312 347 354
car 0.0998 138 302 185 341
car 0.0498 390 315 436 333
car 0.0483 129 306 162 336
car 0.0282 47 283 139 339
car 0.0279 297 308 437 351
car 0.0259 253 309 309 343
car 0.0257 244 314 278 341
car 0.0212 416 314 447 338
car 0.0190 168 324 266 378
car 0.0153 16 298 74 351
car 0.0148 319 307 350 334
car 0.0147 49 301 89 347
car 0.0146 356 317 432 332
car 0.0121 261 323 299 347
car 0.0093 162 300 197 324
car 0.0092 -36 276 80 389
car 0.0092 -3 292 31 383
car 0.0085 166 279 253 344
car 0.0080 326 310 457 339
car 0.0072 90 302 155 349
car 0.0071 61 313 112 360
car 0.0070 -9 276 70 345
car 0.0068 8 320 46 357
car 0.0063 82 310 130 342
car 0.0058 294 311 334 343
car 0.0058 67 298 105 323
car 0.0057 83 321 129 357
car 0.0055 439 307 499 344
car 0.0053 30 299 63 326
car 0.0051 383 309 440 340
car 0.0044 265 311 389 361
car 0.0038 165 307 193 336
car 0.0037 181 293 261 332
car 0.0034 45 274 150 385
car 0.0033 108 301 244 362
car 0.0033 332 313 375 332
car 0.0033 -4 328 96 372
car 0.0031 1 284 108 338
car 0.0029 155 292 199 332
car 0.0026 422 317 482 335
car 0.0026 17 330 67 373
car 0.0026 20 293 70 331
car 0.0024 191 327 252 347
car 0.0022 393 324 433 346
car 0.0022 120 300 203 346
car 0.0022 206 307 273 345
car 0.0021 7 334 50 371
car 0.0019 274 325 324 374
car 0.0019 7 307 46 341
car 0.0019 29 308 65 338
car 0.0019 416 324 448 346
car 0.0018 238 316 280 353
car 0.0017 347 315 401 332
car 0.0016 191 313 250 336
car 0.0015 323 275 484 342
car 0.0014 50 321 143 381
car 0.0014 193 301 249 320
car 0.0014 408 306 451 342
car 0.0013 279 301 319 324
car 0.0012 50 297 87 328
car 0.0012 270 291 327 335
car 0.0012 305 299 336 326
car 0.0012 83 337 129 361
car 0.0011 430 325 472 345
car 0.0011 -2 310 138 362
car 0.0011 59 294 115 330
car 0.0010 261 301 296 324
car 0.0010 53 320 83 352
car 0.0010 127 288 235 335
person 0.0022 71 286 101 310
person 0.0018 225 283 254 306
train 0.0019 290 247 516 359
tvmonitor 0.0022 384 244 502 312
tvmonitor 0.0020 407 115 495 215
tvmonitor 0.0013 452 240 495 320
tvmonitor 0.0013 376 179 488 240
tvmonitor 0.0011 445 125 497 205
