aeroplane 0.0047 11 240 40 260
bird 0.0026 9 230 40 255
bird 0.0020 -2 214 30 263
bird 0.0015 2 220 47 260
bird 0.0013 -2 237 28 262
car 0.0027 107 148 144 168
person 0.0011 0 222 28 338
person 0.0010 0 172 26 251
pottedplant 0.0254 0 150 59 194
pottedplant 0.0184 401 168 458 206
pottedplant 0.0108 357 162 463 213
pottedplant 0.0053 412 172 449 200
pottedplant 0.0043 7 160 49 186
pottedplant 0.0042 481 152 498 188
pottedplant 0.0041 -4 156 97 213
pottedplant 0.0040 345 143 445 200
pottedplant 0.0037 -3 147 25 222
pottedplant 0.0032 416 181 450 211
pottedplant 0.0032 430 186 464 207
pottedplant 0.0029 4 170 53 227
pottedplant 0.0025 481 194 500 231
pottedplant 0.0021 3 128 52 187
pottedplant 0.0019 18 163 74 205
pottedplant 0.0018 479 205 498 243
pottedplant 0.0015 -4 155 62 242
pottedplant 0.0014 363 164 424 207
pottedplant 0.0012 -2 157 25 187
pottedplant 0.0012 478 150 500 247
pottedplant 0.0012 478 142 503 200
pottedplant 0.0012 473 195 500 254
pottedplant 0.0011 60 176 114 220
pottedplant 0.0011 385 148 443 194
pottedplant 0.0010 382 178 444 215
pottedplant 0.0010 -5 112 62 204
pottedplant 0.0010 415 198 447 222
train 0.5181 86 151 490 314
train 0.2613 117 164 457 256
train 0.1580 136 163 304 232
train 0.0648 309 200 432 259
train 0.0258 234 193 422 265
train 0.0100 201 182 394 243
train 0.0096 113 151 235 207
train 0.0042 118 175 235 225
train 0.0026 296 177 507 276
train 0.0024 385 200 490 254
train 0.0022 180 155 314 215
train 0.0018 105 78 470 277
train 0.0016 127 129 366 235
train 0.0013 339 181 465 233
train 0.0011 93 126 260 225
train 0.0010 314 215 434 288
