bicycle 0.0710 312 252 350 322
bicycle 0.0014 279 254 354 320
bus 0.0319 197 170 238 206
bus 0.0027 430 174 472 220
bus 0.0012 169 168 271 206
bus 0.0012 454 172 488 220
car 0.7869 152 198 204 246
car 0.7431 43 212 131 260
car 0.5878 0 221 49 275
car 0.4578 204 178 238 218
car 0.4502 71 206 135 247
car 0.2928 124 204 169 247
car 0.2771 141 198 184 245
car 0.1807 33 215 93 261
car 0.1463 267 197 290 220
car 0.1173 129 191 211 240
car 0.0591 203 177 236 201
car 0.0584 1 225 94 268
car 0.0293 267 190 291 213
car 0.0288 -1 208 30 268
car 0.0249 -10 208 73 271
car 0.0245 302 203 336 224
car 0.0221 282 191 312 211
car 0.0157 57 200 210 237
car 0.0141 178 187 221 231
car 0.0120 82 221 128 249
car 0.0111 161 193 199 229
car 0.0094 102 215 144 252
car 0.0082 128 218 162 250
car 0.0063 223 188 252 211
car 0.0062 181 183 233 218
car 0.0050 187 186 222 212
car 0.0045 323 183 345 212
car 0.0043 263 191 296 226
car 0.0042 274 200 315 218
car 0.0037 303 202 340 245
car 0.0037 5 225 44 254
car 0.0032 18 224 156 269
car 0.0031 243 188 276 206
car 0.0029 27 194 156 286
car 0.0028 301 187 335 208
car 0.0027 0 219 23 255
car 0.0025 0 206 133 246
car 0.0023 145 220 174 248
car 0.0022 108 211 145 238
car 0.0021 66 222 109 248
car 0.0021 320 198 345 224
car 0.0020 60 212 181 256
car 0.0019 221 201 255 218
car 0.0018 45 221 85 254
car 0.0016 156 189 242 231
car 0.0016 136 214 180 253
car 0.0014 87 203 123 222
car 0.0013 32 214 69 236
car 0.0012 311 205 350 268
car 0.0012 108 203 141 223
car 0.0012 274 181 322 215
car 0.0011 28 206 74 246
motorbike 0.0521 305 220 363 330
motorbike 0.0226 314 264 346 332
motorbike 0.0017 276 266 358 332
person 0.4768 308 207 356 317
person 0.1068 404 192 426 223
person 0.0591 417 194 440 221
person 0.0370 385 189 407 212
person 0.0119 288 198 346 303
person 0.0054 461 182 483 214
person 0.0037 410 190 445 228
person 0.0037 308 281 333 320
person 0.0030 441 193 460 226
person 0.0023 321 258 346 295
person 0.0021 384 174 406 202
person 0.0020 320 270 347 306
person 0.0016 283 209 376 321
person 0.0014 438 183 465 216
person 0.0013 321 230 348 268
person 0.0012 320 282 345 319
pottedplant 0.0027 117 1 173 37
pottedplant 0.0022 104 0 146 39
pottedplant 0.0021 140 -1 183 19
pottedplant 0.0021 110 7 139 34
pottedplant 0.0013 133 -7 190 25
train 0.0012 259 132 374 214
