aeroplane 0.0073 1 -2 113 38
aeroplane 0.0016 79 0 130 14
aeroplane 0.0011 10 -12 161 26
bird 0.0085 226 -1 346 37
boat 0.0134 189 1 369 40
bottle 0.0501 5 96 40 177
bottle 0.0035 453 182 499 268
bottle 0.0017 173 360 230 376
bottle 0.0014 450 281 497 338
bottle 0.0012 473 157 500 260
chair 0.0812 217 198 359 363
chair 0.0307 25 213 175 380
chair 0.0136 -4 134 126 355
chair 0.0108 414 200 488 331
chair 0.0096 300 164 433 373
chair 0.0096 246 235 327 372
chair 0.0059 477 153 500 232
chair 0.0056 439 187 499 301
chair 0.0029 0 155 60 289
chair 0.0024 -11 128 65 357
chair 0.0023 205 245 293 361
chair 0.0022 13 294 177 370
chair 0.0022 480 171 500 215
chair 0.0021 0 153 25 292
chair 0.0016 107 239 313 356
chair 0.0015 -1 209 55 335
chair 0.0014 0 210 24 349
chair 0.0014 10 245 105 360
chair 0.0014 14 212 91 330
chair 0.0012 312 255 410 356
chair 0.0011 4 330 163 371
chair 0.0010 286 248 369 359
chair 0.0010 230 199 350 296
chair 0.0010 254 301 342 373
chair 0.0010 152 261 270 349
chair 0.0010 472 191 500 311
diningtable 0.0032 426 158 515 329
diningtable 0.0026 240 190 413 358
diningtable 0.0011 172 174 480 371
person 0.8970 301 123 453 367
person 0.8644 8 112 260 377
person 0.1704 82 75 338 356
person 0.1065 185 76 316 349
person 0.0345 233 133 349 359
person 0.0286 153 71 271 302
person 0.0208 195 72 458 359
person 0.0065 183 -1 326 38
person 0.0057 393 96 493 343
person 0.0054 -4 89 129 349
person 0.0046 207 78 359 241
person 0.0044 93 103 256 275
person 0.0033 4 107 41 189
person 0.0032 15 112 181 267
person 0.0027 295 77 441 250
person 0.0025 477 102 500 229
person 0.0024 -1 116 22 242
person 0.0023 -27 83 69 293
person 0.0023 4 22 41 165
person 0.0023 316 190 427 297
person 0.0020 287 30 518 346
person 0.0015 -9 73 55 187
person 0.0013 473 175 500 295
person 0.0013 47 116 141 202
person 0.0011 321 83 408 180
person 0.0010 346 161 451 269
person 0.0010 107 173 234 265
pottedplant 0.0024 235 78 348 128
