aeroplane 0.0802 -3 255 67 336
aeroplane 0.0494 0 39 282 229
aeroplane 0.0186 5 35 328 385
aeroplane 0.0148 120 225 318 367
aeroplane 0.0066 0 286 39 342
aeroplane 0.0049 90 128 345 369
aeroplane 0.0045 242 224 345 354
aeroplane 0.0040 189 250 299 332
aeroplane 0.0018 36 35 243 169
aeroplane 0.0015 -14 225 85 363
aeroplane 0.0010 3 299 33 336
aeroplane 0.0010 0 323 36 346
bicycle 0.0013 218 263 334 323
boat 0.0040 45 324 70 346
bus 0.0014 180 251 295 308
car 0.0222 -12 20 345 326
car 0.0081 6 241 50 319
person 0.9063 169 284 227 393
person 0.0997 263 246 338 349
person 0.0063 154 264 273 394
person 0.0041 18 68 96 183
person 0.0037 182 309 251 394
person 0.0035 291 275 338 350
person 0.0031 152 258 233 341
person 0.0027 194 310 228 398
person 0.0023 149 290 237 433
person 0.0020 157 270 185 325
person 0.0018 220 74 305 177
person 0.0018 135 285 206 379
person 0.0018 66 56 266 210
person 0.0016 5 109 89 172
person 0.0016 185 267 208 295
person 0.0014 185 315 213 355
person 0.0013 164 267 185 297
person 0.0013 166 265 204 333
person 0.0011 180 283 218 354
person 0.0011 187 279 211 312
