aeroplane 0.0409 119 108 156 255
aeroplane 0.0034 120 125 133 165
aeroplane 0.0032 6 203 25 241
aeroplane 0.0031 141 121 156 161
aeroplane 0.0026 123 115 154 174
aeroplane 0.0025 136 114 156 212
aeroplane 0.0024 120 125 181 229
aeroplane 0.0017 -1 166 10 202
aeroplane 0.0015 139 144 155 181
aeroplane 0.0013 1 163 27 246
aeroplane 0.0011 106 96 198 245
bird 0.0034 4 186 28 251
boat 0.1038 112 117 159 239
boat 0.0063 105 157 165 259
boat 0.0056 5 202 54 288
boat 0.0033 83 124 184 288
boat 0.0012 32 247 58 269
boat 0.0011 121 162 186 251
bottle 0.0026 4 319 21 508
bottle 0.0016 44 326 66 352
car 0.8143 151 405 246 497
car 0.0113 101 419 206 476
car 0.0086 139 433 162 501
car 0.0058 186 419 272 481
car 0.0054 129 438 215 500
car 0.0034 190 417 226 482
car 0.0031 208 420 231 446
car 0.0028 210 404 268 500
car 0.0027 87 429 188 503
car 0.0027 141 424 171 484
car 0.0026 33 455 57 481
car 0.0017 61 445 164 502
car 0.0016 192 406 267 461
car 0.0015 171 417 207 485
car 0.0014 175 420 202 444
car 0.0011 81 377 226 512
car 0.0011 31 326 274 557
car 0.0010 137 421 158 446
chair 0.0129 8 338 52 472
chair 0.0038 2 389 62 482
chair 0.0030 39 446 144 499
chair 0.0024 18 351 73 472
chair 0.0017 -2 314 64 492
chair 0.0014 17 438 84 506
chair 0.0012 -4 328 148 480
chair 0.0012 32 407 151 492
chair 0.0011 24 327 77 407
chair 0.0010 14 423 76 481
diningtable 0.0011 -45 298 189 505
person 0.0032 11 322 54 429
person 0.0018 0 324 15 501
person 0.0013 254 394 267 508
train 0.0019 29 381 195 500
train 0.0018 21 324 162 484
train 0.0014 -12 289 196 516
train 0.0012 53 416 161 489
