aeroplane 0.0091 0 -4 20 99
aeroplane 0.0039 0 22 18 73
aeroplane 0.0021 132 128 171 151
aeroplane 0.0021 0 4 16 54
aeroplane 0.0012 342 125 369 154
bird 0.0070 0 81 15 128
bird 0.0050 0 43 16 165
bird 0.0017 0 -9 20 69
bird 0.0011 37 325 65 352
boat 0.0015 0 0 18 134
bottle 0.0407 336 410 372 493
bottle 0.0022 352 400 375 508
car 0.3460 255 269 300 323
car 0.1606 222 247 319 318
car 0.0983 157 190 327 323
car 0.0323 208 261 293 332
car 0.0311 187 198 316 278
car 0.0104 322 287 355 310
car 0.0084 90 181 283 330
car 0.0082 159 187 275 257
car 0.0072 263 299 295 327
car 0.0068 311 286 338 313
car 0.0061 336 285 372 311
car 0.0040 75 146 356 432
car 0.0039 114 212 259 299
car 0.0038 358 90 375 125
car 0.0029 353 281 376 311
car 0.0028 254 251 307 309
car 0.0022 258 287 299 336
car 0.0021 234 215 326 307
car 0.0020 255 298 281 329
car 0.0020 228 188 319 256
car 0.0019 252 280 284 319
car 0.0018 185 198 235 246
car 0.0016 280 285 307 317
car 0.0012 225 253 279 307
car 0.0011 355 100 373 145
car 0.0011 197 238 276 318
car 0.0010 260 246 344 319
car 0.0010 143 178 229 255
car 0.0010 226 284 320 355
person 0.8393 51 230 323 497
person 0.2433 53 231 100 360
person 0.0176 189 253 358 479
person 0.0155 195 233 281 357
person 0.0135 202 199 244 275
person 0.0112 81 169 234 494
person 0.0076 299 203 317 234
person 0.0062 61 231 98 292
person 0.0048 37 191 112 384
person 0.0034 230 265 277 327
person 0.0033 205 202 271 319
person 0.0023 135 268 410 536
person 0.0023 102 284 274 510
person 0.0020 144 362 346 509
person 0.0018 238 225 266 254
person 0.0016 -1 116 260 460
person 0.0015 240 241 263 278
person 0.0013 68 227 132 354
person 0.0013 166 207 251 307
person 0.0013 0 50 16 198
person 0.0013 40 206 165 445
person 0.0012 219 220 256 300
person 0.0011 232 229 269 293
person 0.0011 252 226 282 255
