bicycle 0.5780 -7 64 430 365
bicycle 0.0492 95 8 480 308
bicycle 0.0040 67 89 277 289
bicycle 0.0025 135 82 365 294
bicycle 0.0024 287 70 442 311
bicycle 0.0019 209 74 519 355
bicycle 0.0010 16 -10 330 270
chair 0.0095 -7 223 123 383
chair 0.0072 0 284 113 372
chair 0.0021 2 224 62 366
chair 0.0015 39 289 150 372
chair 0.0011 -1 260 24 358
chair 0.0010 10 262 181 394
diningtable 0.0080 61 274 361 383
diningtable 0.0022 -4 223 427 380
diningtable 0.0013 120 294 303 366
pottedplant 0.0197 306 56 367 101
pottedplant 0.0035 313 66 360 90
pottedplant 0.0022 306 42 366 143
tvmonitor 0.0027 389 81 443 135
