car 0.8603 54 110 442 320
car 0.5038 4 127 90 181
car 0.0860 0 114 31 186
car 0.0220 49 143 290 294
car 0.0155 164 134 331 184
car 0.0131 -4 136 51 187
car 0.0126 113 125 379 259
car 0.0080 22 111 81 163
car 0.0073 122 135 231 190
car 0.0072 -4 107 66 195
car 0.0051 245 22 277 49
car 0.0041 1 129 24 171
car 0.0038 0 143 25 183
car 0.0036 6 145 95 220
car 0.0029 2 82 44 163
car 0.0024 84 109 340 212
car 0.0023 268 130 375 188
car 0.0023 2 115 24 158
car 0.0020 202 142 439 293
car 0.0019 6 149 42 177
car 0.0017 -1 124 22 231
car 0.0016 33 120 66 149
car 0.0014 38 120 88 156
car 0.0013 143 170 275 258
car 0.0013 43 134 87 163
car 0.0013 10 108 40 136
car 0.0012 -3 72 424 242
car 0.0010 24 151 72 175
motorbike 0.0343 7 103 88 174
motorbike 0.0213 -7 112 66 189
person 0.0192 0 50 24 160
person 0.0073 -2 89 21 123
person 0.0042 -2 105 27 134
person 0.0018 44 124 86 149
pottedplant 0.0021 211 -3 258 47
pottedplant 0.0014 194 0 241 43
pottedplant 0.0010 236 0 285 46
tvmonitor 0.0024 384 0 475 101
