bottle 0.0056 74 311 109 362
bottle 0.0026 83 303 120 368
bottle 0.0022 224 117 259 187
bottle 0.0012 85 272 128 349
cat 0.0021 134 171 283 371
cat 0.0016 126 129 525 417
chair 0.0684 377 53 454 144
chair 0.0337 -5 173 122 372
chair 0.0259 393 70 466 170
chair 0.0209 451 82 493 163
chair 0.0137 372 38 498 170
chair 0.0079 208 46 274 145
chair 0.0054 474 80 502 165
chair 0.0052 7 173 109 262
chair 0.0043 4 229 176 367
chair 0.0034 371 33 444 115
chair 0.0032 0 152 112 224
chair 0.0032 6 218 107 327
chair 0.0032 205 87 290 174
chair 0.0030 390 82 440 161
chair 0.0030 471 93 500 212
chair 0.0025 1 127 27 204
chair 0.0024 45 251 134 356
chair 0.0023 -1 132 24 256
chair 0.0022 70 226 213 375
chair 0.0021 96 246 182 357
chair 0.0019 40 172 131 250
chair 0.0018 -2 157 65 271
chair 0.0017 -9 108 128 269
chair 0.0016 240 112 272 188
chair 0.0016 450 98 497 204
chair 0.0016 431 59 511 141
chair 0.0015 405 102 457 167
chair 0.0015 405 110 485 203
chair 0.0015 453 46 494 114
chair 0.0014 198 75 378 252
chair 0.0013 395 11 465 119
chair 0.0013 412 23 457 106
chair 0.0012 474 90 503 120
chair 0.0012 186 51 313 208
chair 0.0012 92 144 181 222
chair 0.0011 471 24 501 133
chair 0.0011 432 62 468 153
chair 0.0011 -2 286 117 367
chair 0.0010 388 57 494 259
chair 0.0010 156 33 268 224
chair 0.0010 -14 115 71 315
cow 0.0077 357 136 510 356
cow 0.0024 225 112 427 314
cow 0.0016 435 160 516 377
diningtable 0.0013 400 54 501 163
dog 0.0140 176 133 267 253
dog 0.0031 202 167 282 268
dog 0.0021 189 109 303 269
dog 0.0021 64 111 358 378
dog 0.0020 128 140 295 346
dog 0.0016 191 111 387 316
dog 0.0011 117 149 227 223
horse 0.0227 218 96 511 392
horse 0.0054 326 98 480 335
horse 0.0024 380 117 499 313
person 0.0117 470 118 499 241
person 0.0025 440 73 519 304
person 0.0021 475 147 500 299
person 0.0014 448 128 511 251
person 0.0014 49 153 219 339
person 0.0013 -15 160 76 385
person 0.0013 0 147 20 297
pottedplant 0.1828 280 32 374 121
pottedplant 0.0187 269 4 364 100
pottedplant 0.0093 307 65 360 121
pottedplant 0.0088 257 37 392 165
pottedplant 0.0061 294 49 341 107
pottedplant 0.0059 242 0 283 42
pottedplant 0.0044 272 20 323 82
pottedplant 0.0043 249 -18 402 108
pottedplant 0.0042 237 35 339 111
pottedplant 0.0027 381 41 413 116
pottedplant 0.0025 252 4 332 85
pottedplant 0.0020 350 0 400 16
pottedplant 0.0014 201 1 375 145
pottedplant 0.0013 308 22 363 106
pottedplant 0.0013 332 0 377 16
pottedplant 0.0012 278 51 323 107
pottedplant 0.0011 285 17 344 86
pottedplant 0.0010 292 68 380 149
sheep 0.0017 92 138 254 353
sofa 0.0232 111 90 465 341
tvmonitor 0.6714 95 53 182 154
tvmonitor 0.0647 118 45 212 148
tvmonitor 0.0483 95 75 160 141
tvmonitor 0.0406 168 43 264 113
tvmonitor 0.0213 99 46 244 214
tvmonitor 0.0101 82 73 171 199
tvmonitor 0.0098 117 77 228 174
tvmonitor 0.0081 155 57 199 129
tvmonitor 0.0070 132 73 188 141
tvmonitor 0.0070 104 104 180 215
tvmonitor 0.0055 62 63 154 152
tvmonitor 0.0033 114 78 172 165
tvmonitor 0.0024 143 26 277 172
tvmonitor 0.0020 119 59 164 131
tvmonitor 0.0018 129 114 213 205
tvmonitor 0.0018 85 72 131 143
tvmonitor 0.0018 201 36 286 114
tvmonitor 0.0012 199 37 245 94
tvmonitor 0.0010 401 8 428 34
