car 0.0231 433 217 468 234
car 0.0038 422 214 448 240
car 0.0013 456 214 484 235
car 0.0011 423 209 478 240
chair 0.0025 78 211 168 289
person 0.0032 171 232 189 266
person 0.0013 152 231 173 268
pottedplant 0.0048 108 136 139 186
pottedplant 0.0034 149 183 170 215
pottedplant 0.0023 111 144 135 176
pottedplant 0.0012 142 175 173 220
train 0.5329 119 52 456 283
train 0.0224 -4 97 350 287
train 0.0048 1 110 192 275
train 0.0046 86 81 265 255
train 0.0037 217 110 433 273
train 0.0010 73 146 273 285
tvmonitor 0.0274 62 165 103 207
tvmonitor 0.0043 0 174 44 224
tvmonitor 0.0017 0 201 45 274
tvmonitor 0.0010 -1 79 57 117
