chair 0.0604 12 250 181 483
chair 0.0381 13 227 126 423
chair 0.0139 15 281 141 356
chair 0.0118 5 265 71 386
chair 0.0117 4 365 191 502
chair 0.0106 35 441 165 500
chair 0.0056 8 141 141 366
chair 0.0042 76 309 240 496
chair 0.0040 0 246 44 408
chair 0.0038 -12 253 97 463
chair 0.0035 45 393 154 493
chair 0.0035 -4 441 91 503
chair 0.0034 330 376 376 451
chair 0.0033 3 342 73 465
chair 0.0030 1 388 81 497
chair 0.0025 54 316 145 410
chair 0.0019 89 338 168 478
chair 0.0019 187 320 360 494
chair 0.0018 111 267 263 462
chair 0.0018 48 351 153 459
chair 0.0017 28 163 112 259
chair 0.0017 113 397 204 484
chair 0.0016 115 350 202 463
chair 0.0014 170 355 261 462
chair 0.0014 135 323 296 490
chair 0.0014 88 278 169 370
chair 0.0013 205 391 286 490
chair 0.0013 1 238 81 348
chair 0.0013 0 223 16 410
chair 0.0012 234 264 373 473
chair 0.0011 49 255 146 346
chair 0.0011 326 308 385 423
chair 0.0011 302 392 375 509
chair 0.0011 147 312 229 425
chair 0.0011 55 222 204 431
chair 0.0011 -4 186 96 383
chair 0.0010 23 358 124 444
chair 0.0010 224 354 323 450
diningtable 0.0668 234 311 378 510
diningtable 0.0097 286 386 377 495
diningtable 0.0046 292 355 374 462
diningtable 0.0026 230 378 317 496
diningtable 0.0019 249 346 369 442
diningtable 0.0018 2 269 314 533
diningtable 0.0014 141 309 405 572
diningtable 0.0013 270 339 343 478
person 0.0088 -8 127 53 450
person 0.0039 29 106 287 468
person 0.0014 0 204 16 389
person 0.0010 0 146 15 332
person 0.0010 0 207 47 375
pottedplant 0.0694 0 355 39 428
pottedplant 0.0109 -4 331 45 471
pottedplant 0.0049 -1 300 21 451
pottedplant 0.0047 5 72 42 138
pottedplant 0.0031 -12 222 52 495
pottedplant 0.0025 6 369 33 413
pottedplant 0.0020 -1 371 20 414
pottedplant 0.0010 11 83 35 125
sofa 0.0119 -2 205 261 522
tvmonitor 0.1153 109 73 222 141
tvmonitor 0.0434 121 82 242 172
tvmonitor 0.0408 90 65 238 206
tvmonitor 0.0262 28 136 98 209
tvmonitor 0.0093 224 145 256 177
tvmonitor 0.0027 141 128 232 203
tvmonitor 0.0013 227 138 267 187
tvmonitor 0.0011 155 77 205 137
