bottle 0.3665 41 -9 137 202
bottle 0.1996 33 76 146 424
bottle 0.0192 57 -7 119 126
bottle 0.0189 13 4 121 342
bottle 0.0167 60 205 163 448
bottle 0.0028 78 233 151 344
bottle 0.0023 47 188 130 312
bottle 0.0023 132 193 251 460
bottle 0.0022 13 -37 117 161
bottle 0.0019 80 194 149 312
bottle 0.0017 189 44 207 86
bottle 0.0017 36 -12 95 122
bottle 0.0014 52 143 123 279
bottle 0.0014 104 275 177 382
bottle 0.0012 56 66 123 196
bottle 0.0010 163 52 183 90
car 0.0048 171 25 315 240
chair 0.0138 -7 -11 42 281
chair 0.0046 0 95 16 267
chair 0.0042 193 174 232 228
chair 0.0037 179 130 243 236
chair 0.0031 138 24 299 246
chair 0.0031 189 171 213 229
chair 0.0029 0 62 38 226
chair 0.0020 208 167 239 240
chair 0.0017 -1 9 40 161
chair 0.0010 236 186 263 248
chair 0.0010 267 307 328 424
diningtable 0.0130 89 57 346 442
diningtable 0.0052 33 199 300 528
diningtable 0.0021 -9 -48 188 240
diningtable 0.0017 15 -18 318 365
diningtable 0.0012 115 319 269 491
person 0.0924 13 34 166 465
person 0.0162 23 6 310 416
person 0.0111 222 167 249 238
person 0.0107 237 171 262 231
person 0.0080 118 42 368 457
person 0.0015 254 182 272 227
person 0.0015 -12 47 42 374
person 0.0011 204 162 270 243
person 0.0011 240 160 259 202
person 0.0011 319 37 334 211
person 0.0010 -26 -48 155 318
person 0.0010 228 157 248 212
tvmonitor 0.0027 0 5 33 95
tvmonitor 0.0015 -2 3 16 95
