bus 0.7173 67 65 356 308
bus 0.0051 98 54 326 209
bus 0.0051 143 167 347 306
bus 0.0032 185 152 312 225
bus 0.0026 100 166 185 263
bus 0.0016 79 137 210 289
bus 0.0014 152 121 274 199
bus 0.0012 247 101 405 273
bus 0.0010 68 173 100 246
bus 0.0010 143 173 285 254
bus 0.0010 316 204 355 270
car 0.0030 58 222 81 246
car 0.0025 -1 224 23 249
car 0.0013 5 226 46 244
car 0.0012 70 210 96 237
car 0.0011 29 226 66 244
car 0.0011 30 212 65 232
chair 0.0010 367 203 415 243
person 0.0317 99 232 117 270
person 0.0252 226 192 251 223
person 0.0169 56 212 80 238
person 0.0078 208 193 231 220
person 0.0075 245 193 271 223
person 0.0066 265 193 292 226
person 0.0063 172 231 189 273
person 0.0040 222 184 256 231
person 0.0035 166 226 193 303
person 0.0033 284 193 309 223
person 0.0023 111 232 130 271
person 0.0021 258 186 300 231
person 0.0017 192 195 217 220
person 0.0014 245 209 273 235
person 0.0014 209 178 231 215
person 0.0013 241 184 277 233
person 0.0012 203 165 237 227
person 0.0011 266 207 292 237
person 0.0010 332 -5 372 78
pottedplant 0.0022 473 297 502 323
pottedplant 0.0018 446 296 497 347
pottedplant 0.0014 473 284 501 362
