bottle 0.0451 397 276 432 325
bottle 0.0022 388 293 439 331
bottle 0.0020 400 268 427 308
bottle 0.0018 389 252 435 301
bottle 0.0013 374 279 420 320
bottle 0.0012 381 286 411 314
cat 0.0753 66 176 179 224
cat 0.0011 365 167 461 264
chair 0.1114 -4 219 69 326
chair 0.0502 375 145 494 330
chair 0.0293 438 295 504 335
chair 0.0125 357 293 525 332
chair 0.0085 285 252 339 292
chair 0.0075 0 207 25 316
chair 0.0069 317 198 388 279
chair 0.0059 176 160 247 224
chair 0.0055 38 193 232 337
chair 0.0049 270 212 387 273
chair 0.0040 445 273 499 328
chair 0.0037 378 267 501 331
chair 0.0035 0 190 97 283
chair 0.0030 272 231 382 300
chair 0.0030 384 197 488 280
chair 0.0025 290 266 440 324
chair 0.0024 251 148 315 237
chair 0.0022 26 217 106 332
chair 0.0021 327 222 381 275
chair 0.0020 384 229 500 311
chair 0.0020 278 206 450 327
chair 0.0019 351 263 458 334
chair 0.0019 349 206 457 272
chair 0.0018 312 232 412 309
chair 0.0016 -16 223 122 350
chair 0.0016 163 170 241 203
chair 0.0013 299 198 334 272
chair 0.0012 0 210 52 292
chair 0.0012 161 177 260 246
chair 0.0012 82 230 187 303
chair 0.0012 445 314 498 333
chair 0.0011 470 301 502 328
chair 0.0011 421 315 484 333
chair 0.0010 41 227 147 307
chair 0.0010 390 309 508 337
chair 0.0010 -1 176 26 242
diningtable 0.0268 277 294 453 334
diningtable 0.0036 340 292 523 331
diningtable 0.0032 327 307 500 337
diningtable 0.0016 241 247 487 330
diningtable 0.0011 260 269 468 365
dog 0.0034 84 189 160 227
person 0.0549 379 141 489 243
pottedplant 0.0176 319 150 403 234
pottedplant 0.0067 306 295 360 336
pottedplant 0.0053 324 186 356 211
pottedplant 0.0051 326 165 374 207
pottedplant 0.0050 296 131 435 251
pottedplant 0.0045 319 172 362 223
pottedplant 0.0044 289 129 366 210
pottedplant 0.0030 301 312 335 334
pottedplant 0.0024 313 141 410 201
pottedplant 0.0018 300 304 339 327
pottedplant 0.0016 317 301 350 330
pottedplant 0.0016 335 185 368 208
pottedplant 0.0014 288 288 382 341
pottedplant 0.0012 338 170 366 203
sofa 0.3138 370 139 500 292
sofa 0.2098 26 171 236 271
sofa 0.0751 7 144 199 246
sofa 0.0597 24 167 184 226
sofa 0.0525 5 161 190 327
sofa 0.0052 2 197 94 296
sofa 0.0035 85 207 257 277
sofa 0.0035 315 170 494 314
sofa 0.0024 80 186 245 235
sofa 0.0024 0 192 119 244
sofa 0.0021 375 145 491 229
sofa 0.0015 13 135 185 200
sofa 0.0014 -18 159 287 377
sofa 0.0013 44 201 145 281
sofa 0.0011 68 193 279 340
