chair 0.7336 245 239 346 494
chair 0.1070 190 228 299 435
chair 0.0480 247 209 341 260
chair 0.0365 189 253 254 409
chair 0.0328 205 218 274 357
chair 0.0242 201 217 243 296
chair 0.0202 280 231 374 505
chair 0.0186 332 323 373 501
chair 0.0148 259 290 329 437
chair 0.0128 282 210 364 266
chair 0.0114 191 219 225 298
chair 0.0097 242 384 314 494
chair 0.0092 178 218 240 377
chair 0.0091 319 209 356 264
chair 0.0082 220 248 283 386
chair 0.0078 296 371 370 499
chair 0.0077 304 257 364 399
chair 0.0075 267 202 322 247
chair 0.0067 253 395 352 500
chair 0.0066 175 235 211 316
chair 0.0066 197 211 351 384
chair 0.0054 331 242 375 407
chair 0.0054 108 263 267 465
chair 0.0050 256 263 362 370
chair 0.0049 353 329 375 496
chair 0.0048 202 219 286 291
chair 0.0046 217 213 335 281
chair 0.0044 322 229 384 505
chair 0.0044 216 215 253 267
chair 0.0042 246 256 309 403
chair 0.0042 341 217 363 258
chair 0.0042 116 178 158 234
chair 0.0041 335 220 371 292
chair 0.0039 183 297 306 498
chair 0.0036 14 162 187 341
chair 0.0035 310 312 367 475
chair 0.0032 252 218 366 297
chair 0.0029 301 440 348 500
chair 0.0028 274 210 317 238
chair 0.0028 114 241 205 333
chair 0.0025 227 244 321 338
chair 0.0025 253 345 335 478
chair 0.0023 76 236 240 415
chair 0.0023 210 287 275 439
chair 0.0022 273 218 345 338
chair 0.0021 298 230 375 331
chair 0.0020 151 216 235 303
chair 0.0019 53 228 148 344
chair 0.0017 224 219 249 258
chair 0.0016 290 177 369 255
chair 0.0016 192 209 252 276
chair 0.0015 209 220 239 258
chair 0.0015 16 225 186 427
chair 0.0014 145 305 230 422
chair 0.0014 124 203 195 302
chair 0.0014 356 220 374 261
chair 0.0013 113 275 203 384
chair 0.0013 286 438 374 505
chair 0.0013 289 294 358 452
chair 0.0012 352 219 376 336
chair 0.0012 319 226 358 287
chair 0.0011 164 237 199 321
chair 0.0011 187 325 253 477
chair 0.0010 304 194 343 254
chair 0.0010 357 251 375 418
chair 0.0010 324 206 353 243
diningtable 0.0199 178 182 369 471
sofa 0.0304 16 207 186 366
sofa 0.0013 0 186 317 464
tvmonitor 0.3076 221 98 313 190
tvmonitor 0.0115 192 68 313 214
tvmonitor 0.0060 202 118 292 206
tvmonitor 0.0036 111 193 158 242
