boat 0.2774 390 217 504 263
boat 0.0493 397 183 499 255
boat 0.0444 136 2 440 314
boat 0.0210 139 27 362 231
boat 0.0111 407 215 458 234
boat 0.0086 166 111 333 316
boat 0.0067 394 146 490 226
boat 0.0063 370 155 518 274
boat 0.0055 447 211 499 263
boat 0.0050 225 272 352 329
boat 0.0044 186 269 305 322
boat 0.0037 197 230 297 319
boat 0.0036 131 37 233 279
boat 0.0034 374 242 417 260
boat 0.0034 391 214 439 234
boat 0.0032 425 213 474 232
boat 0.0031 422 186 482 231
boat 0.0029 329 213 481 265
boat 0.0028 191 205 300 287
boat 0.0026 454 211 493 234
boat 0.0026 432 198 471 223
boat 0.0026 475 223 502 252
boat 0.0025 290 272 346 315
boat 0.0024 139 165 289 317
boat 0.0023 399 208 467 241
boat 0.0021 447 201 500 242
boat 0.0020 172 204 328 327
boat 0.0017 211 269 274 317
boat 0.0017 387 227 436 246
boat 0.0017 337 188 473 253
boat 0.0017 388 242 433 261
boat 0.0017 281 205 378 285
boat 0.0016 62 60 361 311
boat 0.0016 201 166 375 321
boat 0.0016 165 199 261 292
boat 0.0015 269 238 385 308
boat 0.0015 474 197 502 225
boat 0.0015 470 210 504 265
boat 0.0014 320 279 347 309
boat 0.0014 235 239 344 314
boat 0.0013 191 234 385 366
boat 0.0012 245 134 410 297
boat 0.0011 424 242 479 261
boat 0.0011 239 206 340 285
boat 0.0011 228 203 425 338
boat 0.0011 395 218 469 253
boat 0.0011 241 119 335 204
boat 0.0010 316 209 418 282
boat 0.0010 475 237 502 266
boat 0.0010 279 181 379 258
bottle 0.0017 222 247 261 291
bottle 0.0014 239 246 273 292
car 0.0034 472 210 502 235
person 0.0278 268 266 294 296
person 0.0201 227 262 254 293
person 0.0192 246 264 272 294
person 0.0064 280 267 310 296
person 0.0019 322 267 346 299
person 0.0011 272 262 316 302
train 0.0155 161 10 492 306
train 0.0024 124 14 232 253
train 0.0013 230 55 419 261
