bird 0.1668 102 32 141 73
bird 0.0216 142 85 179 133
bird 0.0148 102 22 174 112
bird 0.0099 114 33 212 111
bird 0.0080 117 56 216 139
bird 0.0077 87 22 187 186
bird 0.0069 84 16 184 79
bird 0.0043 103 28 142 126
bird 0.0040 96 13 242 144
bird 0.0037 87 35 133 93
bird 0.0029 144 76 271 132
bird 0.0028 144 83 178 106
bird 0.0027 116 21 224 80
bird 0.0022 -2 72 348 361
bird 0.0021 147 36 266 106
bird 0.0021 130 87 169 155
bird 0.0015 81 45 167 141
bird 0.0013 48 30 143 110
bird 0.0013 152 83 207 134
bird 0.0011 114 26 166 73
bird 0.0010 234 -5 418 148
bird 0.0010 90 35 128 64
cat 0.0014 4 60 417 372
cat 0.0010 163 65 412 188
dog 0.3430 17 114 328 375
person 0.0010 30 185 391 476
