bicycle 0.0051 438 100 501 231
bicycle 0.0038 474 99 500 231
bottle 0.0011 455 92 496 210
car 0.7806 26 60 473 314
car 0.0341 280 36 318 58
car 0.0126 185 45 316 96
car 0.0104 341 45 461 103
car 0.0089 270 40 380 99
car 0.0080 126 90 374 285
car 0.0072 -3 -15 350 275
car 0.0072 353 60 455 133
car 0.0071 310 42 416 110
car 0.0054 -2 9 24 37
car 0.0050 214 78 435 299
car 0.0044 179 65 318 133
car 0.0042 0 118 348 370
car 0.0041 341 26 447 75
car 0.0039 150 41 269 99
car 0.0038 253 35 382 66
car 0.0033 316 70 477 250
car 0.0027 213 46 340 81
car 0.0027 140 42 358 155
car 0.0023 389 34 499 235
car 0.0017 376 36 446 69
car 0.0016 259 41 303 59
car 0.0015 224 49 370 110
car 0.0013 81 55 267 263
car 0.0013 104 157 319 329
car 0.0012 243 10 410 143
car 0.0010 323 38 488 170
car 0.0010 352 81 457 168
car 0.0010 407 75 489 179
person 0.6306 438 40 475 117
person 0.5813 119 21 165 82
person 0.5376 107 22 147 81
person 0.4586 68 18 108 87
person 0.2847 81 23 126 80
person 0.2828 446 34 485 147
person 0.2316 49 18 86 84
person 0.1748 0 15 29 83
person 0.1723 185 34 216 62
person 0.1583 475 17 500 140
person 0.1555 136 27 185 76
person 0.1398 30 23 70 82
person 0.1085 160 28 201 71
person 0.0979 415 48 445 77
person 0.0880 360 32 389 62
person 0.0624 122 7 225 82
person 0.0457 374 36 410 62
person 0.0455 406 44 452 84
person 0.0452 411 33 494 111
person 0.0432 287 38 345 58
person 0.0429 4 12 42 95
person 0.0393 367 31 417 72
person 0.0367 165 24 197 52
person 0.0333 88 2 178 86
person 0.0317 111 31 139 71
person 0.0273 147 33 176 69
person 0.0265 2 16 21 57
person 0.0260 361 26 391 50
person 0.0237 149 24 177 51
person 0.0231 439 61 499 192
person 0.0230 397 48 433 76
person 0.0199 317 34 354 61
person 0.0198 34 14 103 87
person 0.0192 127 30 158 71
person 0.0168 476 55 499 186
person 0.0167 283 27 313 52
person 0.0159 318 27 354 49
person 0.0153 186 27 219 52
person 0.0153 338 24 369 49
person 0.0137 90 32 118 72
person 0.0115 42 33 146 98
person 0.0108 46 0 150 76
person 0.0107 73 29 100 74
person 0.0102 54 30 79 72
person 0.0101 479 30 498 65
person 0.0100 203 34 232 62
person 0.0100 388 40 436 60
person 0.0096 302 26 332 51
person 0.0095 333 36 375 59
person 0.0094 7 28 45 155
person 0.0087 1 42 25 83
person 0.0086 145 46 179 79
person 0.0085 111 24 142 51
person 0.0083 455 46 481 83
person 0.0082 416 48 489 151
person 0.0081 369 27 411 49
person 0.0075 378 45 410 77
person 0.0075 0 28 28 158
person 0.0072 125 25 161 50
person 0.0072 417 39 448 66
person 0.0070 396 43 437 108
person 0.0070 476 43 501 84
person 0.0060 157 51 204 74
person 0.0059 36 44 62 83
person 0.0059 438 38 465 67
person 0.0057 28 37 67 115
person 0.0055 440 46 467 85
person 0.0053 410 54 452 129
person 0.0048 13 31 91 108
person 0.0046 47 28 88 126
person 0.0046 -2 18 57 118
person 0.0041 479 55 499 101
person 0.0041 13 46 39 84
person 0.0040 442 67 466 116
person 0.0038 -1 164 23 253
person 0.0037 51 25 81 53
person 0.0037 66 31 107 124
person 0.0037 140 17 186 59
person 0.0037 219 40 259 60
person 0.0031 205 25 233 53
person 0.0031 429 27 473 80
person 0.0030 479 87 500 129
person 0.0030 457 39 485 64
person 0.0029 160 16 264 76
person 0.0028 75 22 102 52
person 0.0027 2 159 44 230
person 0.0026 86 26 120 51
person 0.0025 106 31 182 91
person 0.0024 178 19 228 58
person 0.0023 121 40 205 115
person 0.0023 111 7 138 35
person 0.0022 85 32 126 124
person 0.0022 478 71 501 114
person 0.0022 424 19 519 180
person 0.0019 458 51 518 135
person 0.0018 380 91 407 124
person 0.0018 8 26 42 49
person 0.0018 73 31 174 126
person 0.0018 453 57 482 100
person 0.0017 52 -2 123 46
person 0.0016 349 24 456 74
person 0.0016 106 34 144 121
person 0.0015 48 -6 222 104
person 0.0014 353 80 395 134
person 0.0014 12 34 39 70
person 0.0014 419 58 444 95
person 0.0013 196 30 239 70
person 0.0013 418 93 447 121
person 0.0013 368 83 418 132
person 0.0013 170 42 230 81
person 0.0012 0 189 22 313
person 0.0012 392 78 432 135
person 0.0011 353 33 397 95
person 0.0011 120 63 223 137
person 0.0010 378 106 407 134
person 0.0010 474 9 501 66
person 0.0010 388 39 477 89
person 0.0010 400 90 425 124
person 0.0010 0 176 23 214
tvmonitor 0.0059 34 -5 134 50
tvmonitor 0.0056 376 8 411 36
tvmonitor 0.0041 5 12 187 189
tvmonitor 0.0016 401 2 456 42
tvmonitor 0.0015 45 47 223 210
tvmonitor 0.0013 393 10 427 35
tvmonitor 0.0011 79 61 185 143
tvmonitor 0.0010 78 90 186 169
