bottle 0.0072 295 194 331 277
bottle 0.0034 100 312 138 369
bottle 0.0016 304 179 333 324
bottle 0.0013 282 174 323 269
bottle 0.0010 316 199 358 275
chair 0.0112 -7 151 65 393
chair 0.0038 156 188 348 345
chair 0.0034 0 207 58 342
chair 0.0013 70 182 184 355
chair 0.0012 278 229 373 320
chair 0.0011 90 248 169 357
chair 0.0010 253 193 404 347
person 0.9661 30 78 160 348
person 0.8668 272 67 383 366
person 0.8448 158 76 281 347
person 0.8193 386 39 491 342
person 0.3757 242 55 487 377
person 0.1124 380 151 507 386
person 0.0790 211 95 368 336
person 0.0477 -12 99 123 388
person 0.0319 343 46 539 386
person 0.0246 410 78 529 354
person 0.0211 -6 93 66 343
person 0.0165 261 58 398 213
person 0.0118 179 72 300 250
person 0.0105 41 156 148 273
person 0.0086 105 98 239 332
person 0.0066 328 170 410 375
person 0.0041 287 150 365 277
person 0.0040 337 131 478 357
person 0.0035 -5 199 62 397
person 0.0033 -2 67 130 258
person 0.0030 91 43 332 333
person 0.0029 353 45 470 271
person 0.0026 360 158 462 267
person 0.0025 477 123 500 266
person 0.0024 0 182 57 314
person 0.0023 0 144 25 273
person 0.0020 387 128 494 246
person 0.0016 17 48 171 218
person 0.0013 0 206 24 354
person 0.0013 21 220 166 375
person 0.0012 363 110 386 137
person 0.0012 348 218 395 372
person 0.0011 474 176 501 299
person 0.0011 367 60 448 142
person 0.0011 201 108 282 205
person 0.0011 393 65 487 143
person 0.0011 173 153 262 277
person 0.0010 276 128 381 243
pottedplant 0.0018 474 74 502 200
pottedplant 0.0014 471 31 501 158
pottedplant 0.0010 437 37 504 151
