boat 0.0016 118 -8 458 240
car 0.2388 22 -9 477 342
person 0.0052 446 231 492 294
person 0.0034 440 223 501 322
person 0.0026 473 267 499 331
person 0.0021 312 49 366 89
person 0.0016 455 269 496 332
person 0.0015 287 52 311 83
person 0.0014 92 286 115 313
person 0.0014 294 46 337 90
person 0.0013 394 314 429 333
person 0.0013 280 47 320 90
person 0.0012 42 21 147 101
person 0.0012 475 298 500 328
person 0.0012 347 319 401 333
person 0.0012 438 232 474 319
person 0.0012 402 259 495 330
person 0.0011 52 276 81 294
person 0.0010 19 1 173 121
person 0.0010 477 224 500 300
person 0.0010 442 82 465 108
pottedplant 0.0021 -1 8 24 107
train 0.0950 -40 40 463 342
train 0.0143 164 -2 487 285
train 0.0031 375 77 507 257
train 0.0014 205 235 445 349
train 0.0012 10 -1 412 232
train 0.0012 243 80 563 301
train 0.0010 78 132 498 352
tvmonitor 0.0091 370 35 423 82
