bottle 0.0054 333 225 386 276
bottle 0.0020 267 51 289 79
bottle 0.0011 342 45 367 109
cat 0.0010 236 329 435 375
chair 0.0128 265 145 335 242
chair 0.0076 301 142 336 249
chair 0.0059 66 112 279 322
chair 0.0051 -6 230 130 379
chair 0.0039 346 227 392 277
chair 0.0039 317 151 347 240
chair 0.0038 12 230 76 358
chair 0.0028 21 148 174 342
chair 0.0027 17 284 106 371
chair 0.0024 53 298 215 373
chair 0.0023 108 329 236 381
chair 0.0022 0 327 96 373
chair 0.0020 -18 255 56 348
chair 0.0018 4 246 45 374
chair 0.0018 253 118 331 207
chair 0.0017 279 150 369 220
chair 0.0016 36 268 154 346
chair 0.0015 225 333 428 377
chair 0.0014 242 182 335 251
chair 0.0012 71 326 197 378
chair 0.0011 267 150 319 212
chair 0.0011 214 297 355 367
chair 0.0011 7 267 186 387
chair 0.0010 393 289 494 370
diningtable 0.0041 181 279 468 378
diningtable 0.0016 190 330 384 376
diningtable 0.0011 17 247 481 412
dog 0.0013 227 328 406 376
person 0.0011 -5 31 275 342
pottedplant 0.0010 476 181 501 266
sofa 0.5365 46 191 310 360
sofa 0.0279 36 212 462 390
sofa 0.0125 29 271 315 378
sofa 0.0084 118 226 380 369
sofa 0.0024 98 235 251 316
sofa 0.0014 -12 88 282 343
sofa 0.0012 108 258 238 346
tvmonitor 0.0069 265 102 333 142
tvmonitor 0.0051 300 50 327 76
tvmonitor 0.0039 43 39 220 220
tvmonitor 0.0032 392 49 489 267
tvmonitor 0.0027 292 67 331 120
tvmonitor 0.0014 265 90 333 181
tvmonitor 0.0013 299 76 329 105
tvmonitor 0.0011 267 111 329 132
tvmonitor 0.0011 282 78 319 106
tvmonitor 0.0010 -7 9 277 307
