bottle 0.1159 150 61 178 136
bottle 0.0076 146 95 178 143
bottle 0.0073 137 55 186 142
bottle 0.0043 -1 6 19 75
car 0.1423 55 46 405 207
car 0.0050 122 49 341 154
car 0.0041 354 205 400 241
car 0.0036 196 50 342 101
car 0.0019 379 213 400 236
car 0.0013 338 205 385 243
car 0.0012 377 196 400 252
chair 0.0012 175 122 347 269
diningtable 0.0495 -22 31 360 267
diningtable 0.0199 118 91 404 299
diningtable 0.0017 157 154 365 283
person 0.4326 0 -5 154 306
person 0.0850 -10 51 102 295
person 0.0499 7 16 140 190
person 0.0106 0 36 276 262
person 0.0034 218 55 255 95
person 0.0027 151 55 431 290
person 0.0027 -22 48 56 250
person 0.0020 71 68 209 232
person 0.0020 170 268 211 298
person 0.0019 0 36 18 136
person 0.0018 -12 179 107 302
person 0.0013 14 -3 133 122
person 0.0010 9 137 142 298
