bicycle 0.0011 425 244 513 316
car 0.0070 1 206 20 238
chair 0.0010 246 205 271 239
chair 0.0010 445 272 501 315
horse 0.0013 73 201 137 268
person 0.9237 433 177 501 326
person 0.8961 366 189 420 313
person 0.8943 261 179 329 320
person 0.8857 205 193 238 278
person 0.8378 132 199 159 271
person 0.7885 86 192 120 257
person 0.6741 320 178 360 299
person 0.5858 285 184 349 315
person 0.1577 345 176 404 311
person 0.0780 208 175 234 249
person 0.0690 142 201 175 250
person 0.0484 192 182 250 268
person 0.0421 75 196 107 252
person 0.0324 169 211 196 240
person 0.0320 206 211 234 259
person 0.0287 111 198 144 253
person 0.0255 333 184 368 315
person 0.0247 211 188 230 233
person 0.0225 369 173 409 242
person 0.0201 219 195 251 273
person 0.0193 184 197 220 251
person 0.0170 113 198 173 272
person 0.0169 322 183 359 237
person 0.0166 419 198 446 278
person 0.0114 115 206 138 243
person 0.0113 275 171 322 249
person 0.0113 443 163 493 284
person 0.0091 424 231 442 272
person 0.0087 302 169 333 307
person 0.0086 90 185 165 257
person 0.0086 342 190 364 225
person 0.0084 244 173 319 276
person 0.0083 132 195 157 228
person 0.0081 166 201 203 247
person 0.0081 190 202 212 244
person 0.0073 478 165 500 307
person 0.0069 377 179 443 297
person 0.0061 479 192 501 224
person 0.0061 359 180 396 268
person 0.0054 89 196 116 225
person 0.0051 150 196 172 230
person 0.0051 378 173 403 213
person 0.0047 423 218 442 259
person 0.0046 364 191 388 224
person 0.0041 343 183 366 212
person 0.0037 445 169 495 223
person 0.0036 377 230 410 272
person 0.0034 414 179 488 266
person 0.0033 226 202 248 244
person 0.0033 209 184 233 210
person 0.0033 128 183 162 241
person 0.0030 390 192 433 282
person 0.0029 131 232 156 267
person 0.0027 335 186 368 235
person 0.0026 114 219 139 252
person 0.0026 375 216 409 256
person 0.0025 264 174 301 273
person 0.0024 324 184 352 212
person 0.0023 284 177 314 210
person 0.0023 283 169 310 194
person 0.0021 263 212 302 318
person 0.0021 328 229 351 274
person 0.0020 191 197 215 229
person 0.0020 280 234 312 269
person 0.0017 358 223 395 307
person 0.0015 324 213 352 260
person 0.0015 109 199 141 222
person 0.0015 456 167 484 192
person 0.0014 378 169 404 193
person 0.0014 421 207 443 238
person 0.0014 302 184 328 211
person 0.0014 480 178 499 213
person 0.0013 476 159 500 233
person 0.0013 244 190 277 284
person 0.0012 365 182 389 212
person 0.0012 363 217 388 255
person 0.0012 334 231 372 297
person 0.0011 107 240 142 262
person 0.0011 90 185 118 206
person 0.0011 72 196 101 223
person 0.0010 226 197 253 227
person 0.0010 295 226 337 303
person 0.0010 0 191 26 313
pottedplant 0.0020 0 125 25 237
sheep 0.0018 0 261 21 360
