bus 0.0136 425 42 514 265
bus 0.0013 334 72 477 245
bus 0.0011 412 101 495 214
car 0.9372 186 167 386 275
car 0.0072 269 171 389 256
car 0.0036 152 136 414 254
car 0.0029 154 183 270 247
car 0.0021 171 176 310 268
car 0.0013 316 158 412 233
chair 0.0091 293 142 344 191
person 0.7124 390 157 428 259
person 0.0172 362 147 426 271
person 0.0136 383 148 414 243
person 0.0077 64 267 97 322
person 0.0026 -10 137 123 354
person 0.0023 398 183 424 231
person 0.0016 376 135 443 230
person 0.0013 356 109 447 259
person 0.0012 290 140 379 216
person 0.0011 297 181 335 204
person 0.0010 308 151 366 205
person 0.0010 384 159 407 200
person 0.0010 280 179 314 207
tvmonitor 0.0170 437 68 502 189
tvmonitor 0.0170 0 329 105 380
tvmonitor 0.0114 423 29 511 234
tvmonitor 0.0098 0 182 119 367
tvmonitor 0.0051 8 249 100 355
tvmonitor 0.0019 386 0 497 200
tvmonitor 0.0015 52 264 93 328
tvmonitor 0.0011 -14 307 113 371
