bus 0.0045 -19 41 289 290
car 0.0043 320 -2 487 33
chair 0.1124 179 55 259 176
chair 0.0305 196 50 297 190
chair 0.0278 141 35 215 145
chair 0.0243 152 71 276 203
chair 0.0220 92 61 251 221
chair 0.0114 134 74 230 168
chair 0.0084 105 37 187 128
chair 0.0047 195 59 242 132
chair 0.0045 74 11 201 167
chair 0.0035 225 67 290 175
chair 0.0026 117 49 167 118
chair 0.0023 138 59 188 131
chair 0.0022 139 83 183 157
chair 0.0018 153 67 203 124
chair 0.0016 0 17 124 214
chair 0.0014 246 58 277 159
chair 0.0014 181 49 217 119
chair 0.0014 128 77 171 139
chair 0.0013 163 47 242 144
chair 0.0011 387 5 499 61
diningtable 0.0034 -5 30 351 251
person 0.0015 -6 45 121 237
person 0.0012 475 5 498 33
person 0.0012 309 125 353 171
person 0.0011 384 -1 435 33
person 0.0010 409 -1 454 14
pottedplant 0.0355 85 58 119 105
pottedplant 0.0051 72 40 108 101
pottedplant 0.0031 89 53 114 88
pottedplant 0.0014 74 33 138 109
pottedplant 0.0010 82 13 119 104
pottedplant 0.0010 77 52 100 89
train 0.0517 224 14 504 266
train 0.0387 47 47 452 284
train 0.0121 182 43 388 183
train 0.0087 234 58 420 222
train 0.0040 267 100 465 233
train 0.0038 -7 10 277 271
train 0.0019 279 106 374 181
train 0.0011 305 104 428 176
tvmonitor 0.0028 377 -1 499 34
tvmonitor 0.0013 33 117 236 265
