bicycle 0.0297 0 213 230 513
bottle 0.0015 290 247 331 304
car 0.0012 289 207 330 317
car 0.0011 0 8 115 88
car 0.0010 284 221 318 303
motorbike 0.5608 11 148 320 503
motorbike 0.0176 45 199 235 451
motorbike 0.0071 -6 65 237 435
person 0.2940 90 113 291 465
person 0.2007 152 157 275 412
person 0.1362 234 159 286 423
person 0.0886 195 146 286 372
person 0.0494 259 219 283 375
person 0.0289 84 138 246 365
person 0.0285 228 145 264 214
person 0.0210 174 145 259 206
person 0.0192 218 148 278 248
person 0.0155 183 137 220 195
person 0.0114 202 151 283 211
person 0.0096 136 152 244 210
person 0.0083 59 125 78 163
person 0.0068 313 200 330 320
person 0.0063 319 192 331 247
person 0.0061 269 192 324 315
person 0.0059 262 178 283 220
person 0.0053 289 191 339 313
person 0.0050 255 186 289 256
person 0.0049 209 181 277 323
person 0.0042 251 207 293 353
person 0.0038 189 142 224 218
person 0.0037 318 215 331 268
person 0.0033 237 162 299 254
person 0.0033 56 118 81 204
person 0.0031 242 163 280 238
person 0.0029 298 184 330 257
person 0.0027 154 160 240 242
person 0.0027 207 200 277 445
person 0.0027 147 145 282 294
person 0.0026 214 140 258 190
person 0.0023 234 145 261 186
person 0.0023 233 174 289 309
person 0.0020 182 156 263 246
person 0.0020 292 149 338 277
person 0.0019 148 107 168 137
person 0.0015 314 161 334 246
person 0.0015 21 16 106 91
person 0.0014 260 170 285 202
person 0.0014 219 244 270 411
person 0.0013 231 147 305 217
person 0.0013 208 149 238 179
person 0.0012 251 161 339 346
person 0.0010 316 232 331 291
person 0.0010 129 137 201 214
pottedplant 0.0207 110 4 168 123
pottedplant 0.0045 83 5 153 111
pottedplant 0.0036 112 20 153 78
pottedplant 0.0028 93 -19 183 138
pottedplant 0.0022 0 0 36 60
pottedplant 0.0017 104 14 139 86
pottedplant 0.0015 -1 -2 66 65
tvmonitor 0.0028 225 -4 309 52
tvmonitor 0.0021 138 158 175 213
