bottle 0.0850 16 182 50 244
bottle 0.0096 224 200 255 273
bottle 0.0070 23 183 59 266
bottle 0.0061 204 205 235 268
bottle 0.0057 239 197 275 275
bottle 0.0032 281 185 320 265
bottle 0.0022 279 223 317 277
bottle 0.0018 475 170 501 280
bottle 0.0013 315 179 360 246
bottle 0.0013 11 184 49 290
bottle 0.0012 -9 181 67 247
bottle 0.0011 275 163 323 232
bottle 0.0011 285 235 311 266
chair 0.0060 136 295 289 337
chair 0.0035 30 297 237 334
chair 0.0022 197 293 318 333
chair 0.0016 144 265 278 330
chair 0.0014 275 292 456 337
diningtable 0.0072 76 296 273 336
diningtable 0.0039 118 243 380 342
diningtable 0.0038 71 198 504 338
diningtable 0.0025 150 217 425 322
diningtable 0.0012 263 264 390 329
person 0.1805 186 119 323 228
person 0.0120 209 116 315 176
person 0.0068 186 154 293 242
person 0.0053 109 117 319 259
person 0.0027 184 123 262 223
person 0.0010 238 147 316 234
person 0.0010 478 92 500 176
pottedplant 0.4833 38 32 152 247
pottedplant 0.2855 327 113 493 279
pottedplant 0.0831 471 204 499 298
pottedplant 0.0816 373 243 420 282
pottedplant 0.0766 48 95 140 290
pottedplant 0.0660 8 22 124 160
pottedplant 0.0601 357 221 433 280
pottedplant 0.0522 119 216 228 277
pottedplant 0.0425 381 250 411 278
pottedplant 0.0418 61 199 142 253
pottedplant 0.0335 468 236 502 287
pottedplant 0.0305 397 250 425 277
pottedplant 0.0294 302 123 430 264
pottedplant 0.0257 15 25 101 112
pottedplant 0.0255 116 242 172 285
pottedplant 0.0232 113 235 230 296
pottedplant 0.0181 394 230 494 298
pottedplant 0.0170 430 239 473 282
pottedplant 0.0169 321 142 396 243
pottedplant 0.0169 56 83 154 186
pottedplant 0.0167 353 238 455 297
pottedplant 0.0165 45 24 132 104
pottedplant 0.0144 410 242 453 280
pottedplant 0.0132 437 248 464 276
pottedplant 0.0128 432 202 509 290
pottedplant 0.0122 60 140 127 248
pottedplant 0.0105 420 134 530 303
pottedplant 0.0100 89 256 199 292
pottedplant 0.0098 365 176 517 310
pottedplant 0.0097 440 143 516 241
pottedplant 0.0094 72 20 177 211
pottedplant 0.0082 395 141 489 241
pottedplant 0.0081 25 1 164 134
pottedplant 0.0078 79 215 188 276
pottedplant 0.0077 376 261 411 285
pottedplant 0.0068 396 261 430 284
pottedplant 0.0068 32 63 140 156
pottedplant 0.0064 384 230 441 273
pottedplant 0.0063 367 257 420 291
pottedplant 0.0061 121 213 172 260
pottedplant 0.0061 25 90 100 191
pottedplant 0.0060 357 125 456 207
pottedplant 0.0060 358 178 456 261
pottedplant 0.0058 451 220 496 280
pottedplant 0.0053 95 62 161 168
pottedplant 0.0049 388 197 477 278
pottedplant 0.0048 360 220 395 283
pottedplant 0.0047 50 107 129 214
pottedplant 0.0041 476 232 499 271
pottedplant 0.0036 -23 9 214 272
pottedplant 0.0035 123 252 162 278
pottedplant 0.0034 320 129 412 208
pottedplant 0.0034 88 194 261 294
pottedplant 0.0033 -7 67 130 266
pottedplant 0.0033 334 141 453 231
pottedplant 0.0032 414 264 448 284
pottedplant 0.0032 336 173 412 277
pottedplant 0.0031 277 105 530 330
pottedplant 0.0030 157 222 205 276
pottedplant 0.0029 106 202 223 248
pottedplant 0.0029 88 45 172 132
pottedplant 0.0028 142 212 182 235
pottedplant 0.0028 134 207 191 241
pottedplant 0.0027 362 249 391 278
pottedplant 0.0027 115 264 173 283
pottedplant 0.0025 301 243 433 299
pottedplant 0.0023 387 256 438 292
pottedplant 0.0023 60 36 147 132
pottedplant 0.0022 19 181 104 259
pottedplant 0.0022 71 189 132 235
pottedplant 0.0022 336 253 375 276
pottedplant 0.0022 176 239 226 287
pottedplant 0.0020 56 87 200 245
pottedplant 0.0020 92 119 175 212
pottedplant 0.0017 290 154 373 231
pottedplant 0.0017 329 244 380 284
pottedplant 0.0016 458 247 488 275
pottedplant 0.0015 297 180 375 256
pottedplant 0.0015 446 250 498 298
pottedplant 0.0015 390 210 437 264
pottedplant 0.0015 136 222 190 278
pottedplant 0.0015 324 209 486 327
pottedplant 0.0013 476 258 498 290
pottedplant 0.0013 184 252 220 275
pottedplant 0.0013 140 254 184 277
pottedplant 0.0013 16 14 117 77
pottedplant 0.0012 407 212 458 262
pottedplant 0.0011 0 239 50 289
pottedplant 0.0011 159 265 205 284
pottedplant 0.0011 263 180 468 307
pottedplant 0.0011 45 8 146 73
pottedplant 0.0011 78 70 134 121
pottedplant 0.0010 416 237 444 267
pottedplant 0.0010 136 264 190 285
pottedplant 0.0010 -2 145 118 289
