aeroplane 0.4857 355 82 429 148
aeroplane 0.4226 363 170 426 202
aeroplane 0.3197 244 129 314 165
aeroplane 0.3048 129 168 203 198
aeroplane 0.2327 369 177 424 218
aeroplane 0.2165 366 200 426 218
aeroplane 0.1333 358 154 425 192
aeroplane 0.1267 247 187 311 204
aeroplane 0.1137 149 176 210 194
aeroplane 0.1041 123 146 207 198
aeroplane 0.0989 233 120 286 154
aeroplane 0.0916 268 189 323 204
aeroplane 0.0570 342 77 442 120
aeroplane 0.0505 356 84 425 114
aeroplane 0.0453 363 151 422 167
aeroplane 0.0440 246 140 313 180
aeroplane 0.0352 357 142 430 174
aeroplane 0.0285 246 123 311 206
aeroplane 0.0276 255 133 303 159
aeroplane 0.0268 367 88 416 107
aeroplane 0.0233 136 165 189 186
aeroplane 0.0205 355 192 435 226
aeroplane 0.0183 369 161 416 183
aeroplane 0.0181 393 149 427 167
aeroplane 0.0155 209 121 306 173
aeroplane 0.0133 355 106 428 177
aeroplane 0.0115 253 162 305 180
aeroplane 0.0099 244 170 317 203
aeroplane 0.0089 281 162 312 182
aeroplane 0.0061 375 122 418 141
aeroplane 0.0060 335 57 454 177
aeroplane 0.0059 257 150 302 172
aeroplane 0.0056 252 179 304 198
aeroplane 0.0052 374 93 415 120
aeroplane 0.0044 395 122 425 142
aeroplane 0.0043 360 150 394 169
aeroplane 0.0043 377 109 413 136
aeroplane 0.0040 362 188 391 210
aeroplane 0.0038 298 188 329 207
aeroplane 0.0035 251 126 301 148
aeroplane 0.0034 394 176 426 195
aeroplane 0.0033 279 136 311 157
aeroplane 0.0030 317 146 436 199
aeroplane 0.0030 244 180 351 213
aeroplane 0.0027 360 176 393 196
aeroplane 0.0026 178 178 220 193
aeroplane 0.0026 128 164 162 185
aeroplane 0.0025 349 84 397 107
aeroplane 0.0023 231 98 341 235
aeroplane 0.0021 81 161 210 206
aeroplane 0.0020 145 159 210 193
aeroplane 0.0019 130 171 163 196
aeroplane 0.0018 356 108 393 136
aeroplane 0.0017 319 169 434 226
aeroplane 0.0015 227 123 258 145
aeroplane 0.0014 293 125 418 193
aeroplane 0.0013 273 178 319 197
aeroplane 0.0013 280 148 310 172
aeroplane 0.0013 126 165 171 201
aeroplane 0.0012 349 105 402 159
aeroplane 0.0011 359 160 395 185
aeroplane 0.0011 243 186 278 205
aeroplane 0.0011 355 94 395 121
aeroplane 0.0011 389 84 428 133
aeroplane 0.0011 110 107 234 222
aeroplane 0.0011 245 148 275 171
aeroplane 0.0011 230 123 360 174
aeroplane 0.0010 342 149 373 171
aeroplane 0.0010 239 132 279 158
aeroplane 0.0010 397 96 424 120
