bird 0.0019 17 480 57 500
boat 0.0013 0 304 39 403
bottle 0.1707 -2 192 43 369
bottle 0.1388 111 239 167 436
bottle 0.1359 238 311 316 493
bottle 0.0313 80 163 182 413
bottle 0.0287 123 259 178 403
bottle 0.0180 0 193 18 403
bottle 0.0171 254 283 306 452
bottle 0.0110 251 383 313 495
bottle 0.0074 -11 102 44 403
bottle 0.0069 253 255 350 471
bottle 0.0063 139 224 166 411
bottle 0.0049 268 291 329 447
bottle 0.0048 149 224 174 411
bottle 0.0038 121 227 153 407
bottle 0.0031 358 224 377 330
bottle 0.0030 -1 179 22 299
bottle 0.0030 3 255 39 414
bottle 0.0024 291 236 371 493
bottle 0.0018 155 312 226 417
bottle 0.0017 85 260 186 467
bottle 0.0016 234 342 364 528
bottle 0.0016 6 168 60 350
bottle 0.0015 361 251 375 307
bottle 0.0013 358 271 374 315
bottle 0.0012 110 343 206 461
bottle 0.0011 -18 238 36 389
bottle 0.0010 307 292 363 439
chair 0.0010 231 104 334 179
diningtable 0.0407 21 132 353 518
diningtable 0.0082 69 306 247 493
diningtable 0.0078 34 294 397 509
diningtable 0.0067 -14 252 274 552
diningtable 0.0035 91 349 283 531
diningtable 0.0027 124 315 305 487
diningtable 0.0019 35 364 224 518
person 0.8415 33 6 341 418
person 0.0242 92 94 396 481
person 0.0083 100 47 275 373
person 0.0053 359 101 375 301
person 0.0030 62 80 197 419
person 0.0025 252 187 359 470
person 0.0018 0 250 19 421
person 0.0016 244 55 360 300
person 0.0012 275 79 379 346
person 0.0010 358 265 375 444
person 0.0010 360 20 376 192
