bottle 0.0059 59 87 78 127
bottle 0.0056 73 89 96 126
bottle 0.0041 390 225 430 276
bottle 0.0025 263 232 291 260
bottle 0.0024 262 222 291 251
bottle 0.0024 191 16 211 52
bottle 0.0020 370 256 419 328
bottle 0.0016 184 7 216 58
bottle 0.0014 53 80 84 131
bottle 0.0012 148 192 177 217
bottle 0.0010 379 228 415 292
car 0.0851 373 -8 492 78
car 0.0478 378 -1 505 42
car 0.0014 379 0 444 15
chair 0.0076 388 282 496 365
chair 0.0053 229 177 415 316
chair 0.0048 -3 215 128 373
chair 0.0043 429 202 512 390
chair 0.0038 6 250 111 342
chair 0.0036 432 276 506 373
chair 0.0036 -4 218 61 320
chair 0.0034 362 302 463 365
chair 0.0030 319 220 487 368
chair 0.0024 0 209 24 344
chair 0.0020 157 230 420 369
chair 0.0019 365 241 452 349
chair 0.0018 262 201 391 282
chair 0.0018 4 285 116 365
chair 0.0016 -25 255 65 343
chair 0.0016 362 257 518 380
chair 0.0016 3 31 59 155
chair 0.0015 295 221 430 309
chair 0.0014 444 320 496 371
chair 0.0012 -16 184 75 353
chair 0.0011 33 260 157 336
chair 0.0010 31 227 237 370
diningtable 0.0026 30 275 315 377
diningtable 0.0023 41 325 228 372
diningtable 0.0021 -48 198 394 395
person 0.7709 32 125 178 352
person 0.0604 3 134 341 348
person 0.0579 -7 60 62 312
person 0.0325 388 208 503 379
person 0.0221 129 90 155 122
person 0.0204 117 91 139 124
person 0.0132 2 101 122 329
person 0.0066 0 97 28 228
person 0.0058 95 94 119 122
person 0.0043 -1 122 59 250
person 0.0040 396 204 489 288
person 0.0026 211 33 518 336
person 0.0026 474 239 500 371
person 0.0022 85 123 256 304
person 0.0021 380 156 497 329
person 0.0020 322 196 494 354
person 0.0020 0 135 26 274
person 0.0017 430 177 515 368
person 0.0016 119 73 162 118
person 0.0015 440 208 502 332
person 0.0014 371 221 452 317
person 0.0013 324 82 484 286
person 0.0013 403 -1 459 15
person 0.0013 2 111 46 214
person 0.0012 277 52 453 260
person 0.0012 143 82 180 106
person 0.0012 375 247 452 364
pottedplant 0.0121 163 89 196 117
pottedplant 0.0086 134 86 191 122
pottedplant 0.0076 418 192 489 305
pottedplant 0.0058 439 196 506 291
pottedplant 0.0045 472 182 502 287
pottedplant 0.0032 152 74 203 115
pottedplant 0.0029 448 203 498 267
pottedplant 0.0010 114 67 212 121
sofa 0.0536 218 196 439 343
sofa 0.0061 106 176 470 363
tvmonitor 0.1031 23 41 78 84
tvmonitor 0.0396 84 11 177 69
tvmonitor 0.0308 0 41 51 87
tvmonitor 0.0162 29 49 70 75
tvmonitor 0.0066 -2 34 29 91
tvmonitor 0.0047 253 251 341 331
tvmonitor 0.0026 1 25 46 126
tvmonitor 0.0025 95 23 154 48
tvmonitor 0.0017 0 95 59 143
tvmonitor 0.0015 -1 46 24 81
tvmonitor 0.0015 104 17 174 55
tvmonitor 0.0014 -1 -3 25 76
tvmonitor 0.0014 161 10 198 63
tvmonitor 0.0014 15 7 74 98
tvmonitor 0.0011 248 268 405 326
tvmonitor 0.0011 368 -1 421 15
tvmonitor 0.0011 46 21 79 81
tvmonitor 0.0010 5 9 108 78
