cat 0.0364 445 230 504 374
cat 0.0258 379 206 491 388
cat 0.0017 425 249 521 402
chair 0.5213 99 126 181 294
chair 0.5078 366 154 448 276
chair 0.3962 285 148 382 296
chair 0.2317 310 148 409 327
chair 0.2120 152 173 280 299
chair 0.1916 406 143 468 283
chair 0.0969 313 141 397 233
chair 0.0899 341 158 464 317
chair 0.0870 121 180 208 297
chair 0.0864 339 157 406 290
chair 0.0733 207 186 274 295
chair 0.0530 284 189 354 314
chair 0.0354 475 152 500 266
chair 0.0328 409 155 457 204
chair 0.0254 477 111 500 220
chair 0.0245 320 133 360 225
chair 0.0192 435 152 509 342
chair 0.0175 63 156 141 269
chair 0.0149 105 145 151 275
chair 0.0113 381 175 492 360
chair 0.0113 453 160 496 260
chair 0.0110 38 138 169 282
chair 0.0099 9 161 86 277
chair 0.0088 49 138 121 253
chair 0.0088 251 189 337 299
chair 0.0088 90 183 161 289
chair 0.0066 370 165 412 281
chair 0.0064 372 133 414 226
chair 0.0064 153 138 213 282
chair 0.0061 389 148 433 241
chair 0.0054 264 331 388 378
chair 0.0050 393 138 428 162
chair 0.0049 366 128 424 170
chair 0.0043 416 172 489 301
chair 0.0043 389 142 431 190
chair 0.0041 277 133 353 226
chair 0.0040 287 173 437 366
chair 0.0040 291 150 345 209
chair 0.0039 430 152 464 208
chair 0.0037 477 70 502 175
chair 0.0036 480 144 500 188
chair 0.0036 63 163 106 252
chair 0.0033 155 237 266 306
chair 0.0031 302 330 428 376
chair 0.0031 352 158 397 232
chair 0.0029 480 171 499 218
chair 0.0028 118 198 298 340
chair 0.0028 331 143 377 247
chair 0.0028 395 149 428 178
chair 0.0028 122 126 158 265
chair 0.0026 436 143 503 245
chair 0.0025 239 154 274 236
chair 0.0025 357 187 398 316
chair 0.0025 414 161 449 194
chair 0.0025 273 171 317 275
chair 0.0024 373 138 418 161
chair 0.0024 434 170 475 275
chair 0.0024 376 138 448 223
chair 0.0022 271 157 325 230
chair 0.0022 0 204 22 356
chair 0.0022 31 116 102 243
chair 0.0020 396 147 464 216
chair 0.0019 220 227 263 306
chair 0.0019 395 125 425 151
chair 0.0018 414 153 453 180
chair 0.0017 353 125 430 208
chair 0.0017 235 207 281 293
chair 0.0016 453 124 496 209
chair 0.0016 329 129 476 260
chair 0.0016 179 183 223 292
chair 0.0015 253 125 339 205
chair 0.0015 372 206 407 298
chair 0.0015 216 151 299 298
chair 0.0014 321 178 352 210
chair 0.0013 266 268 388 340
chair 0.0013 342 247 375 310
chair 0.0012 325 161 352 198
chair 0.0012 313 168 358 278
chair 0.0012 258 192 294 309
chair 0.0012 398 163 426 196
chair 0.0011 292 165 342 252
chair 0.0011 436 60 463 152
chair 0.0011 298 153 333 176
chair 0.0011 256 170 299 247
chair 0.0011 249 233 332 314
chair 0.0010 200 156 243 290
chair 0.0010 248 163 273 193
diningtable 0.0179 237 140 349 297
diningtable 0.0143 311 225 505 380
diningtable 0.0096 182 172 301 308
diningtable 0.0093 257 155 325 283
diningtable 0.0035 219 277 514 371
diningtable 0.0017 319 291 490 369
dog 0.0056 432 163 504 380
dog 0.0011 444 212 503 345
dog 0.0011 444 260 494 359
person 0.6314 177 126 263 306
person 0.3720 101 106 172 282
person 0.0835 181 115 262 203
person 0.0809 318 130 405 194
person 0.0708 320 125 383 231
person 0.0659 206 150 269 285
person 0.0400 330 116 372 185
person 0.0319 305 118 409 271
person 0.0310 159 116 202 157
person 0.0225 105 121 169 210
person 0.0197 200 118 272 241
person 0.0100 125 122 199 252
person 0.0094 185 112 216 163
person 0.0089 358 120 391 146
person 0.0066 427 120 512 318
person 0.0065 218 121 261 177
person 0.0056 205 116 244 187
person 0.0055 141 121 218 209
person 0.0050 227 133 253 163
person 0.0049 221 122 261 267
person 0.0038 186 135 214 166
person 0.0033 349 118 397 182
person 0.0031 318 126 363 206
person 0.0028 296 109 376 198
person 0.0026 141 128 190 173
person 0.0023 179 127 218 174
person 0.0021 150 133 180 165
person 0.0020 335 116 378 157
person 0.0017 102 118 153 183
person 0.0017 164 116 241 243
person 0.0015 0 66 23 175
person 0.0013 225 122 255 152
person 0.0012 165 132 196 166
person 0.0012 164 106 260 165
person 0.0012 187 137 219 251
person 0.0012 145 122 258 180
person 0.0011 156 143 204 245
pottedplant 0.3180 377 40 418 147
pottedplant 0.1963 242 71 320 174
pottedplant 0.0719 3 50 92 145
pottedplant 0.0411 4 52 101 267
pottedplant 0.0317 -9 21 107 183
pottedplant 0.0285 -12 135 70 353
pottedplant 0.0169 253 111 325 193
pottedplant 0.0166 81 72 124 118
pottedplant 0.0119 273 82 320 162
pottedplant 0.0116 -3 184 62 264
pottedplant 0.0110 17 212 71 259
pottedplant 0.0110 65 73 111 115
pottedplant 0.0099 375 96 419 147
pottedplant 0.0089 237 84 279 160
pottedplant 0.0080 365 118 422 159
pottedplant 0.0078 -1 154 27 264
pottedplant 0.0075 0 178 22 297
pottedplant 0.0072 380 107 411 135
pottedplant 0.0062 14 98 86 221
pottedplant 0.0059 0 208 58 335
pottedplant 0.0056 91 87 117 121
pottedplant 0.0052 -1 127 60 251
pottedplant 0.0051 269 127 323 174
pottedplant 0.0051 0 45 25 142
pottedplant 0.0048 381 74 409 114
pottedplant 0.0044 372 39 412 93
pottedplant 0.0043 356 114 392 136
pottedplant 0.0042 215 102 267 147
pottedplant 0.0042 212 81 284 179
pottedplant 0.0035 374 124 413 150
pottedplant 0.0033 280 135 315 162
pottedplant 0.0032 340 114 370 138
pottedplant 0.0030 1 29 94 102
pottedplant 0.0026 -8 72 58 187
pottedplant 0.0026 389 54 428 133
pottedplant 0.0026 1 197 90 253
pottedplant 0.0025 382 86 405 127
pottedplant 0.0024 41 64 92 123
pottedplant 0.0022 338 35 415 153
pottedplant 0.0018 244 133 270 165
pottedplant 0.0018 -11 24 61 120
pottedplant 0.0017 378 47 407 80
pottedplant 0.0017 237 120 273 180
pottedplant 0.0016 224 30 345 174
pottedplant 0.0016 52 60 137 142
pottedplant 0.0015 246 149 269 180
pottedplant 0.0015 193 97 282 154
pottedplant 0.0014 11 220 97 322
pottedplant 0.0014 222 108 260 138
pottedplant 0.0014 0 97 24 232
pottedplant 0.0013 357 48 400 140
pottedplant 0.0013 -4 181 113 363
pottedplant 0.0013 380 60 407 99
pottedplant 0.0013 -1 27 26 102
pottedplant 0.0013 202 62 296 142
pottedplant 0.0011 2 71 20 112
pottedplant 0.0011 238 82 348 236
pottedplant 0.0011 9 9 104 80
pottedplant 0.0010 27 221 65 254
pottedplant 0.0010 25 42 160 219
pottedplant 0.0010 72 90 102 122
pottedplant 0.0010 259 92 296 121
pottedplant 0.0010 359 85 427 160
pottedplant 0.0010 22 68 73 148
pottedplant 0.0010 59 49 112 109
pottedplant 0.0010 41 40 125 119
