bird 0.0010 284 243 319 312
diningtable 0.0011 61 108 514 347
motorbike 0.1245 23 114 322 343
motorbike 0.0192 130 98 291 315
motorbike 0.0017 50 143 218 315
person 0.5658 196 41 304 309
person 0.0339 120 54 377 297
person 0.0190 94 110 254 302
person 0.0116 213 65 300 174
person 0.0090 138 67 299 229
person 0.0057 236 51 318 242
person 0.0038 126 124 201 239
person 0.0019 237 59 313 145
person 0.0016 217 114 294 234
person 0.0014 162 153 258 253
person 0.0014 248 85 307 206
person 0.0012 20 99 171 308
person 0.0011 135 124 156 158
person 0.0011 124 108 222 190
sheep 0.0050 27 161 166 353
sheep 0.0013 294 75 438 277
