bottle 0.0112 400 116 424 158
bottle 0.0027 279 107 310 133
bottle 0.0026 286 94 308 128
bottle 0.0019 398 0 427 23
bottle 0.0013 322 118 349 150
chair 0.4133 -1 284 105 374
chair 0.2408 103 254 188 311
chair 0.1631 360 196 447 286
chair 0.1005 348 141 468 297
chair 0.0873 405 211 499 322
chair 0.0715 231 213 359 291
chair 0.0419 163 163 250 278
chair 0.0294 65 299 223 380
chair 0.0269 21 260 105 331
chair 0.0264 127 204 227 298
chair 0.0254 5 269 47 379
chair 0.0228 155 232 251 305
chair 0.0213 140 152 358 275
chair 0.0211 359 137 454 232
chair 0.0196 90 180 247 304
chair 0.0179 131 173 229 265
chair 0.0164 12 330 182 376
chair 0.0153 475 182 499 294
chair 0.0124 66 329 270 376
chair 0.0115 389 201 470 297
chair 0.0102 0 267 27 378
chair 0.0098 2 324 90 376
chair 0.0095 171 209 333 284
chair 0.0093 112 231 210 307
chair 0.0086 91 348 236 378
chair 0.0084 202 183 373 302
chair 0.0079 25 296 147 378
chair 0.0076 400 165 486 277
chair 0.0068 67 135 110 197
chair 0.0065 226 177 349 256
chair 0.0065 192 169 308 263
chair 0.0054 391 115 431 157
chair 0.0051 441 156 498 290
chair 0.0051 -21 281 217 373
chair 0.0050 371 120 423 158
chair 0.0049 79 265 204 331
chair 0.0040 229 269 364 323
chair 0.0038 425 131 520 303
chair 0.0034 -3 260 64 357
chair 0.0033 476 119 501 271
chair 0.0031 476 217 500 342
chair 0.0030 -9 199 127 354
chair 0.0029 400 255 499 359
chair 0.0028 75 207 194 288
chair 0.0028 59 270 112 323
chair 0.0028 336 208 419 292
chair 0.0026 348 128 401 169
chair 0.0026 446 226 497 307
chair 0.0025 235 153 341 225
chair 0.0025 163 242 335 305
chair 0.0023 36 260 148 339
chair 0.0022 365 227 456 309
chair 0.0020 79 174 189 265
chair 0.0020 40 278 93 369
chair 0.0020 125 274 197 310
chair 0.0019 264 239 388 310
chair 0.0018 330 197 488 346
chair 0.0018 434 148 468 239
chair 0.0018 231 145 419 282
chair 0.0018 15 248 178 315
chair 0.0017 96 258 155 307
chair 0.0016 138 267 187 297
chair 0.0016 317 177 416 259
chair 0.0015 280 212 392 290
chair 0.0015 357 133 391 162
chair 0.0015 -13 256 113 309
chair 0.0015 193 150 303 224
chair 0.0014 159 122 261 200
chair 0.0014 47 221 233 323
chair 0.0014 129 146 218 227
chair 0.0013 412 107 448 165
chair 0.0013 124 220 374 327
chair 0.0013 33 252 246 358
chair 0.0013 268 174 462 301
chair 0.0012 40 178 152 252
chair 0.0012 221 210 431 335
chair 0.0012 84 271 126 320
chair 0.0012 362 106 523 271
chair 0.0011 166 222 229 283
chair 0.0011 279 150 354 266
chair 0.0011 40 331 94 370
chair 0.0011 20 277 69 371
chair 0.0010 430 169 468 277
chair 0.0010 213 112 367 258
chair 0.0010 352 125 458 192
chair 0.0010 387 126 434 171
chair 0.0010 192 222 286 309
chair 0.0010 289 221 347 280
diningtable 0.1181 214 268 514 386
diningtable 0.0541 96 276 404 377
diningtable 0.0149 22 259 477 401
diningtable 0.0115 107 233 545 370
diningtable 0.0054 104 328 319 381
diningtable 0.0043 80 309 342 406
diningtable 0.0041 384 233 497 361
diningtable 0.0039 236 290 409 369
diningtable 0.0036 182 331 374 372
diningtable 0.0023 -2 171 197 319
diningtable 0.0020 234 276 355 336
diningtable 0.0019 268 328 462 378
diningtable 0.0013 155 302 421 412
diningtable 0.0013 115 293 306 371
diningtable 0.0012 344 290 467 371
person 0.0018 478 231 499 358
person 0.0010 0 210 25 321
pottedplant 0.0135 348 -1 398 41
pottedplant 0.0115 335 99 372 123
pottedplant 0.0083 365 -2 422 41
pottedplant 0.0053 323 107 349 138
pottedplant 0.0050 399 3 425 33
pottedplant 0.0038 328 90 379 131
pottedplant 0.0038 257 110 300 133
pottedplant 0.0035 336 107 370 134
pottedplant 0.0026 323 96 350 125
pottedplant 0.0025 258 122 298 146
pottedplant 0.0024 126 125 161 146
pottedplant 0.0023 376 0 411 23
pottedplant 0.0022 303 109 334 133
pottedplant 0.0022 397 134 427 161
pottedplant 0.0017 391 -3 429 40
pottedplant 0.0016 275 125 319 146
pottedplant 0.0014 304 97 332 125
pottedplant 0.0014 380 134 412 160
pottedplant 0.0014 250 115 305 153
pottedplant 0.0013 248 105 311 138
pottedplant 0.0012 357 98 389 120
pottedplant 0.0012 332 -9 419 51
pottedplant 0.0012 354 0 394 22
pottedplant 0.0011 147 122 177 146
tvmonitor 0.0761 97 70 160 114
tvmonitor 0.0155 334 116 377 156
tvmonitor 0.0122 60 102 109 146
tvmonitor 0.0072 358 121 388 154
tvmonitor 0.0045 -1 186 58 226
tvmonitor 0.0037 104 78 148 106
tvmonitor 0.0018 439 45 514 155
tvmonitor 0.0010 118 80 164 105
