bicycle 0.0012 -1 163 501 382
bird 0.0045 24 16 398 302
bird 0.0012 180 54 549 376
dog 0.0806 26 48 396 384
horse 0.0163 19 65 327 366
person 0.1715 36 60 461 371
person 0.0060 0 16 270 358
person 0.0026 4 0 43 71
pottedplant 0.0395 -6 298 63 379
pottedplant 0.0348 379 -10 505 159
pottedplant 0.0234 401 23 497 120
pottedplant 0.0189 63 18 512 356
pottedplant 0.0089 0 325 54 375
pottedplant 0.0051 388 0 496 85
pottedplant 0.0029 173 269 404 381
pottedplant 0.0028 268 -8 461 153
pottedplant 0.0027 218 296 356 370
pottedplant 0.0018 324 0 484 199
pottedplant 0.0018 437 1 523 85
pottedplant 0.0015 6 325 46 351
pottedplant 0.0013 0 300 25 375
pottedplant 0.0013 414 10 530 191
pottedplant 0.0013 435 46 508 151
pottedplant 0.0012 312 300 420 370
pottedplant 0.0012 91 204 484 399
pottedplant 0.0010 396 78 485 180
pottedplant 0.0010 255 -37 550 297
pottedplant 0.0010 233 328 346 390
pottedplant 0.0010 270 31 383 110
pottedplant 0.0010 33 -14 389 274
