chair 0.5877 310 187 417 342
chair 0.5632 243 202 340 334
chair 0.1432 337 184 408 289
chair 0.0325 296 189 381 310
chair 0.0283 53 180 121 271
chair 0.0253 404 249 493 339
chair 0.0233 346 168 449 326
chair 0.0233 374 176 437 265
chair 0.0162 223 212 301 331
chair 0.0155 218 198 291 290
chair 0.0099 246 251 317 347
chair 0.0084 192 173 319 322
chair 0.0073 240 177 311 298
chair 0.0072 389 185 488 350
chair 0.0063 158 253 265 332
chair 0.0062 324 232 422 314
chair 0.0057 474 222 500 329
chair 0.0054 401 196 480 289
chair 0.0047 -13 137 65 339
chair 0.0042 173 229 331 343
chair 0.0037 306 178 360 215
chair 0.0036 253 213 303 311
chair 0.0034 287 159 423 290
chair 0.0034 -3 217 54 319
chair 0.0029 355 195 428 304
chair 0.0028 450 250 493 326
chair 0.0024 302 174 374 250
chair 0.0024 371 239 457 338
chair 0.0023 117 204 304 333
chair 0.0023 371 184 416 240
chair 0.0022 232 171 277 278
chair 0.0021 299 186 335 206
chair 0.0021 347 194 403 255
chair 0.0021 276 190 357 285
chair 0.0021 229 227 419 350
chair 0.0020 386 168 432 229
chair 0.0018 439 197 507 296
chair 0.0018 330 209 381 292
chair 0.0017 -1 185 61 288
chair 0.0014 238 180 276 242
chair 0.0013 21 196 97 284
chair 0.0013 431 159 518 330
chair 0.0013 0 70 52 123
chair 0.0012 314 183 354 208
chair 0.0011 118 260 230 327
chair 0.0011 423 265 483 311
chair 0.0011 293 199 340 302
chair 0.0010 455 208 497 316
chair 0.0010 1 131 104 307
chair 0.0010 481 243 499 280
chair 0.0010 354 175 401 224
diningtable 0.4079 247 204 410 329
diningtable 0.0032 171 188 481 346
tvmonitor 0.3930 292 93 382 186
tvmonitor 0.0568 -13 100 64 282
tvmonitor 0.0452 -6 85 54 199
tvmonitor 0.0282 188 90 254 203
tvmonitor 0.0220 0 116 48 177
tvmonitor 0.0065 0 122 51 225
tvmonitor 0.0032 471 91 501 151
tvmonitor 0.0025 -1 79 49 137
tvmonitor 0.0021 304 123 367 195
tvmonitor 0.0020 -20 42 79 193
tvmonitor 0.0020 293 68 428 213
tvmonitor 0.0019 -1 158 30 237
tvmonitor 0.0017 161 73 272 209
tvmonitor 0.0013 2 170 51 247
tvmonitor 0.0012 474 160 500 286
