car 0.1987 47 13 375 361
car 0.1548 87 28 329 164
car 0.0043 116 55 301 135
car 0.0038 69 61 275 255
car 0.0019 109 -1 311 106
car 0.0013 108 173 314 374
chair 0.0034 473 -7 500 75
motorbike 0.2190 19 55 403 377
motorbike 0.0028 101 141 322 349
person 0.0015 124 0 164 15
person 0.0014 136 0 189 15
person 0.0013 114 -5 232 40
person 0.0012 372 39 507 221
person 0.0012 432 0 507 85
person 0.0011 88 39 487 334
pottedplant 0.0230 392 9 504 73
pottedplant 0.0181 383 112 482 218
pottedplant 0.0146 383 6 440 62
pottedplant 0.0062 427 0 478 71
pottedplant 0.0059 355 6 451 81
pottedplant 0.0030 420 3 483 43
pottedplant 0.0029 351 -8 456 49
pottedplant 0.0024 386 -5 496 46
pottedplant 0.0021 406 1 454 46
pottedplant 0.0021 449 2 497 69
pottedplant 0.0019 478 1 499 38
pottedplant 0.0017 360 -9 521 106
pottedplant 0.0016 474 -8 499 53
pottedplant 0.0014 371 4 418 66
pottedplant 0.0013 439 -2 498 131
