bird 0.2093 155 185 422 368
bird 0.1499 96 123 395 253
bird 0.0481 141 111 353 318
bird 0.0335 69 84 506 349
bird 0.0035 141 146 285 230
bird 0.0018 240 211 484 337
bird 0.0016 235 229 417 314
bird 0.0016 311 143 369 189
cow 0.1907 197 27 250 68
cow 0.0442 101 29 154 66
cow 0.0420 104 30 224 66
cow 0.0275 383 -9 508 151
cow 0.0203 400 19 496 122
cow 0.0101 191 16 306 73
cow 0.0100 149 24 270 73
cow 0.0082 231 8 346 68
cow 0.0052 228 8 427 138
cow 0.0036 243 4 356 37
cow 0.0034 257 5 304 40
cow 0.0020 183 26 225 67
cow 0.0018 112 35 230 95
cow 0.0017 385 15 482 88
cow 0.0012 305 7 426 77
cow 0.0011 352 1 452 81
cow 0.0010 225 31 297 65
dog 0.2142 101 106 398 383
dog 0.0020 99 112 260 266
dog 0.0016 29 70 318 361
person 0.0046 69 79 505 296
person 0.0019 230 -4 342 44
person 0.0015 0 15 21 87
person 0.0013 344 -2 463 41
person 0.0010 0 30 18 72
sheep 0.0249 189 23 254 56
sheep 0.0215 203 30 240 66
sheep 0.0144 107 33 146 65
sheep 0.0143 398 26 505 103
sheep 0.0137 263 9 297 36
sheep 0.0072 388 0 504 202
sheep 0.0071 216 26 256 51
sheep 0.0063 401 55 502 131
sheep 0.0037 197 85 241 101
sheep 0.0028 96 90 324 240
sheep 0.0026 188 31 218 61
sheep 0.0022 255 12 395 73
sheep 0.0021 258 5 334 36
sheep 0.0021 146 32 221 65
sheep 0.0020 268 26 385 113
sheep 0.0017 106 26 147 50
sheep 0.0017 256 21 297 45
sheep 0.0016 185 26 222 50
sheep 0.0015 401 55 467 104
sheep 0.0015 116 35 167 62
sheep 0.0014 119 123 170 178
sheep 0.0012 88 15 238 60
sheep 0.0011 85 120 183 196
sheep 0.0011 156 36 209 59
sheep 0.0011 349 23 460 113
sheep 0.0011 129 39 194 61
sheep 0.0010 242 10 409 193
