chair 0.0015 349 136 401 193
chair 0.0013 8 293 109 367
chair 0.0011 304 107 419 328
diningtable 0.0010 -28 218 374 384
dog 0.0028 20 187 479 357
dog 0.0011 40 236 301 373
person 0.7235 60 37 438 395
person 0.0083 147 79 354 353
person 0.0075 106 170 469 375
person 0.0061 -21 22 291 351
person 0.0040 -4 8 426 252
person 0.0030 321 245 396 360
person 0.0021 182 24 390 292
person 0.0021 244 227 411 371
person 0.0014 305 136 417 357
person 0.0012 79 83 268 294
pottedplant 0.0073 0 78 47 170
pottedplant 0.0018 -10 45 56 158
pottedplant 0.0014 10 123 41 152
pottedplant 0.0010 0 117 20 155
sofa 0.0040 -35 166 458 378
tvmonitor 0.0046 0 125 52 178
tvmonitor 0.0023 0 130 20 169
tvmonitor 0.0014 23 127 61 178
