car 0.0103 0 -2 84 53
car 0.0014 30 -2 70 20
car 0.0014 1 6 68 90
chair 0.0099 291 231 373 501
chair 0.0079 328 212 376 363
chair 0.0024 301 290 367 440
chair 0.0020 325 222 387 506
chair 0.0015 24 442 162 496
chair 0.0015 332 279 380 451
diningtable 0.0020 52 363 264 522
diningtable 0.0016 -19 285 336 519
person 0.7014 42 124 332 528
person 0.0317 -14 109 217 468
person 0.0105 100 157 274 492
person 0.0042 87 82 230 257
person 0.0029 0 3 17 48
person 0.0024 30 142 173 432
person 0.0018 -2 -2 19 30
person 0.0018 121 67 367 433
person 0.0016 15 41 302 383
person 0.0014 1 22 16 71
person 0.0013 321 60 385 366
person 0.0011 0 0 42 24
person 0.0010 110 116 205 230
tvmonitor 0.0035 329 465 378 512
tvmonitor 0.0023 324 35 397 315
tvmonitor 0.0019 333 474 374 502
tvmonitor 0.0017 291 460 383 516
tvmonitor 0.0010 357 75 375 252
