cat 0.0078 20 125 401 420
cat 0.0034 62 169 282 376
chair 0.0166 379 139 495 355
chair 0.0110 0 242 58 372
chair 0.0096 -1 242 29 375
chair 0.0040 347 94 403 145
chair 0.0028 15 242 94 370
chair 0.0028 -1 247 31 311
chair 0.0019 31 229 240 374
chair 0.0013 407 215 482 334
person 0.8706 36 -2 463 378
person 0.0583 390 36 491 337
person 0.0225 432 39 506 277
person 0.0167 12 150 332 395
person 0.0133 167 80 483 352
person 0.0088 64 -21 358 282
person 0.0060 75 37 271 336
person 0.0058 472 167 500 336
person 0.0041 276 5 528 369
person 0.0041 329 81 476 355
person 0.0032 136 101 364 330
person 0.0030 103 49 135 108
person 0.0015 111 51 136 82
person 0.0014 438 47 503 158
person 0.0014 434 117 509 373
person 0.0010 51 145 217 345
tvmonitor 0.5348 62 181 112 239
tvmonitor 0.0861 27 170 111 250
tvmonitor 0.0222 45 177 96 242
tvmonitor 0.0078 69 189 102 228
tvmonitor 0.0075 -11 146 126 290
tvmonitor 0.0067 -8 162 62 274
tvmonitor 0.0064 33 132 153 302
tvmonitor 0.0032 1 183 48 266
tvmonitor 0.0010 27 189 67 260
