bottle 0.0018 101 20 154 76
chair 0.0090 6 9 107 76
chair 0.0046 187 18 255 54
chair 0.0024 335 17 473 65
chair 0.0022 195 2 305 86
chair 0.0020 138 13 192 56
chair 0.0016 196 -18 301 49
chair 0.0012 159 10 260 81
chair 0.0011 180 15 301 57
chair 0.0010 -8 -7 126 152
chair 0.0010 8 22 108 119
motorbike 0.8763 16 54 237 202
motorbike 0.0080 127 78 213 178
motorbike 0.0033 38 80 161 182
person 0.7190 43 26 206 182
person 0.0102 49 47 157 149
person 0.0060 70 21 146 109
person 0.0041 72 15 178 82
person 0.0018 96 28 192 130
person 0.0016 442 17 500 56
person 0.0015 118 12 227 79
person 0.0015 34 5 153 80
person 0.0013 82 22 134 78
person 0.0011 6 -4 190 110
person 0.0010 452 24 491 50
tvmonitor 0.0023 -1 8 133 59
tvmonitor 0.0016 62 13 110 56
