bottle 0.0026 417 57 441 85
bottle 0.0011 140 93 179 181
car 0.9070 107 179 223 248
car 0.0240 129 188 201 240
car 0.0091 96 172 195 230
car 0.0063 129 166 162 186
car 0.0047 145 168 183 187
car 0.0039 109 185 137 212
car 0.0039 70 163 210 281
car 0.0020 444 256 497 275
car 0.0017 439 248 502 282
car 0.0015 55 183 196 245
car 0.0014 140 191 187 211
car 0.0013 181 189 224 240
car 0.0010 135 172 196 208
car 0.0010 139 203 187 224
person 0.8327 361 146 388 257
person 0.8067 379 144 411 259
person 0.7805 228 167 253 233
person 0.7500 300 168 330 238
person 0.7247 321 157 351 244
person 0.6948 2 145 124 342
person 0.5865 474 158 499 270
person 0.5853 393 146 426 258
person 0.5852 450 153 491 255
person 0.5369 265 166 290 233
person 0.4553 209 170 234 230
person 0.4480 244 168 271 233
person 0.3990 438 156 473 273
person 0.2800 92 176 114 204
person 0.2193 286 163 312 242
person 0.2032 191 174 217 201
person 0.1652 337 163 367 241
person 0.1300 77 177 100 203
person 0.0852 289 152 349 237
person 0.0776 378 59 405 89
person 0.0656 380 193 417 257
person 0.0643 343 155 404 243
person 0.0443 187 168 221 212
person 0.0415 362 61 394 109
person 0.0379 336 71 370 122
person 0.0374 372 57 406 111
person 0.0300 108 179 135 202
person 0.0277 269 165 286 213
person 0.0217 462 157 482 192
person 0.0200 437 164 463 217
person 0.0192 364 177 383 226
person 0.0189 363 61 392 87
person 0.0188 367 172 427 261
person 0.0181 398 60 426 82
person 0.0172 305 178 326 225
person 0.0164 457 152 489 203
person 0.0154 461 147 513 260
person 0.0149 207 168 274 234
person 0.0146 86 170 119 208
person 0.0145 193 163 214 194
person 0.0144 376 150 405 204
person 0.0136 247 158 267 194
person 0.0128 415 158 447 246
person 0.0113 366 157 387 193
person 0.0110 268 158 288 192
person 0.0104 381 156 402 192
person 0.0103 440 160 461 195
person 0.0101 267 152 329 240
person 0.0093 478 207 499 273
person 0.0092 474 149 499 205
person 0.0090 229 161 250 192
person 0.0087 325 177 347 226
person 0.0084 479 191 499 238
person 0.0076 327 64 358 131
person 0.0055 342 181 364 223
person 0.0051 246 165 310 234
person 0.0051 328 167 350 211
person 0.0045 243 150 271 205
person 0.0044 130 176 157 199
person 0.0044 71 171 108 206
person 0.0043 263 153 293 202
person 0.0041 207 162 227 195
person 0.0040 250 163 267 215
person 0.0040 -9 114 70 334
person 0.0040 355 136 444 263
person 0.0038 383 177 405 226
person 0.0037 347 168 365 209
person 0.0034 323 194 346 234
person 0.0033 422 163 444 193
person 0.0033 401 178 423 223
person 0.0033 423 170 441 205
person 0.0032 190 183 214 215
person 0.0032 287 179 307 225
person 0.0031 366 152 390 178
person 0.0031 341 198 368 230
person 0.0030 360 78 388 115
person 0.0030 288 161 311 190
person 0.0029 457 181 484 222
person 0.0029 285 194 307 237
person 0.0029 268 194 289 236
person 0.0027 220 153 258 202
person 0.0026 168 174 200 199
person 0.0026 399 181 484 261
person 0.0026 290 170 309 208
person 0.0025 200 147 234 209
person 0.0025 90 186 120 210
person 0.0024 344 162 366 190
person 0.0024 229 198 252 229
person 0.0024 401 158 422 192
person 0.0023 92 165 114 194
person 0.0020 285 182 365 257
person 0.0019 438 183 500 269
person 0.0019 382 194 406 237
person 0.0018 284 145 316 209
person 0.0017 388 54 437 91
person 0.0017 395 148 426 206
person 0.0016 228 149 289 232
person 0.0016 459 155 485 177
person 0.0016 449 210 488 268
person 0.0016 246 199 273 230
person 0.0016 167 165 198 188
person 0.0016 305 161 327 193
person 0.0015 478 240 501 271
person 0.0015 406 156 481 238
person 0.0014 298 146 331 210
person 0.0014 455 194 485 235
person 0.0013 -37 144 230 350
person 0.0013 327 160 350 191
person 0.0013 384 165 405 207
person 0.0012 286 151 312 178
person 0.0012 320 147 356 208
person 0.0012 420 183 442 217
person 0.0011 0 183 23 324
person 0.0010 457 170 481 204
person 0.0010 266 152 288 178
person 0.0010 364 191 394 258
person 0.0010 13 189 101 308
person 0.0010 77 165 99 194
pottedplant 0.0064 418 134 455 193
pottedplant 0.0030 244 88 284 186
pottedplant 0.0024 425 126 469 175
pottedplant 0.0023 437 126 464 150
pottedplant 0.0014 416 156 452 201
pottedplant 0.0014 104 85 142 190
pottedplant 0.0012 239 92 316 208
