boat 0.0025 -6 37 117 222
boat 0.0010 26 109 97 215
bottle 0.0091 -1 247 18 372
car 0.9157 79 191 350 312
car 0.9127 364 177 510 303
car 0.0928 321 161 388 274
car 0.0273 350 176 390 298
car 0.0216 24 172 101 244
car 0.0215 36 141 89 187
car 0.0155 35 187 145 244
car 0.0139 124 220 304 315
car 0.0117 88 196 134 245
car 0.0067 161 210 333 279
car 0.0066 277 158 607 331
car 0.0064 237 201 325 283
car 0.0064 384 191 407 221
car 0.0060 299 199 375 277
car 0.0059 84 202 185 285
car 0.0056 309 214 353 288
car 0.0040 384 219 499 313
car 0.0038 362 167 451 275
car 0.0037 47 189 94 252
car 0.0036 296 224 342 277
car 0.0034 105 197 137 222
car 0.0030 338 219 376 285
car 0.0029 116 196 229 298
car 0.0029 92 189 126 283
car 0.0026 191 191 308 246
car 0.0024 55 184 221 315
car 0.0024 319 250 349 280
car 0.0018 305 251 334 280
car 0.0018 9 150 337 339
car 0.0017 274 210 358 291
car 0.0016 308 170 423 310
car 0.0014 241 211 276 234
car 0.0014 98 188 141 232
car 0.0014 403 195 458 284
car 0.0013 63 196 109 247
car 0.0013 106 204 138 236
car 0.0013 234 212 284 260
car 0.0012 302 237 336 265
car 0.0012 159 146 333 295
car 0.0012 94 192 123 226
car 0.0011 302 237 339 292
car 0.0010 13 150 164 288
chair 0.0058 34 148 103 242
chair 0.0014 -1 -3 20 107
chair 0.0013 0 225 19 336
chair 0.0011 44 167 90 188
chair 0.0010 0 31 19 154
person 0.8967 257 140 302 248
person 0.7179 313 144 352 273
person 0.4098 353 144 387 302
person 0.0613 287 133 349 252
person 0.0228 245 120 323 256
person 0.0217 362 148 389 215
person 0.0186 399 191 424 220
person 0.0160 314 128 346 206
person 0.0126 325 135 385 286
person 0.0116 305 136 339 198
person 0.0113 263 174 295 216
person 0.0090 364 157 386 198
person 0.0088 250 126 308 211
person 0.0087 341 161 375 282
person 0.0079 219 135 295 241
person 0.0063 436 193 465 220
person 0.0057 0 101 20 230
person 0.0056 303 162 339 282
person 0.0041 321 139 344 165
person 0.0039 275 133 310 254
person 0.0036 166 197 196 222
person 0.0034 263 158 295 202
person 0.0029 305 128 365 231
person 0.0026 378 171 413 245
person 0.0023 -2 0 19 74
person 0.0022 242 154 283 232
person 0.0021 184 197 219 222
person 0.0018 205 197 243 222
person 0.0018 320 185 347 231
person 0.0016 264 116 298 188
person 0.0016 243 194 273 223
person 0.0015 198 202 250 244
person 0.0014 308 145 331 187
person 0.0014 416 194 449 220
person 0.0014 320 172 348 214
person 0.0013 0 141 24 276
person 0.0013 223 208 258 236
person 0.0013 391 177 433 217
person 0.0011 427 188 473 226
person 0.0011 189 116 315 263
person 0.0010 375 146 405 215
person 0.0010 359 141 389 165
person 0.0010 0 13 18 58
