bottle 0.0570 436 152 465 207
bottle 0.0165 395 121 426 209
bottle 0.0138 418 154 450 206
bottle 0.0092 436 173 471 244
bottle 0.0092 478 204 499 299
bottle 0.0086 442 172 462 217
bottle 0.0074 481 227 498 273
bottle 0.0045 453 143 482 246
bottle 0.0045 453 195 486 252
bottle 0.0034 218 66 254 179
bottle 0.0032 408 167 454 218
bottle 0.0031 282 206 308 240
bottle 0.0030 264 207 294 236
bottle 0.0030 462 217 481 258
bottle 0.0026 307 210 355 261
bottle 0.0019 409 159 489 258
bottle 0.0017 418 177 446 210
bottle 0.0016 402 146 422 188
bottle 0.0016 447 148 491 211
bottle 0.0015 248 211 300 261
bottle 0.0012 380 107 444 222
bottle 0.0012 441 189 464 229
bottle 0.0011 481 243 498 288
car 0.0040 251 -2 306 44
car 0.0017 234 -8 342 41
chair 0.0300 413 245 494 363
chair 0.0205 476 233 500 357
chair 0.0119 112 225 387 365
chair 0.0074 437 270 500 373
chair 0.0054 384 188 496 357
chair 0.0053 -7 110 63 376
chair 0.0052 235 233 492 361
chair 0.0043 386 293 498 365
chair 0.0034 439 215 500 345
chair 0.0020 0 232 30 329
chair 0.0016 0 166 24 276
chair 0.0012 473 301 500 373
chair 0.0011 0 163 129 374
chair 0.0010 336 262 472 346
chair 0.0010 1 212 28 290
diningtable 0.0126 398 244 503 347
diningtable 0.0014 428 230 522 367
person 0.8346 260 135 454 357
person 0.6735 16 126 406 363
person 0.3947 40 105 231 383
person 0.2523 53 81 205 251
person 0.1341 170 114 328 372
person 0.0920 204 129 296 249
person 0.0625 296 128 419 258
person 0.0389 288 128 365 196
person 0.0300 -9 65 64 306
person 0.0213 260 129 305 174
person 0.0130 203 118 368 312
person 0.0086 0 50 23 222
person 0.0069 390 131 495 357
person 0.0055 0 114 25 273
person 0.0051 115 127 309 304
person 0.0049 289 196 505 346
person 0.0045 477 203 499 329
person 0.0040 294 127 349 173
person 0.0034 232 124 284 175
person 0.0032 215 123 267 175
person 0.0031 14 179 183 361
person 0.0029 315 125 489 307
person 0.0027 -4 72 274 302
person 0.0025 95 218 330 376
person 0.0025 4 65 111 261
person 0.0024 -3 114 54 262
person 0.0024 268 133 370 224
person 0.0024 108 209 238 284
person 0.0023 77 103 185 216
person 0.0022 6 38 187 226
person 0.0021 276 0 314 19
person 0.0018 280 132 307 172
person 0.0018 157 204 265 286
person 0.0017 194 116 288 185
person 0.0017 286 332 445 376
person 0.0016 309 127 419 190
person 0.0014 167 120 254 199
person 0.0014 281 151 309 178
person 0.0013 -22 -11 63 213
person 0.0012 348 146 453 225
person 0.0011 258 1 299 20
person 0.0011 -3 -6 128 207
person 0.0010 235 22 275 165
person 0.0010 2 147 121 343
pottedplant 0.0015 1 247 23 282
pottedplant 0.0013 0 235 29 297
sofa 0.0403 6 207 492 393
tvmonitor 0.0012 350 123 456 187
