aeroplane 0.0058 194 -2 311 36
bottle 0.3330 414 226 446 333
bottle 0.3329 322 242 353 322
bottle 0.2779 399 227 431 335
bottle 0.1090 401 217 430 288
bottle 0.1001 417 216 443 291
bottle 0.0414 119 12 164 57
bottle 0.0229 304 231 330 301
bottle 0.0208 148 15 171 55
bottle 0.0208 285 230 316 302
bottle 0.0176 395 222 464 337
bottle 0.0164 403 229 424 276
bottle 0.0152 422 256 442 305
bottle 0.0141 206 192 235 252
bottle 0.0134 403 207 429 240
bottle 0.0119 364 245 394 345
bottle 0.0112 423 229 442 276
bottle 0.0111 403 217 423 257
bottle 0.0103 211 191 231 226
bottle 0.0092 333 253 367 336
bottle 0.0090 116 17 139 53
bottle 0.0085 288 233 308 271
bottle 0.0083 326 245 346 288
bottle 0.0083 308 244 327 290
bottle 0.0080 211 202 231 244
bottle 0.0079 403 256 423 306
bottle 0.0062 383 207 404 239
bottle 0.0062 433 225 465 306
bottle 0.0062 300 239 370 326
bottle 0.0060 324 235 348 267
bottle 0.0060 384 219 404 255
bottle 0.0056 112 11 146 61
bottle 0.0040 398 201 439 246
bottle 0.0036 289 245 310 287
bottle 0.0032 304 235 331 267
bottle 0.0030 284 221 307 253
bottle 0.0028 211 217 234 257
bottle 0.0027 87 19 120 48
bottle 0.0024 457 227 493 332
bottle 0.0024 100 2 190 68
bottle 0.0024 379 217 409 284
bottle 0.0024 225 192 249 227
bottle 0.0023 184 191 219 253
bottle 0.0021 80 167 124 219
bottle 0.0020 92 190 113 227
bottle 0.0020 79 14 127 58
bottle 0.0019 385 216 474 291
bottle 0.0018 298 226 335 274
bottle 0.0018 334 237 370 295
bottle 0.0018 263 236 297 295
bottle 0.0018 421 276 444 317
bottle 0.0017 478 258 498 301
bottle 0.0017 306 260 328 301
bottle 0.0016 373 236 412 325
bottle 0.0016 236 238 280 292
bottle 0.0016 266 219 288 254
bottle 0.0016 472 300 500 374
bottle 0.0016 191 204 212 241
bottle 0.0016 318 224 352 276
bottle 0.0016 93 209 118 238
bottle 0.0015 433 265 468 324
bottle 0.0015 305 221 328 254
bottle 0.0014 341 248 365 283
bottle 0.0014 306 258 335 331
bottle 0.0014 440 261 461 299
bottle 0.0014 183 179 216 209
bottle 0.0014 244 224 350 309
bottle 0.0013 477 319 498 356
bottle 0.0013 268 234 290 269
bottle 0.0013 324 268 348 321
bottle 0.0013 439 275 462 315
bottle 0.0013 223 192 257 252
bottle 0.0012 440 248 460 286
bottle 0.0012 354 233 395 299
bottle 0.0012 257 207 294 267
bottle 0.0011 383 232 405 271
bottle 0.0011 341 238 369 268
bottle 0.0011 418 220 441 255
bottle 0.0011 478 248 499 369
bottle 0.0011 90 177 116 213
bottle 0.0010 396 287 437 358
bottle 0.0010 248 219 272 254
bottle 0.0010 362 235 388 267
chair 0.0179 13 225 118 374
chair 0.0161 2 241 62 378
chair 0.0121 1 279 102 376
chair 0.0028 238 149 311 264
chair 0.0026 0 262 26 384
chair 0.0018 444 241 504 363
chair 0.0016 19 283 73 365
chair 0.0016 312 184 358 233
chair 0.0012 -4 136 97 226
chair 0.0012 0 143 23 274
chair 0.0011 186 297 312 370
chair 0.0010 2 304 52 371
chair 0.0010 -1 208 21 352
chair 0.0010 31 294 160 370
chair 0.0010 30 32 103 154
diningtable 0.1591 49 193 450 353
diningtable 0.0746 224 230 505 372
diningtable 0.0302 126 238 526 423
diningtable 0.0108 376 220 508 382
diningtable 0.0072 399 292 496 371
diningtable 0.0065 167 263 409 393
diningtable 0.0051 155 165 344 329
diningtable 0.0043 281 204 449 348
diningtable 0.0036 260 261 394 345
diningtable 0.0029 182 208 318 276
diningtable 0.0026 314 233 412 318
diningtable 0.0019 144 210 277 284
diningtable 0.0016 344 253 457 353
diningtable 0.0016 221 233 356 314
diningtable 0.0015 317 206 407 277
diningtable 0.0014 367 227 456 324
diningtable 0.0014 221 258 346 346
diningtable 0.0012 357 292 463 366
diningtable 0.0011 225 290 352 373
diningtable 0.0011 261 293 393 368
diningtable 0.0010 227 213 347 281
person 0.9257 327 136 405 252
person 0.8822 219 132 306 230
person 0.7133 85 89 165 173
person 0.6860 5 163 177 379
person 0.4343 89 134 190 240
person 0.3027 3 173 343 372
person 0.3023 84 113 188 194
person 0.1900 449 180 500 315
person 0.1195 212 141 267 218
person 0.1168 360 89 397 180
person 0.1025 467 166 500 279
person 0.0400 248 156 306 231
person 0.0313 358 127 426 250
person 0.0237 109 153 231 226
person 0.0216 470 200 499 330
person 0.0198 477 133 500 252
person 0.0178 62 136 207 291
person 0.0127 322 95 415 225
person 0.0117 73 157 271 329
person 0.0104 208 169 310 245
person 0.0095 457 190 519 285
person 0.0080 349 167 403 247
person 0.0076 342 112 456 258
person 0.0075 323 176 387 241
person 0.0068 439 62 463 92
person 0.0064 420 106 443 136
person 0.0063 459 60 483 92
person 0.0057 113 105 166 166
person 0.0057 114 146 177 214
person 0.0056 367 89 408 156
person 0.0052 284 147 375 235
person 0.0049 1 150 100 234
person 0.0048 368 103 409 199
person 0.0047 476 63 498 93
person 0.0046 -7 141 126 301
person 0.0045 422 62 447 90
person 0.0044 442 147 498 270
person 0.0044 420 93 442 128
person 0.0041 357 130 400 201
person 0.0037 227 0 292 19
person 0.0036 178 152 325 272
person 0.0035 198 133 286 203
person 0.0034 96 103 150 193
person 0.0033 398 167 483 255
person 0.0030 407 90 424 124
person 0.0030 363 92 391 122
person 0.0028 -20 166 72 380
person 0.0028 481 158 500 203
person 0.0025 320 184 422 258
person 0.0025 475 214 499 259
person 0.0024 259 -1 296 20
person 0.0024 435 84 520 292
person 0.0023 -1 162 20 312
person 0.0023 370 175 409 240
person 0.0021 -95 150 213 396
person 0.0020 321 83 346 110
person 0.0020 144 141 188 216
person 0.0020 255 113 406 266
person 0.0020 10 126 180 257
person 0.0019 242 132 321 198
person 0.0018 27 147 160 229
person 0.0018 152 148 179 180
person 0.0017 105 207 237 282
person 0.0017 99 80 155 139
person 0.0016 301 161 423 324
person 0.0016 455 54 486 83
person 0.0016 48 123 143 196
person 0.0016 152 128 211 177
person 0.0016 150 140 180 164
person 0.0016 374 125 411 235
person 0.0015 337 181 372 208
person 0.0015 403 107 427 137
person 0.0014 157 179 266 246
person 0.0013 89 97 130 175
person 0.0013 231 140 286 193
person 0.0012 -36 113 305 319
person 0.0012 432 210 519 389
person 0.0012 376 152 446 263
person 0.0012 454 226 520 331
person 0.0011 396 214 488 282
person 0.0011 116 133 209 203
person 0.0011 197 149 245 210
person 0.0011 417 56 447 80
person 0.0011 275 158 312 229
person 0.0010 412 83 449 136
person 0.0010 240 152 348 237
pottedplant 0.0049 17 7 106 75
pottedplant 0.0034 21 23 76 77
pottedplant 0.0027 69 11 111 59
pottedplant 0.0016 110 79 139 107
pottedplant 0.0015 93 77 119 107
pottedplant 0.0014 44 2 147 77
pottedplant 0.0014 111 63 137 94
pottedplant 0.0014 75 17 101 51
pottedplant 0.0013 103 52 144 106
pottedplant 0.0011 36 15 96 55
pottedplant 0.0010 88 66 126 121
tvmonitor 0.0010 386 139 441 190
