bus 0.0024 330 2 375 46
bus 0.0013 318 -1 360 49
car 0.8515 5 36 493 338
car 0.3084 378 19 488 84
car 0.2729 55 18 159 50
car 0.2131 35 12 155 67
car 0.1317 71 25 137 44
car 0.1299 7 20 107 112
car 0.1079 372 62 497 256
car 0.0764 139 27 187 46
car 0.0544 401 113 500 189
car 0.0528 160 28 200 48
car 0.0498 200 15 527 302
car 0.0365 295 28 335 46
car 0.0346 398 24 464 77
car 0.0216 60 14 113 35
car 0.0215 2 13 124 178
car 0.0210 119 25 171 45
car 0.0209 90 25 163 43
car 0.0204 337 25 369 48
car 0.0198 49 23 87 44
car 0.0185 58 22 190 79
car 0.0176 318 27 354 49
car 0.0174 16 1 176 40
car 0.0159 302 39 501 222
car 0.0155 391 26 435 45
car 0.0152 406 27 455 44
car 0.0150 351 4 520 140
car 0.0146 30 34 157 103
car 0.0141 302 24 428 67
car 0.0128 474 22 500 81
car 0.0126 372 27 415 45
car 0.0114 359 26 394 48
car 0.0109 160 86 417 287
car 0.0106 -8 11 141 90
car 0.0101 48 14 89 37
car 0.0089 431 23 506 81
car 0.0088 -39 85 310 347
car 0.0084 393 60 495 144
car 0.0081 66 8 138 40
car 0.0080 415 103 455 141
car 0.0078 29 12 65 36
car 0.0071 428 28 474 44
car 0.0060 9 -8 184 102
car 0.0056 87 121 337 308
car 0.0055 179 27 222 44
car 0.0054 278 27 316 46
car 0.0042 -13 13 111 56
car 0.0042 23 25 72 44
car 0.0042 442 120 502 181
car 0.0040 84 18 199 53
car 0.0039 434 107 503 224
car 0.0033 112 28 174 68
car 0.0032 -4 -2 67 131
car 0.0027 140 36 186 57
car 0.0026 383 30 443 71
car 0.0025 307 41 425 94
car 0.0025 315 37 357 57
car 0.0024 347 37 463 97
car 0.0024 424 37 483 88
car 0.0023 269 20 383 74
car 0.0023 3 12 56 55
car 0.0023 1 -3 113 46
car 0.0023 77 27 133 70
car 0.0023 409 34 452 62
car 0.0022 393 133 492 238
car 0.0021 254 100 473 273
car 0.0020 13 30 86 156
car 0.0020 476 63 501 93
car 0.0020 328 16 375 53
car 0.0020 40 7 99 40
car 0.0019 100 12 151 33
car 0.0019 162 37 199 58
car 0.0019 328 69 385 119
car 0.0019 9 19 47 45
car 0.0019 203 24 238 45
car 0.0017 471 37 502 120
car 0.0017 93 26 154 73
car 0.0017 25 -6 245 149
car 0.0016 429 93 510 181
car 0.0016 20 7 75 40
car 0.0015 434 33 504 123
car 0.0015 367 30 412 75
car 0.0015 245 24 273 50
car 0.0015 139 54 359 207
car 0.0015 298 35 336 57
car 0.0015 356 10 399 60
car 0.0014 389 98 515 146
car 0.0013 314 18 360 53
car 0.0013 120 35 167 58
car 0.0013 365 130 509 302
car 0.0012 446 28 495 45
car 0.0012 353 63 457 140
car 0.0012 480 19 501 54
car 0.0012 241 14 336 77
car 0.0011 -2 4 25 67
car 0.0011 -1 -11 22 110
car 0.0011 3 5 343 254
car 0.0011 338 8 369 40
car 0.0010 4 3 51 95
car 0.0010 318 61 400 130
car 0.0010 386 20 441 51
person 0.1519 364 43 390 78
person 0.0121 418 106 451 140
person 0.0103 9 9 42 34
person 0.0075 369 41 408 87
person 0.0071 0 5 22 37
person 0.0051 176 112 227 162
person 0.0040 259 121 295 182
person 0.0037 217 112 264 161
person 0.0036 241 112 278 191
person 0.0033 360 32 396 75
person 0.0015 195 113 242 160
person 0.0012 1 4 50 39
person 0.0011 355 41 395 112
person 0.0010 -2 -1 29 45
