bottle 0.0030 305 83 330 109
chair 0.0193 30 268 104 375
chair 0.0081 413 275 485 386
chair 0.0074 389 307 432 372
chair 0.0062 69 274 104 370
chair 0.0037 74 332 193 378
chair 0.0033 316 327 433 375
chair 0.0024 385 302 479 374
chair 0.0024 425 305 483 370
chair 0.0017 2 323 54 381
chair 0.0017 94 328 270 373
chair 0.0016 6 287 52 356
chair 0.0015 392 252 474 366
chair 0.0015 48 287 125 368
chair 0.0014 238 116 341 193
chair 0.0014 399 244 429 314
chair 0.0013 415 236 491 356
chair 0.0013 408 326 494 379
chair 0.0013 305 79 405 164
chair 0.0012 -6 293 64 383
chair 0.0012 231 95 345 167
chair 0.0011 403 331 461 376
chair 0.0011 80 348 246 380
chair 0.0010 197 82 381 229
chair 0.0010 37 308 95 369
person 0.5635 34 221 105 370
person 0.0493 52 215 89 344
person 0.0123 63 243 101 375
person 0.0060 387 -4 480 206
person 0.0042 379 13 447 127
person 0.0035 354 15 453 244
person 0.0035 83 82 415 350
person 0.0029 59 219 104 317
person 0.0028 382 -4 409 106
person 0.0027 323 100 485 333
person 0.0026 52 218 87 283
person 0.0019 386 60 497 315
person 0.0019 0 61 23 210
person 0.0010 415 17 442 168
pottedplant 0.3350 179 237 306 367
pottedplant 0.2506 110 253 185 366
pottedplant 0.1704 178 290 270 360
pottedplant 0.0716 318 267 396 382
pottedplant 0.0633 7 265 57 326
pottedplant 0.0632 161 184 267 365
pottedplant 0.0555 9 211 48 323
pottedplant 0.0456 210 311 265 366
pottedplant 0.0433 128 241 168 350
pottedplant 0.0376 317 167 410 381
pottedplant 0.0335 149 151 352 344
pottedplant 0.0334 208 224 352 378
pottedplant 0.0290 113 183 215 367
pottedplant 0.0252 180 216 249 335
pottedplant 0.0222 134 291 179 355
pottedplant 0.0208 91 148 181 344
pottedplant 0.0204 125 218 195 345
pottedplant 0.0197 29 231 63 331
pottedplant 0.0154 8 220 86 341
pottedplant 0.0143 123 285 202 361
pottedplant 0.0142 243 247 331 362
pottedplant 0.0133 -1 256 21 335
pottedplant 0.0108 331 210 401 343
pottedplant 0.0105 122 206 163 327
pottedplant 0.0081 353 266 394 354
pottedplant 0.0074 106 196 181 309
pottedplant 0.0070 -20 199 59 289
pottedplant 0.0065 126 166 167 252
pottedplant 0.0049 14 292 43 325
pottedplant 0.0042 175 298 227 349
pottedplant 0.0042 136 263 225 357
pottedplant 0.0038 283 250 366 355
pottedplant 0.0037 0 290 20 328
pottedplant 0.0036 -16 224 56 325
pottedplant 0.0036 375 217 403 290
pottedplant 0.0034 331 301 414 377
pottedplant 0.0034 37 200 133 360
pottedplant 0.0031 382 246 403 283
pottedplant 0.0031 236 313 279 363
pottedplant 0.0029 -2 259 60 359
pottedplant 0.0029 0 187 23 318
pottedplant 0.0028 110 298 254 381
pottedplant 0.0028 15 278 44 312
pottedplant 0.0027 379 247 406 373
pottedplant 0.0027 324 330 389 372
pottedplant 0.0026 226 308 330 370
pottedplant 0.0026 38 165 63 199
pottedplant 0.0024 336 253 381 367
pottedplant 0.0024 94 331 248 375
pottedplant 0.0024 209 284 309 363
pottedplant 0.0023 23 268 63 351
pottedplant 0.0023 34 263 57 297
pottedplant 0.0022 11 172 48 274
pottedplant 0.0021 142 210 223 323
pottedplant 0.0020 193 267 248 354
pottedplant 0.0020 177 245 226 347
pottedplant 0.0019 359 210 398 294
pottedplant 0.0018 32 157 70 208
pottedplant 0.0018 181 203 317 290
pottedplant 0.0018 212 256 265 335
pottedplant 0.0017 269 180 384 368
pottedplant 0.0017 -47 167 89 323
pottedplant 0.0016 201 310 240 338
pottedplant 0.0016 0 245 19 288
pottedplant 0.0015 330 240 383 322
pottedplant 0.0015 25 225 64 279
pottedplant 0.0015 187 323 290 381
pottedplant 0.0014 164 292 206 356
pottedplant 0.0014 22 205 102 286
pottedplant 0.0014 17 232 41 270
pottedplant 0.0013 0 260 18 300
pottedplant 0.0013 14 250 42 286
pottedplant 0.0012 32 234 58 266
pottedplant 0.0012 15 221 42 255
pottedplant 0.0012 106 230 149 335
pottedplant 0.0012 161 246 203 346
pottedplant 0.0011 287 293 366 374
pottedplant 0.0011 56 198 118 299
pottedplant 0.0011 -53 218 92 385
pottedplant 0.0011 131 276 159 312
pottedplant 0.0010 33 278 58 311
pottedplant 0.0010 33 251 59 283
pottedplant 0.0010 220 322 258 354
pottedplant 0.0010 51 169 80 196
pottedplant 0.0010 218 313 263 340
pottedplant 0.0010 110 272 143 348
tvmonitor 0.4479 282 -2 376 79
tvmonitor 0.0390 212 5 369 76
tvmonitor 0.0091 150 7 270 82
tvmonitor 0.0085 389 131 504 361
tvmonitor 0.0069 200 1 303 84
tvmonitor 0.0065 255 1 384 46
tvmonitor 0.0047 414 220 492 330
tvmonitor 0.0044 122 0 222 82
tvmonitor 0.0035 124 22 240 105
tvmonitor 0.0035 473 223 501 336
tvmonitor 0.0027 170 -15 332 108
tvmonitor 0.0025 173 44 219 113
tvmonitor 0.0024 297 9 370 57
tvmonitor 0.0022 271 35 381 98
tvmonitor 0.0021 195 37 302 108
tvmonitor 0.0018 259 10 410 88
tvmonitor 0.0012 435 188 505 307
tvmonitor 0.0012 97 -26 246 114
tvmonitor 0.0011 245 -35 409 74
tvmonitor 0.0010 237 1 287 70
tvmonitor 0.0010 272 2 329 65
