bicycle 0.0013 38 72 462 309
bird 0.0022 207 2 313 64
bird 0.0015 241 3 281 60
boat 0.0057 230 40 422 188
boat 0.0043 116 3 460 227
boat 0.0012 274 57 379 124
boat 0.0010 263 80 388 150
person 0.0267 388 127 436 169
person 0.0089 213 -2 266 17
person 0.0082 197 0 243 20
person 0.0055 177 0 228 18
person 0.0046 28 -10 395 342
person 0.0036 394 124 430 149
person 0.0032 432 29 518 253
person 0.0025 396 159 428 181
person 0.0024 370 136 422 180
person 0.0020 376 127 450 190
person 0.0018 397 53 485 278
person 0.0017 186 -2 310 36
person 0.0017 358 135 396 156
person 0.0016 209 -3 265 36
person 0.0015 377 132 408 158
person 0.0015 405 122 451 171
person 0.0014 270 0 325 13
person 0.0013 233 -2 284 14
person 0.0013 175 6 226 26
person 0.0010 156 0 207 16
pottedplant 0.1096 2 44 113 290
pottedplant 0.0192 11 126 168 310
pottedplant 0.0192 0 156 115 324
pottedplant 0.0192 227 28 348 89
pottedplant 0.0174 -13 16 282 316
pottedplant 0.0147 198 2 381 126
pottedplant 0.0132 16 23 169 258
pottedplant 0.0117 210 114 265 154
pottedplant 0.0085 207 121 239 146
pottedplant 0.0083 218 1 352 64
pottedplant 0.0077 274 8 316 53
pottedplant 0.0068 237 0 414 36
pottedplant 0.0066 -21 57 75 277
pottedplant 0.0064 11 247 93 341
pottedplant 0.0062 220 122 257 146
pottedplant 0.0062 175 20 321 158
pottedplant 0.0056 240 1 317 90
pottedplant 0.0054 202 28 294 100
pottedplant 0.0045 217 60 263 107
pottedplant 0.0038 226 82 256 107
pottedplant 0.0038 204 44 299 134
pottedplant 0.0037 280 16 310 42
pottedplant 0.0036 45 57 224 276
pottedplant 0.0026 14 110 94 223
pottedplant 0.0025 8 191 99 294
pottedplant 0.0025 -5 59 58 169
pottedplant 0.0024 -5 165 55 273
pottedplant 0.0021 -13 3 115 178
pottedplant 0.0021 271 25 374 94
pottedplant 0.0020 6 66 101 164
pottedplant 0.0017 67 161 140 262
pottedplant 0.0017 200 105 279 163
pottedplant 0.0017 235 56 343 122
pottedplant 0.0016 254 16 309 73
pottedplant 0.0014 -27 154 68 325
pottedplant 0.0014 169 -9 339 96
pottedplant 0.0014 -3 109 61 223
pottedplant 0.0013 0 226 45 324
pottedplant 0.0012 146 57 271 277
pottedplant 0.0012 135 -44 440 173
pottedplant 0.0012 242 83 271 108
pottedplant 0.0011 89 182 176 256
pottedplant 0.0011 -69 47 185 336
pottedplant 0.0011 219 81 258 137
pottedplant 0.0011 0 58 25 184
pottedplant 0.0011 55 118 135 216
pottedplant 0.0011 239 52 275 114
pottedplant 0.0010 199 59 242 107
pottedplant 0.0010 -9 249 61 335
pottedplant 0.0010 51 72 139 156
pottedplant 0.0010 275 31 316 81
pottedplant 0.0010 206 83 234 109
pottedplant 0.0010 299 48 332 70
train 0.0069 11 42 488 289
tvmonitor 0.0046 211 -8 384 24
tvmonitor 0.0042 207 1 390 38
