boat 0.0037 299 339 488 385
person 0.0070 380 283 408 354
person 0.0059 425 276 479 332
person 0.0047 412 275 492 359
person 0.0042 415 282 453 352
person 0.0034 396 284 428 353
person 0.0014 383 281 402 328
person 0.0010 418 298 447 332
person 0.0010 366 285 386 325
train 0.7925 67 80 509 363
train 0.0113 168 115 410 327
train 0.0090 -8 165 431 395
train 0.0068 -35 44 382 340
train 0.0019 94 125 329 318
train 0.0013 207 26 520 299
train 0.0011 149 184 351 373
train 0.0010 262 123 464 321
tvmonitor 0.0012 304 125 401 215
