car 0.9318 204 125 302 190
car 0.0444 203 135 272 182
car 0.0101 229 122 288 175
car 0.0081 0 133 19 163
car 0.0019 162 115 287 184
car 0.0017 215 147 262 169
car 0.0013 219 136 261 157
car 0.0013 213 113 301 160
car 0.0011 37 62 462 271
car 0.0010 0 142 20 173
cow 0.0219 364 259 422 288
cow 0.0019 362 256 467 292
dog 0.0033 343 258 444 291
person 0.8660 41 235 99 341
person 0.6722 3 245 50 328
person 0.0599 0 251 27 324
person 0.0481 6 235 84 338
person 0.0387 59 263 103 335
person 0.0375 25 236 60 315
person 0.0260 424 73 447 98
person 0.0181 15 234 48 294
person 0.0101 135 121 160 151
person 0.0065 52 241 119 309
person 0.0064 54 239 81 262
person 0.0057 142 122 175 149
person 0.0050 53 240 91 288
person 0.0044 34 245 57 277
person 0.0044 434 73 460 98
person 0.0037 53 269 83 305
person 0.0031 57 245 83 276
person 0.0031 18 244 43 277
person 0.0028 20 237 40 265
person 0.0026 11 269 42 306
person 0.0025 1 278 20 321
person 0.0020 67 268 100 303
person 0.0017 2 255 19 293
person 0.0016 350 0 399 13
person 0.0013 0 287 46 333
person 0.0012 -27 256 52 319
person 0.0010 35 255 56 292
sheep 0.0278 369 262 417 283
sheep 0.0030 381 263 439 282
