bottle 0.0037 304 14 334 71
bottle 0.0013 316 15 348 74
car 0.6268 26 131 473 303
car 0.0950 181 136 320 188
car 0.0308 157 142 408 254
car 0.0162 186 126 309 166
car 0.0140 222 127 261 145
car 0.0126 148 119 350 223
car 0.0108 186 135 220 156
car 0.0051 237 127 279 142
car 0.0044 192 129 254 161
car 0.0040 107 141 236 197
car 0.0034 231 141 360 180
car 0.0024 53 138 296 295
car 0.0016 231 136 283 154
car 0.0016 -23 68 293 316
car 0.0015 66 117 279 220
car 0.0015 258 124 298 141
car 0.0013 197 142 279 176
car 0.0013 200 159 371 225
car 0.0011 222 133 290 162
car 0.0011 181 129 226 162
car 0.0010 207 136 268 154
car 0.0010 275 126 319 142
chair 0.0011 390 28 433 87
person 0.0727 459 123 491 176
person 0.0491 457 125 492 218
person 0.0490 436 125 461 173
person 0.0461 402 134 423 164
person 0.0341 463 130 484 168
person 0.0323 423 138 442 176
person 0.0321 441 138 459 178
person 0.0215 469 126 500 171
person 0.0189 420 123 447 175
person 0.0146 420 133 445 207
person 0.0138 475 121 499 224
person 0.0128 0 64 22 202
person 0.0116 382 133 406 160
person 0.0105 403 129 429 192
person 0.0063 477 138 498 176
person 0.0051 477 120 498 152
person 0.0041 433 133 465 209
person 0.0040 -11 102 60 331
person 0.0025 441 119 461 155
person 0.0018 0 128 24 267
person 0.0016 424 119 444 154
person 0.0015 452 -4 499 43
person 0.0015 -4 75 122 260
person 0.0015 376 125 412 170
person 0.0013 434 110 467 163
pottedplant 0.0020 131 121 160 144
pottedplant 0.0010 251 35 304 75
train 0.0021 192 110 537 325
