bicycle 0.0010 -50 163 396 383
bottle 0.0020 65 266 101 355
bottle 0.0010 365 173 386 218
bus 0.0023 1 170 116 378
bus 0.0016 -5 243 64 322
bus 0.0011 65 167 112 219
car 0.0665 3 251 57 366
car 0.0249 5 286 89 374
car 0.0071 2 225 104 376
car 0.0070 24 267 64 355
car 0.0027 0 259 24 360
car 0.0017 0 307 56 370
car 0.0017 2 288 19 330
car 0.0013 77 153 123 209
car 0.0013 2 147 89 240
car 0.0012 0 303 26 373
chair 0.0161 269 272 390 326
chair 0.0112 401 167 489 268
chair 0.0081 378 175 411 236
chair 0.0066 365 174 453 258
chair 0.0057 365 191 387 224
chair 0.0056 448 175 497 266
chair 0.0051 402 258 495 361
chair 0.0048 387 193 432 248
chair 0.0039 275 249 398 311
chair 0.0036 385 169 433 223
chair 0.0032 223 268 355 327
chair 0.0024 415 239 447 266
chair 0.0023 362 166 394 223
chair 0.0021 397 250 429 275
chair 0.0021 239 288 283 325
chair 0.0020 385 210 499 273
chair 0.0019 384 205 409 238
chair 0.0017 205 274 447 386
chair 0.0016 474 266 502 296
chair 0.0016 301 204 504 342
chair 0.0016 321 243 490 303
chair 0.0015 407 226 453 276
chair 0.0015 186 272 315 331
chair 0.0014 357 165 511 321
chair 0.0013 325 270 485 343
chair 0.0013 257 296 396 357
chair 0.0013 284 258 315 279
chair 0.0013 290 259 342 277
chair 0.0012 369 234 423 273
chair 0.0012 272 286 329 328
chair 0.0011 229 278 286 317
diningtable 0.0109 383 290 498 367
diningtable 0.0101 373 237 517 363
diningtable 0.0036 288 270 519 383
diningtable 0.0015 262 249 463 353
diningtable 0.0010 359 246 505 314
person 0.0079 101 287 189 361
person 0.0062 472 208 500 297
person 0.0047 152 237 173 270
person 0.0047 359 195 514 354
person 0.0040 284 204 309 235
person 0.0036 476 234 499 270
person 0.0035 430 233 504 325
person 0.0035 472 243 500 317
person 0.0030 122 286 238 359
person 0.0029 423 150 448 179
person 0.0029 35 267 57 298
person 0.0029 476 177 500 266
person 0.0027 445 234 497 294
person 0.0027 455 240 489 266
person 0.0020 392 158 474 233
person 0.0015 13 168 39 193
person 0.0013 480 203 499 242
person 0.0012 1 163 22 197
person 0.0012 298 143 338 162
person 0.0011 124 229 169 280
person 0.0011 50 289 297 373
person 0.0011 298 199 334 224
person 0.0010 416 139 457 194
person 0.0010 225 206 253 242
person 0.0010 156 291 205 353
person 0.0010 131 237 158 270
person 0.0010 0 277 19 315
person 0.0010 1 229 26 334
pottedplant 0.0050 338 237 365 269
pottedplant 0.0033 326 235 353 270
pottedplant 0.0019 319 251 357 276
train 0.2919 75 140 347 243
train 0.0262 7 96 415 336
train 0.0225 270 142 365 217
train 0.0201 185 111 378 259
train 0.0117 71 147 179 215
train 0.0095 24 132 243 247
train 0.0089 188 137 308 239
train 0.0044 95 143 189 190
train 0.0044 68 153 276 223
train 0.0033 41 140 147 230
train 0.0033 101 36 474 280
train 0.0030 262 115 468 259
train 0.0022 251 87 402 229
train 0.0022 7 126 187 308
train 0.0019 -7 109 125 269
train 0.0017 137 131 284 195
train 0.0017 8 144 99 230
train 0.0014 -49 111 243 379
train 0.0014 80 166 122 219
train 0.0014 312 154 418 226
train 0.0012 96 153 155 206
train 0.0011 358 149 459 234
tvmonitor 0.0133 450 182 499 238
tvmonitor 0.0013 471 176 501 242
