bottle 0.0161 130 228 159 280
bottle 0.0023 172 111 218 163
bottle 0.0015 38 336 58 371
car 0.0012 384 333 500 376
chair 0.0097 27 274 91 380
chair 0.0069 265 302 406 377
chair 0.0045 435 356 508 375
chair 0.0037 455 292 496 383
chair 0.0037 46 284 142 374
chair 0.0035 236 273 489 378
chair 0.0029 395 291 499 370
chair 0.0022 451 278 499 340
chair 0.0022 225 293 354 371
chair 0.0017 87 228 118 304
chair 0.0016 181 326 320 383
chair 0.0015 391 253 494 352
chair 0.0014 444 331 500 376
chair 0.0012 436 248 509 357
chair 0.0011 327 293 474 367
chair 0.0011 184 205 390 343
chair 0.0011 221 244 354 303
chair 0.0010 318 187 359 254
diningtable 0.0195 232 240 495 366
diningtable 0.0088 103 272 398 384
diningtable 0.0058 38 227 461 375
person 0.0299 31 278 61 365
person 0.0044 18 276 50 367
person 0.0041 42 269 80 375
person 0.0029 37 278 57 316
tvmonitor 0.7324 200 100 309 272
tvmonitor 0.2374 78 22 182 78
tvmonitor 0.1770 317 182 358 234
tvmonitor 0.1134 100 91 234 284
tvmonitor 0.0916 205 24 311 73
tvmonitor 0.0386 160 96 269 278
tvmonitor 0.0381 196 18 379 65
tvmonitor 0.0225 210 168 313 251
tvmonitor 0.0188 227 129 326 245
tvmonitor 0.0089 64 110 205 320
tvmonitor 0.0087 176 119 242 252
tvmonitor 0.0063 113 63 385 311
tvmonitor 0.0053 128 123 216 244
tvmonitor 0.0032 97 122 181 252
tvmonitor 0.0015 187 -1 388 97
tvmonitor 0.0015 50 12 214 136
tvmonitor 0.0015 273 10 400 60
tvmonitor 0.0014 195 112 322 194
tvmonitor 0.0013 195 25 246 73
tvmonitor 0.0012 301 177 371 241
tvmonitor 0.0010 216 -1 378 47
