boat 0.0019 147 169 351 316
boat 0.0015 63 131 436 357
boat 0.0011 118 150 309 277
bottle 0.2275 -1 222 22 340
bottle 0.0165 67 169 110 281
bottle 0.0103 -2 190 22 288
bottle 0.0069 0 256 20 306
bottle 0.0038 -37 219 52 316
bottle 0.0031 240 258 283 307
bottle 0.0013 0 230 19 274
bottle 0.0010 157 273 263 328
bus 0.1214 123 23 453 293
car 0.0019 472 283 500 369
car 0.0010 348 272 462 339
chair 0.0085 -1 252 20 364
chair 0.0025 139 171 187 244
chair 0.0019 58 192 125 288
chair 0.0015 475 301 501 372
chair 0.0013 127 155 195 259
diningtable 0.0063 139 275 435 381
diningtable 0.0018 0 296 119 364
diningtable 0.0016 189 295 388 364
diningtable 0.0014 42 253 458 408
diningtable 0.0011 151 273 350 326
diningtable 0.0010 -34 264 150 388
person 0.4683 138 128 179 233
person 0.3106 180 117 250 213
person 0.2412 185 133 223 226
person 0.0411 181 135 266 250
person 0.0349 130 119 197 210
person 0.0217 143 128 218 232
person 0.0148 126 137 166 224
person 0.0120 160 138 198 220
person 0.0120 147 109 289 271
person 0.0100 333 183 377 237
person 0.0056 103 113 228 266
person 0.0053 379 192 404 229
person 0.0049 213 141 259 222
person 0.0044 194 117 242 186
person 0.0041 142 120 178 186
person 0.0040 343 189 368 229
person 0.0033 347 188 401 232
person 0.0032 182 168 220 244
person 0.0031 280 165 314 191
person 0.0028 278 174 324 244
person 0.0027 278 157 315 180
person 0.0027 113 106 181 230
person 0.0024 113 163 144 226
person 0.0021 202 121 291 202
person 0.0020 149 119 172 153
person 0.0019 260 161 292 224
person 0.0018 195 149 245 237
person 0.0016 341 182 368 210
person 0.0016 380 181 406 209
person 0.0016 150 132 173 167
person 0.0014 125 117 167 186
person 0.0013 156 58 342 257
person 0.0013 476 259 500 361
person 0.0013 115 163 138 194
person 0.0013 266 175 288 214
person 0.0011 299 167 331 192
person 0.0011 189 156 215 199
person 0.0010 359 181 388 209
person 0.0010 0 144 21 273
train 0.0068 -5 56 428 260
train 0.0010 178 31 473 284
tvmonitor 0.0029 63 165 123 279
tvmonitor 0.0019 90 140 251 279
tvmonitor 0.0017 122 161 210 259
tvmonitor 0.0011 275 127 440 301
