car 0.5931 24 108 432 286
car 0.0614 22 171 136 238
car 0.0275 85 116 372 233
car 0.0108 -12 60 399 229
car 0.0032 2 192 106 243
car 0.0020 94 119 273 156
car 0.0017 53 100 263 242
car 0.0017 23 142 218 258
car 0.0015 0 201 22 230
car 0.0015 22 167 100 217
car 0.0013 31 151 140 202
car 0.0013 22 -16 433 200
person 0.0010 216 129 256 148
tvmonitor 0.0192 346 -1 459 39
tvmonitor 0.0147 13 -4 158 37
tvmonitor 0.0131 59 -16 255 102
tvmonitor 0.0108 101 -6 212 44
tvmonitor 0.0043 310 0 445 63
tvmonitor 0.0025 4 -21 169 109
tvmonitor 0.0024 185 -19 410 103
tvmonitor 0.0021 37 -9 190 25
tvmonitor 0.0019 -5 -39 320 170
tvmonitor 0.0019 33 -2 137 68
tvmonitor 0.0017 171 11 284 74
tvmonitor 0.0015 129 -15 326 96
tvmonitor 0.0010 7 79 94 161
