bottle 0.0162 474 196 500 335
bottle 0.0081 437 161 507 384
bottle 0.0033 391 164 494 373
bottle 0.0032 454 203 497 328
bottle 0.0017 470 146 499 272
bottle 0.0015 449 330 497 378
car 0.0013 474 353 501 376
cat 0.0069 68 244 186 354
chair 0.0024 471 131 499 232
chair 0.0014 391 209 495 383
chair 0.0012 391 280 474 368
dog 0.2401 48 224 201 366
person 0.8556 127 6 448 368
person 0.3489 4 0 265 375
person 0.0271 -9 49 118 326
person 0.0222 190 40 386 333
person 0.0153 0 13 22 171
person 0.0134 13 38 171 276
person 0.0098 324 57 482 321
person 0.0053 7 123 178 373
person 0.0051 -58 14 174 360
person 0.0047 150 91 270 339
person 0.0043 7 -46 338 191
person 0.0030 -23 67 64 309
person 0.0024 -22 -19 71 165
person 0.0021 474 200 500 361
person 0.0020 234 11 344 83
person 0.0019 84 2 241 39
person 0.0017 0 167 21 307
person 0.0016 170 -7 309 51
person 0.0015 45 144 454 401
person 0.0014 288 45 434 272
person 0.0013 175 170 401 374
person 0.0012 65 61 279 261
person 0.0010 0 -18 113 219
tvmonitor 0.0082 0 58 24 184
tvmonitor 0.0040 -2 2 22 101
tvmonitor 0.0019 7 -1 87 73
tvmonitor 0.0012 -4 -3 66 104
