bird 0.0087 79 39 188 285
bird 0.0064 -16 5 285 320
bird 0.0035 127 128 166 185
bird 0.0030 228 5 501 320
bird 0.0029 210 115 280 215
bird 0.0024 194 96 300 281
bird 0.0023 82 116 165 195
bird 0.0019 284 49 447 276
bird 0.0018 181 121 256 211
bird 0.0016 100 125 146 186
bird 0.0014 155 70 270 256
bird 0.0011 28 23 167 255
bird 0.0011 56 88 113 123
person 0.0079 378 48 502 276
person 0.0044 426 28 511 248
person 0.0022 -1 51 117 274
person 0.0019 231 3 498 271
person 0.0012 327 40 480 237
person 0.0010 130 209 197 329
pottedplant 0.0032 189 2 463 273
pottedplant 0.0018 212 136 257 202
pottedplant 0.0014 237 44 415 236
