bicycle 0.0224 0 132 356 520
bird 0.0057 23 403 125 502
bird 0.0051 73 439 161 498
bird 0.0014 21 9 112 97
bird 0.0011 4 8 88 126
bottle 0.0018 115 87 192 175
bottle 0.0017 170 91 202 162
bottle 0.0014 85 27 217 243
bottle 0.0011 134 91 179 155
car 0.0546 9 36 346 463
chair 0.0038 267 178 352 473
chair 0.0018 283 337 348 466
chair 0.0012 227 286 350 509
diningtable 0.0023 52 1 358 343
diningtable 0.0015 15 182 285 544
motorbike 0.0020 20 151 281 501
person 0.0727 0 93 356 482
person 0.0092 -1 6 81 97
person 0.0041 269 108 351 467
person 0.0014 7 -2 89 61
person 0.0012 -1 3 46 136
person 0.0012 301 131 341 195
person 0.0012 1 -4 40 62
person 0.0012 208 34 271 175
person 0.0012 294 136 346 291
person 0.0011 302 108 375 393
person 0.0010 340 147 357 294
person 0.0010 291 117 356 209
pottedplant 0.0161 85 378 271 508
pottedplant 0.0106 128 400 229 497
pottedplant 0.0081 -7 334 143 485
pottedplant 0.0078 6 369 183 510
pottedplant 0.0077 277 391 355 491
pottedplant 0.0063 69 445 177 502
pottedplant 0.0063 225 19 351 250
pottedplant 0.0061 250 392 327 499
pottedplant 0.0052 168 -15 298 213
pottedplant 0.0049 121 442 237 504
pottedplant 0.0042 113 -69 352 261
pottedplant 0.0040 190 436 278 508
pottedplant 0.0040 201 38 266 160
pottedplant 0.0040 25 346 109 459
pottedplant 0.0038 127 -32 284 147
pottedplant 0.0035 -6 257 362 548
pottedplant 0.0035 251 71 325 196
pottedplant 0.0035 193 -39 329 158
pottedplant 0.0035 5 381 73 502
pottedplant 0.0032 183 362 336 516
pottedplant 0.0032 53 -4 193 200
pottedplant 0.0030 226 33 296 156
pottedplant 0.0027 166 6 243 109
pottedplant 0.0027 191 -20 274 63
pottedplant 0.0026 290 31 347 158
pottedplant 0.0026 -13 346 93 534
pottedplant 0.0026 79 -1 166 116
pottedplant 0.0025 164 442 256 498
pottedplant 0.0023 5 342 77 462
pottedplant 0.0023 196 81 265 190
pottedplant 0.0022 167 36 241 153
pottedplant 0.0021 39 398 148 496
pottedplant 0.0021 61 320 240 493
pottedplant 0.0019 198 3 269 111
pottedplant 0.0019 24 333 109 404
pottedplant 0.0018 80 -6 166 57
pottedplant 0.0018 253 354 378 521
pottedplant 0.0017 77 -28 224 148
pottedplant 0.0017 20 442 115 508
pottedplant 0.0017 45 356 143 466
pottedplant 0.0016 213 393 307 500
pottedplant 0.0016 -3 359 47 502
pottedplant 0.0015 272 47 362 308
pottedplant 0.0014 107 6 194 108
pottedplant 0.0013 248 -12 326 66
pottedplant 0.0013 85 39 161 151
pottedplant 0.0013 313 35 369 157
pottedplant 0.0013 113 38 190 148
pottedplant 0.0013 134 -18 220 63
pottedplant 0.0012 225 83 298 190
pottedplant 0.0012 266 -10 366 205
pottedplant 0.0012 256 -2 321 115
pottedplant 0.0012 143 38 211 148
pottedplant 0.0011 277 4 355 107
pottedplant 0.0010 282 71 348 194
pottedplant 0.0010 24 -42 277 312
pottedplant 0.0010 188 445 234 498
pottedplant 0.0010 60 407 241 544
