aeroplane 0.0016 1 18 21 51
boat 0.0046 0 45 50 88
boat 0.0017 7 54 43 82
boat 0.0014 0 8 26 93
chair 0.0021 259 141 301 160
person 0.0011 0 6 21 41
pottedplant 0.0306 8 63 44 88
pottedplant 0.0257 70 -2 145 103
pottedplant 0.0247 90 25 172 117
pottedplant 0.0134 0 57 51 95
pottedplant 0.0092 -3 38 33 93
pottedplant 0.0088 87 2 182 87
pottedplant 0.0084 0 63 27 92
pottedplant 0.0074 68 -2 195 150
pottedplant 0.0048 75 37 130 90
pottedplant 0.0046 0 51 25 84
pottedplant 0.0041 127 36 219 116
pottedplant 0.0028 125 1 220 81
pottedplant 0.0019 70 55 105 79
pottedplant 0.0017 72 66 104 88
pottedplant 0.0014 24 -31 170 116
pottedplant 0.0011 94 -31 251 119
pottedplant 0.0010 115 18 169 82
tvmonitor 0.5153 340 61 444 154
tvmonitor 0.2939 123 89 304 154
tvmonitor 0.0295 193 100 303 160
tvmonitor 0.0272 24 87 106 170
tvmonitor 0.0062 231 88 320 159
tvmonitor 0.0052 149 79 269 142
tvmonitor 0.0049 113 87 214 162
tvmonitor 0.0039 87 79 273 179
tvmonitor 0.0037 329 46 466 202
tvmonitor 0.0029 362 75 424 140
tvmonitor 0.0028 38 94 142 159
tvmonitor 0.0016 80 101 198 155
tvmonitor 0.0015 6 60 116 206
tvmonitor 0.0014 149 97 215 151
tvmonitor 0.0014 227 96 289 146
tvmonitor 0.0012 5 70 130 147
