bottle 0.0061 104 193 172 294
bottle 0.0036 174 292 202 377
bottle 0.0033 83 394 107 501
bottle 0.0032 86 288 121 347
bottle 0.0020 34 302 52 333
bottle 0.0014 85 394 121 477
bottle 0.0013 52 225 79 336
bottle 0.0013 52 410 81 488
bottle 0.0011 166 279 194 355
bottle 0.0011 41 204 91 359
bottle 0.0010 34 318 53 354
bottle 0.0010 187 367 219 455
chair 0.0620 0 300 76 502
chair 0.0088 6 394 79 507
chair 0.0072 -3 317 64 432
chair 0.0068 0 320 33 428
chair 0.0068 0 344 40 520
chair 0.0058 0 353 15 510
chair 0.0034 243 201 315 525
chair 0.0027 50 394 129 497
chair 0.0026 37 158 90 263
chair 0.0023 29 220 84 353
chair 0.0021 20 162 99 412
chair 0.0020 0 400 31 503
chair 0.0017 -9 361 132 502
chair 0.0014 51 195 120 290
chair 0.0013 -4 432 68 503
chair 0.0012 25 339 91 471
chair 0.0011 41 319 130 412
diningtable 0.0157 62 282 357 522
diningtable 0.0070 45 365 226 507
diningtable 0.0034 122 355 297 511
diningtable 0.0011 139 398 231 494
person 0.7435 162 45 306 455
person 0.0922 75 185 200 395
person 0.0887 210 119 308 525
person 0.0168 86 266 234 462
person 0.0104 52 115 318 461
person 0.0045 195 82 323 339
person 0.0039 155 345 314 519
person 0.0023 96 213 175 353
person 0.0023 212 295 311 501
person 0.0022 9 290 262 512
person 0.0019 86 272 187 381
person 0.0014 79 394 128 503
person 0.0013 -6 188 84 464
person 0.0013 238 114 319 391
person 0.0012 85 291 101 337
person 0.0012 -12 249 43 484
person 0.0011 40 261 180 465
person 0.0011 43 159 178 340
person 0.0011 103 133 218 365
pottedplant 0.0011 50 166 120 263
tvmonitor 0.0047 16 221 64 351
