bottle 0.0013 303 207 320 243
chair 0.0020 0 158 38 229
person 0.9221 4 39 78 234
person 0.9183 102 42 162 236
person 0.8888 225 68 307 240
person 0.7963 59 35 118 242
person 0.7756 167 73 243 234
person 0.2640 263 43 314 88
person 0.2198 277 48 324 228
person 0.0807 208 55 228 102
person 0.0708 124 38 185 241
person 0.0572 280 35 320 99
person 0.0434 226 54 249 99
person 0.0429 -9 48 46 230
person 0.0384 76 33 142 210
person 0.0353 266 46 316 132
person 0.0333 43 43 177 234
person 0.0324 304 44 319 149
person 0.0297 220 94 236 116
person 0.0268 213 48 236 93
person 0.0263 217 89 241 124
person 0.0251 188 45 328 231
person 0.0204 280 62 319 150
person 0.0176 244 50 258 72
person 0.0139 230 56 280 112
person 0.0137 67 42 106 126
person 0.0111 182 70 282 205
person 0.0098 85 31 234 246
person 0.0096 302 80 320 185
person 0.0091 261 30 311 70
person 0.0086 73 34 114 67
person 0.0086 265 43 285 91
person 0.0075 272 49 306 106
person 0.0067 262 45 293 75
person 0.0065 179 60 237 108
person 0.0064 219 103 236 125
person 0.0063 305 44 320 93
person 0.0060 108 95 156 182
person 0.0056 -31 29 105 211
person 0.0055 307 64 320 90
person 0.0050 115 47 166 128
person 0.0050 232 51 250 71
person 0.0047 240 46 263 77
person 0.0039 216 53 262 101
person 0.0035 -6 70 130 241
person 0.0033 305 125 320 215
person 0.0031 10 43 102 165
person 0.0030 290 83 317 165
person 0.0027 220 85 236 108
person 0.0027 307 55 319 82
person 0.0026 58 45 113 91
person 0.0026 279 43 322 75
person 0.0024 237 60 268 98
person 0.0024 210 49 222 72
person 0.0023 229 37 287 94
person 0.0023 230 63 247 90
person 0.0023 59 87 75 107
person 0.0022 210 54 223 83
person 0.0020 307 82 320 110
person 0.0020 231 55 249 80
person 0.0019 267 78 312 161
person 0.0019 0 117 14 204
person 0.0019 110 108 203 234
person 0.0018 306 73 320 99
person 0.0017 156 61 223 182
person 0.0016 211 73 261 129
person 0.0016 6 98 74 175
person 0.0016 165 48 247 157
person 0.0016 240 118 287 194
person 0.0015 -2 28 74 139
person 0.0015 142 46 275 231
person 0.0014 279 113 321 197
person 0.0014 268 55 283 81
person 0.0014 230 46 255 76
person 0.0013 203 44 252 97
person 0.0013 305 157 320 255
person 0.0013 68 96 111 182
person 0.0013 219 50 234 70
person 0.0012 64 70 119 141
person 0.0011 216 54 299 154
person 0.0011 250 29 322 108
person 0.0011 214 61 242 110
person 0.0011 224 79 248 130
person 0.0010 -1 48 14 126
person 0.0010 106 39 163 90
person 0.0010 7 49 68 114
person 0.0010 230 74 245 98
person 0.0010 273 67 303 125
