bottle 0.0015 341 125 412 161
bottle 0.0013 354 117 425 155
car 0.0030 57 0 114 12
car 0.0017 346 116 460 162
car 0.0013 77 0 133 12
motorbike 0.6676 73 73 348 307
motorbike 0.1268 47 140 296 334
motorbike 0.0048 213 98 361 284
motorbike 0.0021 11 174 180 305
motorbike 0.0014 248 146 322 235
motorbike 0.0010 110 179 237 254
person 0.4998 53 29 293 302
person 0.1810 112 50 307 224
person 0.0149 221 52 293 137
person 0.0106 125 40 300 153
person 0.0032 238 44 290 95
person 0.0031 62 86 207 294
person 0.0019 93 26 404 255
person 0.0014 155 70 250 170
person 0.0011 121 148 223 234
pottedplant 0.0090 344 114 409 158
pottedplant 0.0021 306 118 431 160
