cat 0.0048 259 104 376 190
cat 0.0014 196 6 317 82
cat 0.0011 203 23 312 117
chair 0.0046 236 311 334 400
chair 0.0041 191 311 309 397
chair 0.0016 105 248 319 384
chair 0.0014 151 290 345 411
chair 0.0011 238 280 340 370
chair 0.0010 -11 117 56 219
chair 0.0010 208 31 312 135
person 0.8203 292 117 452 405
person 0.7959 15 64 252 397
person 0.5211 177 112 319 290
person 0.3035 126 125 291 401
person 0.0284 125 73 209 159
person 0.0182 198 113 294 223
person 0.0158 91 144 406 377
person 0.0151 206 100 364 358
person 0.0112 224 158 505 423
person 0.0095 -6 95 65 366
person 0.0053 314 110 488 290
person 0.0052 -14 110 125 350
person 0.0047 209 12 311 125
person 0.0044 252 172 406 409
person 0.0039 171 114 253 225
person 0.0037 18 86 182 259
person 0.0034 147 92 281 258
person 0.0032 19 99 170 170
person 0.0028 149 186 272 281
person 0.0026 237 109 417 292
person 0.0026 67 82 200 142
person 0.0023 200 198 301 317
person 0.0023 -1 135 22 309
person 0.0022 238 104 339 184
person 0.0022 269 114 375 183
person 0.0019 32 353 138 397
person 0.0016 8 81 110 147
person 0.0016 154 95 211 164
person 0.0015 84 98 260 299
person 0.0015 202 65 377 217
person 0.0012 148 246 274 340
person 0.0011 -3 167 59 296
person 0.0011 239 140 335 260
person 0.0010 -9 62 133 217
person 0.0010 307 111 422 177
pottedplant 0.0063 218 -6 304 113
pottedplant 0.0019 228 8 296 63
