bottle 0.0031 263 325 300 376
bottle 0.0010 384 190 411 259
car 0.1346 0 81 119 241
car 0.0180 178 69 309 300
car 0.0040 210 64 372 305
chair 0.0091 16 155 123 231
chair 0.0053 435 235 506 302
chair 0.0038 43 168 125 262
chair 0.0038 200 105 308 322
chair 0.0037 29 119 105 250
chair 0.0028 59 196 114 249
chair 0.0019 474 230 501 303
chair 0.0013 58 164 113 225
chair 0.0012 29 133 158 294
person 0.7352 282 56 426 312
person 0.7092 102 94 191 332
person 0.1832 402 215 428 288
person 0.0210 194 11 461 306
person 0.0074 269 132 400 359
person 0.0073 403 217 424 261
person 0.0043 130 140 193 293
person 0.0036 473 208 500 296
person 0.0028 336 72 462 301
person 0.0023 38 87 307 346
person 0.0023 24 106 156 269
person 0.0016 114 64 215 264
person 0.0016 112 118 175 258
person 0.0015 258 42 402 224
person 0.0013 479 176 500 273
person 0.0013 406 242 427 290
person 0.0011 109 173 177 315
person 0.0011 481 218 500 255
person 0.0011 298 102 415 213
person 0.0010 426 52 514 268
person 0.0010 393 125 425 263
pottedplant 0.0041 344 339 373 364
train 0.0050 3 80 184 245
tvmonitor 0.3555 199 81 293 176
tvmonitor 0.0370 190 70 306 248
tvmonitor 0.0195 434 83 505 173
tvmonitor 0.0056 456 62 497 183
tvmonitor 0.0026 193 113 324 187
tvmonitor 0.0020 408 174 497 273
tvmonitor 0.0020 175 113 258 201
tvmonitor 0.0012 -16 67 145 206
